{
    "animation": [
        {
            "name": "Root",
            "time": [0.0, 0.05, 0.1667, 0.35, 0.5, 0.7],
            "transform": [
                [1.0, 0.0, 0.0, -5e-06, 0.0, 0.137241, -0.990538, 0.000946, 0.0, 0.990538, 0.137241, 0.547782, 0.0, 0.0, 0.0, 1.0],
                [1.0, 0.0, 0.0, -5e-06, 0.0, 0.17361, -0.984815, -0.004985, 0.0, 0.984815, 0.17361, 0.555101, 0.0, 0.0, 0.0, 1.0],
                [1.0, 0.0, 0.0, -5e-06, 0.0, 0.303364, -0.952875, 0.000946, 0.0, 0.952875, 0.303364, 0.737448, 0.0, 0.0, 0.0, 1.0],
                [1.0, 0.0, 0.0, -5e-06, 0.0, 0.326675, -0.945137, 0.000946, 0.0, 0.945137, 0.326675, 0.737448, 0.0, 0.0, 0.0, 1.0],
                [1.0, 0.0, 0.0, -5e-06, 0.0, 0.326594, -0.945165, 0.000946, 0.0, 0.945165, 0.326594, 0.737448, 0.0, 0.0, 0.0, 1.0],
                [1.0, 0.0, 0.0, -5e-06, 0.0, -0.001254, -0.999999, 0.000946, 0.0, 0.999999, -0.001254, 0.737448, 0.0, 0.0, 0.0, 1.0]
            ]
        },
        {
            "name": "Thigh_R",
            "time": [0.0, 0.05, 0.1667, 0.35, 0.5, 0.7],
            "transform": [
                [0.991439, 0.116803, 0.058354, 0.124994, 0.075218, -0.876244, 0.475959, -0.002831, 0.106726, -0.467494, -0.87753, -1.2e-05, 0.0, 0.0, 0.0, 1.0],
                [0.995355, 0.094428, 0.018745, 0.124994, 0.061397, -0.772611, 0.631903, -0.002831, 0.074152, -0.627816, -0.774821, -1.2e-05, 0.0, 0.0, 0.0, 1.0],
                [0.995249, 0.093928, 0.025619, 0.124994, -0.007727, -0.186101, 0.982501, -0.002831, 0.097052, -0.978029, -0.184491, -1.2e-05, 0.0, 0.0, 0.0, 1.0],
                [0.991291, 0.091437, 0.094767, 0.124994, -0.104414, 0.10724, 0.988736, -0.002831, 0.080245, -0.990018, 0.115854, -1.2e-05, 0.0, 0.0, 0.0, 1.0],
                [0.990328, 0.057393, 0.126312, 0.124994, -0.097251, -0.36215, 0.927033, -0.002831, 0.09895, -0.930349, -0.353067, -1.2e-05, 0.0, 0.0, 0.0, 1.0],
                [0.989733, 0.051796, 0.133214, 0.124994, -0.017418, -0.88137, 0.472104, -0.002831, 0.141864, -0.469576, -0.87142, -1.2e-05, 0.0, 0.0, 0.0, 1.0]
            ]
        },
        {
            "name": "Leg_R",
            "time": [0.0, 0.05, 0.1667, 0.35, 0.5, 0.7],
            "transform": [
                [1.0, -1e-06, 0.0, -0.0, -0.0, 0.133119, 0.991099, 0.374726, -1e-06, -0.991101, 0.133118, 0.0, 0.0, 0.0, 0.0, 1.0],
                [1.0, -1e-06, 0.0, -0.0, -0.0, -0.01255, 0.99992, 0.374726, -1e-06, -0.999922, -0.01255, -0.0, 0.0, 0.0, 0.0, 1.0],
                [1.0, -1e-06, 0.0, -0.0, -0.0, 0.065328, 0.997863, 0.374726, -1e-06, -0.997864, 0.065328, 0.0, 0.0, 0.0, 0.0, 1.0],
                [1.0, -1e-06, 1e-06, -0.0, -0.0, 0.624335, 0.781158, 0.374726, -1e-06, -0.781159, 0.624331, 0.0, 0.0, 0.0, 0.0, 1.0],
                [1.0, -0.0, 1e-06, -0.0, -0.0, 0.954423, 0.298463, 0.374726, -1e-06, -0.298464, 0.954418, -0.0, 0.0, 0.0, 0.0, 1.0],
                [1.0, -0.0, 1e-06, -0.0, -0.0, 0.977712, 0.209963, 0.374726, -1e-06, -0.209963, 0.977706, 0.0, 0.0, 0.0, 0.0, 1.0]
            ]
        },
        {
            "name": "Knee_R",
            "time": [0.0, 0.7],
            "transform": [
                [1.0, 0.0, -0.0, -0.0, -0.0, 0.00567, -0.999984, 0.469509, -0.0, 0.999984, 0.00567, -0.000537, 0.0, 0.0, 0.0, 1.0],
                [1.0, 0.0, -0.0, 0.0, -0.0, 0.00567, -0.999984, 0.374726, -0.0, 0.999984, 0.00567, -0.0, 0.0, 0.0, 0.0, 1.0]
            ]
        },
        {
            "name": "Thigh_L",
            "time": [0.0, 0.05, 0.1333, 0.1667, 0.2, 0.35, 0.7],
            "transform": [
                [0.996785, -0.078275, 0.017102, -0.125006, -0.039896, -0.299803, 0.953166, -0.002831, -0.069482, -0.950784, -0.301962, -1.2e-05, 0.0, 0.0, 0.0, 1.0],
                [0.995612, -0.093565, -0.00153, -0.125006, -0.051537, -0.561906, 0.825594, -0.002831, -0.078106, -0.821892, -0.564262, -1.2e-05, 0.0, 0.0, 0.0, 1.0],
                [0.998037, -0.061102, -0.013715, -0.125006, -0.052548, -0.936276, 0.347311, -0.002831, -0.034063, -0.345909, -0.93765, -1.2e-05, 0.0, 0.0, 0.0, 1.0],
                [0.99849, -0.053901, -0.010545, -0.125006, -0.050654, -0.977955, 0.202578, -0.002831, -0.021231, -0.201737, -0.979209, -1.2e-05, 0.0, 0.0, 0.0, 1.0],
                [0.998316, -0.055542, -0.016694, -0.125006, -0.05304, -0.990789, 0.124589, -0.002831, -0.02346, -0.123494, -0.992068, -1.2e-05, 0.0, 0.0, 0.0, 1.0],
                [0.997736, -0.052907, -0.041515, -0.125006, -0.060536, -0.975446, -0.211752, -0.002831, -0.029292, 0.213786, -0.976441, -1.2e-05, 0.0, 0.0, 0.0, 1.0],
                [0.998715, -0.049073, -0.012637, -0.125006, -0.050534, -0.982991, -0.176559, -0.002831, -0.003758, 0.176971, -0.984209, -1.2e-05, 0.0, 0.0, 0.0, 1.0]
            ]
        },
        {
            "name": "Leg_L",
            "time": [0.0, 0.05, 0.1333, 0.1667, 0.2, 0.35, 0.7],
            "transform": [
                [1.0, -1e-06, 0.0, -0.0, -0.0, -0.079243, 0.996856, 0.374726, -1e-06, -0.996855, -0.079242, -0.0, 0.0, 0.0, 0.0, 1.0],
                [1.0, -1e-06, 0.0, 0.0, -0.0, -0.031036, 0.999518, 0.374726, -1e-06, -0.999518, -0.031036, 0.0, 0.0, 0.0, 0.0, 1.0],
                [1.0, -1e-06, 1e-06, -0.0, -0.0, 0.63224, 0.774773, 0.374726, -1e-06, -0.774772, 0.63224, -0.0, 0.0, 0.0, 0.0, 1.0],
                [1.0, -0.0, 1e-06, 0.0, -0.0, 0.776357, 0.630294, 0.374726, -1e-06, -0.630294, 0.776357, -0.0, 0.0, 0.0, 0.0, 1.0],
                [1.0, -0.0, 1e-06, -0.0, -0.0, 0.788931, 0.614482, 0.374726, -1e-06, -0.614482, 0.788931, 0.0, 0.0, 0.0, 0.0, 1.0],
                [1.0, -0.0, 1e-06, 0.0, -0.0, 0.943683, 0.33085, 0.374726, -1e-06, -0.33085, 0.943683, -0.0, 0.0, 0.0, 0.0, 1.0],
                [1.0, -0.0, 1e-06, 0.0, -0.0, 0.91785, 0.396929, 0.374726, -1e-06, -0.396929, 0.917849, -0.0, 0.0, 0.0, 0.0, 1.0]
            ]
        },
        {
            "name": "Knee_L",
            "time": [0.0, 0.7],
            "transform": [
                [1.0, 0.0, -0.0, 0.0, -0.0, 0.00567, -0.999984, 0.484724, -0.0, 0.999984, 0.00567, -0.000624, 0.0, 0.0, 0.0, 1.0],
                [1.0, 0.0, -0.0, 0.0, -0.0, 0.00567, -0.999984, 0.374726, -0.0, 0.999984, 0.00567, -0.0, 0.0, 0.0, 0.0, 1.0]
            ]
        },
        {
            "name": "Torso",
            "time": [0.0, 0.05, 0.35, 0.7],
            "transform": [
                [1.0, -0.0, -0.0, 0.0, 0.0, 0.995196, 0.097906, 0.05, 0.0, -0.097906, 0.995196, 0.0, 0.0, 0.0, 0.0, 1.0],
                [1.0, 0.0, 0.0, 0.0, 0.0, 1.0, 0.0, 0.05, 0.0, 0.0, 1.0, -0.0, 0.0, 0.0, 0.0, 1.0],
                [1.0, 0.0, 0.0, 0.0, 0.0, 1.0, 0.0, 0.05, 0.0, 0.0, 1.0, -0.0, 0.0, 0.0, 0.0, 1.0],
                [1.0, 0.0, 0.0, 0.0, 0.0, 1.0, -0.0, 0.05, 0.0, 0.0, 1.0, 0.0, 0.0, 0.0, 0.0, 1.0]
            ]
        },
        {
            "name": "Chest",
            "time": [0.0, 0.05, 0.1667, 0.35, 0.5, 0.7],
            "transform": [
                [1.0, -0.0, -0.0, 0.0, 0.0, 0.844059, 0.536251, 0.3, -0.0, -0.536251, 0.844059, 0.0, 0.0, 0.0, 0.0, 1.0],
                [1.0, 0.0, 0.0, 0.0, 0.0, 0.971064, 0.238818, 0.3, 0.0, -0.238818, 0.971065, 0.0, 0.0, 0.0, 0.0, 1.0],
                [1.0, 0.0, 0.0, 0.0, 0.0, 0.977471, -0.211069, 0.3, 0.0, 0.211069, 0.977471, 0.0, 0.0, 0.0, 0.0, 1.0],
                [1.0, 0.0, 0.0, 0.0, 0.0, 0.985627, -0.168936, 0.3, 0.0, 0.168936, 0.985627, -0.0, 0.0, 0.0, 0.0, 1.0],
                [1.0, 0.0, 0.0, 0.0, 0.0, 0.992616, -0.121294, 0.3, 0.0, 0.121294, 0.992617, -0.0, 0.0, 0.0, 0.0, 1.0],
                [1.0, 0.0, 0.0, 0.0, 0.0, 0.999751, 0.022324, 0.3, 0.0, -0.022324, 0.999751, -0.0, 0.0, 0.0, 0.0, 1.0]
            ]
        },
        {
            "name": "Head",
            "time": [0.0, 0.05, 0.0833, 0.1333, 0.35, 0.7],
            "transform": [
                [1.0, 0.0, -0.0, 0.0, -0.0, 0.710684, -0.703511, 0.4, -0.0, 0.703511, 0.710684, -0.0, 0.0, 0.0, 0.0, 1.0],
                [1.0, 0.0, 0.0, 0.0, 0.0, 0.962418, -0.271572, 0.4, 0.0, 0.271572, 0.962418, -0.0, 0.0, 0.0, 0.0, 1.0],
                [1.0, 0.0, 0.0, 0.0, 0.0, 0.984823, -0.173561, 0.4, 0.0, 0.173561, 0.984823, 0.0, 0.0, 0.0, 0.0, 1.0],
                [1.0, 0.0, 0.0, 0.0, 0.0, 0.956411, -0.292024, 0.4, 0.0, 0.292024, 0.956411, -0.0, 0.0, 0.0, 0.0, 1.0],
                [1.0, 0.0, 0.0, 0.0, 0.0, 0.915731, -0.401791, 0.4, 0.0, 0.401791, 0.915731, -0.0, 0.0, 0.0, 0.0, 1.0],
                [1.0, 0.0, 0.0, 0.0, 0.0, 0.999997, -0.002295, 0.4, 0.0, 0.002295, 0.999997, 0.0, 0.0, 0.0, 0.0, 1.0]
            ]
        },
        {
            "name": "Shoulder_R",
            "time": [0.0, 0.05, 0.35, 0.7],
            "transform": [
                [0.104401, 0.965883, 0.237001, 0.0, 0.003651, -0.238673, 0.971093, 0.4, 0.994528, -0.100518, -0.028444, -0.0, 0.0, 0.0, 0.0, 1.0],
                [0.104401, 0.965883, 0.237001, 0.0, 0.003651, -0.238673, 0.971093, 0.4, 0.994528, -0.100518, -0.028444, -0.0, 0.0, 0.0, 0.0, 1.0],
                [0.104401, 0.965883, 0.237001, 0.0, 0.003651, -0.238673, 0.971093, 0.4, 0.994528, -0.100518, -0.028444, -0.0, 0.0, 0.0, 0.0, 1.0],
                [0.0, 0.952114, 0.305743, 0.0, 0.0, -0.305743, 0.952114, 0.4, 1.0, 0.0, -0.0, 0.0, 0.0, 0.0, 0.0, 1.0]
            ]
        },
        {
            "name": "Arm_R",
            "time": [0.0, 0.05, 0.1333, 0.2, 0.35, 0.7],
            "transform": [
                [0.098647, -0.791746, -0.602833, -0.0, 0.696292, 0.487712, -0.526607, 0.39386, 0.710948, -0.3678, 0.599397, 0.0, 0.0, 0.0, 0.0, 1.0],
                [0.146863, -0.871958, -0.467034, -0.0, 0.855908, 0.348699, -0.381877, 0.393861, 0.495835, -0.343655, 0.797527, 0.0, 0.0, 0.0, 0.0, 1.0],
                [0.427346, -0.794581, 0.431296, -0.0, 0.74196, 0.035645, -0.669496, 0.393861, 0.516595, 0.606111, 0.604781, -0.0, 0.0, 0.0, 0.0, 1.0],
                [0.58171, -0.589723, 0.560215, 0.0, 0.687201, -0.012157, -0.726365, 0.393861, 0.435165, 0.807514, 0.398187, 0.0, 0.0, 0.0, 0.0, 1.0],
                [0.517275, -0.313663, 0.796268, 0.0, 0.811832, -0.114611, -0.572533, 0.393861, 0.270844, 0.942592, 0.195357, 0.0, 0.0, 0.0, 0.0, 1.0],
                [0.020887, -0.098132, -0.994954, -0.0, 0.788643, 0.61328, -0.043931, 0.393861, 0.614496, -0.783746, 0.090201, 0.0, 0.0, 0.0, 0.0, 1.0]
            ]
        },
        {
            "name": "Hand_R",
            "time": [0.0, 0.05, 0.1333, 0.2, 0.35, 0.7],
            "transform": [
                [1.0, -3e-06, 2e-06, 0.0, 3e-06, 0.584621, -0.811307, 0.300003, 1e-06, 0.811307, 0.584621, 0.0, 0.0, 0.0, 0.0, 1.0],
                [1.0, 3e-06, -2e-06, 0.0, -3e-06, 0.39422, -0.919016, 0.300003, -2e-06, 0.919016, 0.39422, -0.0, 0.0, 0.0, 0.0, 1.0],
                [1.0, -0.0, 0.0, -0.0, -0.0, 0.995888, -0.090598, 0.300003, -0.0, 0.090598, 0.995888, 0.0, 0.0, 0.0, 0.0, 1.0],
                [1.0, 0.0, 0.0, 0.0, 0.0, 1.0, -0.000995, 0.300002, -0.0, 0.000995, 1.0, -0.0, 0.0, 0.0, 0.0, 1.0],
                [1.0, -0.0, -0.0, 0.0, 0.0, 0.998981, -0.045138, 0.300003, -0.0, 0.045138, 0.998981, 0.0, 0.0, 0.0, 0.0, 1.0],
                [1.0, 0.0, 0.0, -0.0, 0.0, 0.981657, -0.190654, 0.300003, 0.0, 0.190654, 0.981658, -0.0, 0.0, 0.0, 0.0, 1.0]
            ]
        },
        {
            "name": "Tool_R",
            "time": [0.0, 0.7],
            "transform": [
                [1.0, 0.0, 0.0, 0.0, 0.0, -0.999559, -0.029689, 0.271711, 0.0, 0.029689, -0.99956, -0.028915, 0.0, 0.0, 0.0, 1.0],
                [1.0, -0.0, 0.0, -0.0, 0.0, -0.999559, -0.029689, 0.271711, 0.0, 0.029689, -0.99956, -0.028915, 0.0, 0.0, 0.0, 1.0]
            ]
        },
        {
            "name": "Elbow_R",
            "time": [0.0, 0.7],
            "transform": [
                [-1.0, 0.0, 0.0, -0.0, 0.0, 0.003946, -0.999992, 0.387884, -0.0, -0.999992, -0.003946, -0.000906, 0.0, 0.0, 0.0, 1.0],
                [-1.0, 0.0, -0.0, 0.0, -0.0, 0.003946, -0.999992, 0.317174, -0.0, -0.999992, -0.003946, -0.001185, 0.0, 0.0, 0.0, 1.0]
            ]
        },
        {
            "name": "Shoulder_L",
            "time": [0.0, 0.05, 0.35, 0.7],
            "transform": [
                [0.104401, -0.965883, -0.237001, 0.0, -0.003651, -0.238674, 0.971093, 0.4, -0.994529, -0.100518, -0.028444, -0.0, 0.0, 0.0, 0.0, 1.0],
                [0.104401, -0.965883, -0.237001, 0.0, -0.003651, -0.238674, 0.971093, 0.4, -0.994529, -0.100518, -0.028444, -0.0, 0.0, 0.0, 0.0, 1.0],
                [0.104401, -0.965883, -0.237001, 0.0, -0.003651, -0.238674, 0.971093, 0.4, -0.994528, -0.100518, -0.028444, -0.0, 0.0, 0.0, 0.0, 1.0],
                [-0.0, -0.952114, -0.305743, 0.0, 0.0, -0.305743, 0.952114, 0.4, -1.0, 0.0, 0.0, 0.0, 0.0, 0.0, 0.0, 1.0]
            ]
        },
        {
            "name": "Arm_L",
            "time": [0.0, 0.05, 0.1333, 0.2, 0.35, 0.7],
            "transform": [
                [0.311879, 0.68876, 0.654478, -0.0, -0.673011, 0.646374, -0.359521, 0.39386, -0.670662, -0.328344, 0.665134, -0.0, 0.0, 0.0, 0.0, 1.0],
                [0.363149, 0.866637, 0.342145, 0.0, -0.87623, 0.442503, -0.190817, 0.39386, -0.31677, -0.230503, 0.920068, 0.0, 0.0, 0.0, 0.0, 1.0],
                [0.440008, 0.744734, -0.501761, -0.0, -0.852732, 0.171363, -0.49344, 0.39386, -0.281499, 0.644985, 0.710459, -0.0, 0.0, 0.0, 0.0, 1.0],
                [0.469415, 0.56222, -0.680851, 0.0, -0.846262, 0.066421, -0.52861, 0.39386, -0.251972, 0.824316, 0.506965, -0.0, 0.0, 0.0, 0.0, 1.0],
                [0.374756, 0.330816, -0.866094, -0.0, -0.89797, -0.102908, -0.427856, 0.39386, -0.230669, 0.938067, 0.258497, 0.0, 0.0, 0.0, 0.0, 1.0],
                [0.004376, 0.203368, 0.979093, -0.0, -0.791452, 0.599152, -0.120913, 0.39386, -0.611215, -0.774376, 0.163578, -0.0, 0.0, 0.0, 0.0, 1.0]
            ]
        },
        {
            "name": "Hand_L",
            "time": [0.0, 0.05, 0.1333, 0.2, 0.35, 0.7],
            "transform": [
                [1.0, 3e-06, -2e-06, 0.0, -3e-06, 0.53666, -0.843798, 0.300003, -2e-06, 0.843798, 0.53666, 0.0, 0.0, 0.0, 0.0, 1.0],
                [1.0, -1e-06, 1e-06, 0.0, 1e-06, 0.473987, -0.880532, 0.300003, 0.0, 0.880532, 0.473987, 0.0, 0.0, 0.0, 0.0, 1.0],
                [1.0, -0.0, 0.0, 0.0, 0.0, 0.983389, -0.181509, 0.300002, -0.0, 0.181509, 0.983389, -0.0, 0.0, 0.0, 0.0, 1.0],
                [1.0, -0.0, 0.0, 0.0, 0.0, 0.999999, -0.000996, 0.300002, -0.0, 0.000996, 0.999999, -0.0, 0.0, 0.0, 0.0, 1.0],
                [1.0, -0.0, 0.0, 0.0, -0.0, 0.999473, -0.032466, 0.300003, -0.0, 0.032466, 0.999473, -0.0, 0.0, 0.0, 0.0, 1.0],
                [1.0, 0.0, 0.0, -0.0, 0.0, 0.981657, -0.190654, 0.300003, -0.0, 0.190654, 0.981657, 0.0, 0.0, 0.0, 0.0, 1.0]
            ]
        },
        {
            "name": "Tool_L",
            "time": [0.0, 0.7],
            "transform": [
                [1.0, 0.0, 0.0, -0.0, 0.0, -0.999559, -0.029689, 0.271711, 0.0, 0.029689, -0.999559, -0.028915, 0.0, 0.0, 0.0, 1.0],
                [1.0, 0.0, 0.0, 0.0, -0.0, -0.999559, -0.029689, 0.271711, 0.0, 0.029689, -0.99956, -0.028915, 0.0, 0.0, 0.0, 1.0]
            ]
        },
        {
            "name": "Elbow_L",
            "time": [0.0, 0.7],
            "transform": [
                [-1.0, 0.0, -0.0, -0.0, 0.0, 0.003946, -0.999992, 0.393313, -0.0, -0.999993, -0.003946, -0.000884, 0.0, 0.0, 0.0, 1.0],
                [-1.0, 0.0, -0.0, -0.0, 0.0, 0.003946, -0.999992, 0.317175, -0.0, -0.999993, -0.003946, -0.001185, 0.0, 0.0, 0.0, 1.0]
            ]
        }
    ]
}