{
    "animation": [
        {
            "name": "Root",
            "time": [0.0, 0.1667, 0.5, 0.5833],
            "transform": [
                [0.988764, -0.038361, 0.144478, -5e-06, 0.149454, 0.272955, -0.950347, 0.000946, -0.002979, 0.961262, 0.275621, 0.737448, 0.0, 0.0, 0.0, 1.0],
                [0.993805, -0.024608, 0.108378, -5e-06, 0.108648, 0.420349, -0.900834, 0.000946, -0.023389, 0.907029, 0.420418, 0.737448, 0.0, 0.0, 0.0, 1.0],
                [1.0, 0.0, 0.0, -5e-06, 0.0, 0.137241, -0.990538, 0.000946, 0.0, 0.990538, 0.137241, 0.737448, 0.0, 0.0, 0.0, 1.0],
                [1.0, 0.0, 0.0, -5e-06, 0.0, 0.137241, -0.990538, 0.000946, 0.0, 0.990538, 0.137241, 0.737448, 0.0, 0.0, 0.0, 1.0]
            ]
        },
        {
            "name": "Thigh_R",
            "time": [0.0, 0.1667, 0.3333, 0.5, 0.5833],
            "transform": [
                [0.988038, 0.153592, -0.01379, 0.124994, 0.063979, -0.32691, 0.942888, -0.002831, 0.140312, -0.932489, -0.332827, -1.2e-05, 0.0, 0.0, 0.0, 1.0],
                [0.990871, 0.105142, 0.084377, 0.124994, 0.006291, -0.661264, 0.750126, -0.002831, 0.134666, -0.742746, -0.65589, -1.2e-05, 0.0, 0.0, 0.0, 1.0],
                [0.9929, 0.027745, 0.115667, 0.124994, 0.043242, -0.990076, -0.133703, -0.002831, 0.11081, 0.137755, -0.984249, -1.2e-05, 0.0, 0.0, 0.0, 1.0],
                [0.993705, 0.048724, 0.100872, 0.124994, 0.066712, -0.980759, -0.18346, -0.002831, 0.089993, 0.189034, -0.977838, -1.2e-05, 0.0, 0.0, 0.0, 1.0],
                [0.993704, 0.04887, 0.100809, 0.124994, 0.066726, -0.980999, -0.182168, -0.002831, 0.089991, 0.187747, -0.978087, -1.2e-05, 0.0, 0.0, 0.0, 1.0]
            ]
        },
        {
            "name": "Leg_R",
            "time": [0.0, 0.1667, 0.3333, 0.5, 0.5833],
            "transform": [
                [1.0, -0.0, 1e-06, -0.0, -0.0, 0.980752, 0.195262, 0.374726, -1e-06, -0.195263, 0.98075, 0.0, 0.0, 0.0, 0.0, 1.0],
                [1.0, -0.0, 1e-06, -0.0, -0.0, 0.813854, 0.58107, 0.374726, -1e-06, -0.58107, 0.813853, -0.0, 0.0, 0.0, 0.0, 1.0],
                [1.0, -0.0, 1e-06, -0.0, 0.0, 0.999394, 0.034814, 0.374726, -1e-06, -0.034814, 0.999393, -0.0, 0.0, 0.0, 0.0, 1.0],
                [1.0, -0.0, 1e-06, -0.0, -0.0, 0.976306, 0.216397, 0.374726, -1e-06, -0.216397, 0.976305, -0.0, 0.0, 0.0, 0.0, 1.0],
                [1.0, -0.0, 1e-06, -0.0, -0.0, 0.975702, 0.219106, 0.374726, -1e-06, -0.219106, 0.9757, -0.0, 0.0, 0.0, 0.0, 1.0]
            ]
        },
        {
            "name": "Knee_R",
            "time": [0.0, 0.5833],
            "transform": [
                [1.0, 0.0, -0.0, -0.0, -0.0, 0.00567, -0.999984, 0.374726, -0.0, 0.999984, 0.00567, 0.0, 0.0, 0.0, 0.0, 1.0],
                [1.0, 0.0, -0.0, -0.0, -0.0, 0.00567, -0.999984, 0.374726, -0.0, 0.999984, 0.00567, 0.0, 0.0, 0.0, 0.0, 1.0]
            ]
        },
        {
            "name": "Thigh_L",
            "time": [0.0, 0.1667, 0.3333, 0.4167, 0.5, 0.5833],
            "transform": [
                [0.989702, -0.134373, -0.049323, -0.125006, -0.132708, -0.990514, 0.035614, -0.002831, -0.053641, -0.028702, -0.998147, -1.2e-05, 0.0, 0.0, 0.0, 1.0],
                [0.99739, -0.072146, 0.002658, -0.125006, -0.048429, -0.641295, 0.765764, -0.002831, -0.053542, -0.763894, -0.643115, -1.2e-05, 0.0, 0.0, 0.0, 1.0],
                [0.998412, -0.038307, 0.041297, -0.125006, -0.038021, 0.082621, 0.995855, -0.002831, -0.04156, -0.995844, 0.081033, -1.2e-05, 0.0, 0.0, 0.0, 1.0],
                [0.997731, -0.041463, 0.053041, -0.125006, -0.043354, 0.207052, 0.977369, -0.002831, -0.051507, -0.97745, 0.204784, -1.2e-05, 0.0, 0.0, 0.0, 1.0],
                [0.9974, -0.050151, 0.051734, -0.125006, -0.040803, 0.198633, 0.979224, -0.002831, -0.059386, -0.978789, 0.19607, -1.2e-05, 0.0, 0.0, 0.0, 1.0],
                [0.997438, -0.049854, 0.051295, -0.125006, -0.040164, 0.203054, 0.978343, -0.002831, -0.05919, -0.977897, 0.200532, -1.2e-05, 0.0, 0.0, 0.0, 1.0]
            ]
        },
        {
            "name": "Leg_L",
            "time": [0.0, 0.1667, 0.3333, 0.4167, 0.5, 0.5833],
            "transform": [
                [1.0, -0.0, 1e-06, 0.0, -0.0, 0.87854, 0.477668, 0.374726, -1e-06, -0.477668, 0.878541, -0.0, 0.0, 0.0, 0.0, 1.0],
                [1.0, -1e-06, 0.0, 0.0, -0.0, 0.25745, 0.966292, 0.374726, -1e-06, -0.966291, 0.25745, -0.0, 0.0, 0.0, 0.0, 1.0],
                [1.0, -1e-06, 0.0, 0.0, -0.0, -0.319823, 0.947477, 0.374726, -1e-06, -0.947477, -0.319824, 0.0, 0.0, 0.0, 0.0, 1.0],
                [1.0, -1e-06, 0.0, 0.0, -0.0, -0.292816, 0.956169, 0.374726, -1e-06, -0.956169, -0.292816, -0.0, 0.0, 0.0, 0.0, 1.0],
                [1.0, -1e-06, 0.0, 0.0, -0.0, -0.227831, 0.973701, 0.374726, -1e-06, -0.9737, -0.227831, 0.0, 0.0, 0.0, 0.0, 1.0],
                [1.0, -1e-06, 0.0, 0.0, -0.0, -0.217155, 0.976137, 0.374726, -1e-06, -0.976137, -0.217155, 0.0, 0.0, 0.0, 0.0, 1.0]
            ]
        },
        {
            "name": "Knee_L",
            "time": [0.0, 0.5833],
            "transform": [
                [1.0, 0.0, -0.0, 0.0, -0.0, 0.00567, -0.999984, 0.374726, -0.0, 0.999984, 0.00567, -0.0, 0.0, 0.0, 0.0, 1.0],
                [1.0, 0.0, -0.0, 0.0, -0.0, 0.00567, -0.999984, 0.484724, -0.0, 0.999984, 0.00567, -0.000624, 0.0, 0.0, 0.0, 1.0]
            ]
        },
        {
            "name": "Torso",
            "time": [0.0, 0.5833, 0.5],
            "transform": [
                [1.0, 0.0, -0.0, -0.0, -0.0, 1.0, -0.000689, 0.05, -0.0, 0.000689, 1.0, 0.0, 0.0, 0.0, 0.0, 1.0],
                [1.0, 0.0, 0.0, 0.0, 0.0, 1.0, -0.0, 0.05, 0.0, 0.0, 1.0, 0.0, 0.0, 0.0, 0.0, 1.0],
                [1.0, 0.0, 0.0, 0.0, 0.0, 1.0, -0.0, 0.05, 0.0, 0.0, 1.0, 0.0, 0.0, 0.0, 0.0, 1.0]
            ]
        },
        {
            "name": "Chest",
            "time": [0.0, 0.1667, 0.3333, 0.5, 0.5833],
            "transform": [
                [0.836486, 0.149552, -0.527186, -0.0, -0.099976, 0.987542, 0.121512, 0.3, 0.538791, -0.048937, 0.841017, 0.0, 0.0, 0.0, 0.0, 1.0],
                [0.958615, 0.089708, -0.270202, 0.0, -0.027985, 0.974155, 0.224139, 0.3, 0.283326, -0.207301, 0.936351, -0.0, 0.0, 0.0, 0.0, 1.0],
                [0.999981, -0.006101, -0.000201, 0.0, 0.005997, 0.988015, -0.154243, 0.3, 0.00114, 0.154239, 0.988033, 0.0, 0.0, 0.0, 0.0, 1.0],
                [1.0, 0.0, 0.0, 0.0, 0.0, 0.977811, -0.20949, 0.3, 0.0, 0.20949, 0.977811, -0.0, 0.0, 0.0, 0.0, 1.0],
                [1.0, 0.0, 0.0, 0.0, 0.0, 0.973776, -0.227509, 0.3, 0.0, 0.227509, 0.973776, -0.0, 0.0, 0.0, 0.0, 1.0]
            ]
        },
        {
            "name": "Head",
            "time": [0.0, 0.1667, 0.3333, 0.5, 0.5833],
            "transform": [
                [0.913758, -0.138207, 0.382029, -0.0, 0.146219, 0.989219, 0.008135, 0.4, -0.379034, 0.048427, 0.924114, 0.0, 0.0, 0.0, 0.0, 1.0],
                [0.987436, 0.008033, 0.157818, -0.0, -0.008759, 0.999954, 0.003902, 0.4, -0.15778, -0.005235, 0.987461, 0.0, 0.0, 0.0, 0.0, 1.0],
                [0.999233, -0.001363, -0.039127, 0.0, -0.010671, 0.95207, -0.305693, 0.4, 0.037668, 0.305876, 0.951326, 0.0, 0.0, 0.0, 0.0, 1.0],
                [1.0, 0.0, 0.0, 0.0, 0.0, 0.962418, -0.271572, 0.4, 0.0, 0.271572, 0.962418, 0.0, 0.0, 0.0, 0.0, 1.0],
                [1.0, 0.0, 0.0, 0.0, 0.0, 0.962418, -0.271572, 0.4, 0.0, 0.271572, 0.962418, 0.0, 0.0, 0.0, 0.0, 1.0]
            ]
        },
        {
            "name": "Shoulder_R",
            "time": [0.0, 0.5, 0.5833],
            "transform": [
                [0.0, 0.952114, 0.305743, -0.0, 0.0, -0.305743, 0.952114, 0.4, 1.0, -0.0, 0.0, 0.0, 0.0, 0.0, 0.0, 1.0],
                [0.104401, 0.965883, 0.237001, 0.0, 0.003651, -0.238673, 0.971093, 0.4, 0.994528, -0.100518, -0.028444, 0.0, 0.0, 0.0, 0.0, 1.0],
                [0.104401, 0.965883, 0.237001, 0.0, 0.003651, -0.238673, 0.971093, 0.4, 0.994529, -0.100518, -0.028444, 0.0, 0.0, 0.0, 0.0, 1.0]
            ]
        },
        {
            "name": "Arm_R",
            "time": [0.0, 0.1667, 0.25, 0.3333, 0.4667, 0.5, 0.5833],
            "transform": [
                [0.043924, 0.617786, -0.785118, -0.0, 0.770978, 0.478824, 0.419906, 0.39386, 0.635345, -0.623753, -0.455268, 0.0, 0.0, 0.0, 0.0, 1.0],
                [0.663503, 0.19596, -0.722055, 0.0, 0.370211, 0.752668, 0.544458, 0.39386, 0.650159, -0.628562, 0.426851, -0.0, 0.0, 0.0, 0.0, 1.0],
                [0.690529, -0.021043, -0.722998, 0.0, 0.427686, 0.817994, 0.38467, 0.39386, 0.583313, -0.574842, 0.573848, 0.0, 0.0, 0.0, 0.0, 1.0],
                [0.537006, -0.562567, -0.628604, 0.0, 0.644724, 0.754252, -0.124238, 0.39386, 0.544019, -0.33856, 0.767738, 0.0, 0.0, 0.0, 0.0, 1.0],
                [0.451272, -0.831618, 0.323675, -0.0, 0.76051, 0.168632, -0.627047, 0.39386, 0.466882, 0.529127, 0.708552, 0.0, 0.0, 0.0, 0.0, 1.0],
                [0.437826, -0.83634, 0.329913, 0.0, 0.766368, 0.155303, -0.623346, 0.393861, 0.470093, 0.525752, 0.708941, -0.0, 0.0, 0.0, 0.0, 1.0],
                [0.428345, -0.841138, 0.330164, 0.0, 0.767281, 0.145577, -0.62457, 0.393861, 0.477285, 0.52086, 0.707746, 0.0, 0.0, 0.0, 0.0, 1.0]
            ]
        },
        {
            "name": "Hand_R",
            "time": [0.0, 0.1667, 0.25, 0.3333, 0.4667, 0.5, 0.5833],
            "transform": [
                [1.0, -4e-06, 1e-06, -0.0, 4e-06, 0.760951, -0.64881, 0.300003, 1e-06, 0.64881, 0.760951, 0.0, 0.0, 0.0, 0.0, 1.0],
                [1.0, 2e-06, -1e-06, -0.0, -2e-06, 0.761552, -0.648104, 0.300002, -1e-06, 0.648104, 0.761552, -0.0, 0.0, 0.0, 0.0, 1.0],
                [1.0, -0.0, 0.0, -0.0, 0.0, 0.615629, -0.788036, 0.300003, -0.0, 0.788036, 0.615629, 0.0, 0.0, 0.0, 0.0, 1.0],
                [1.0, -5e-06, 2e-06, -0.0, 5e-06, 0.715378, -0.698738, 0.300003, 2e-06, 0.698738, 0.715378, -0.0, 0.0, 0.0, 0.0, 1.0],
                [1.0, -1e-06, 0.0, 0.0, 1e-06, 0.826656, -0.562707, 0.300003, 0.0, 0.562708, 0.826656, 0.0, 0.0, 0.0, 0.0, 1.0],
                [1.0, -3e-06, 1e-06, 0.0, 3e-06, 0.855952, -0.517056, 0.300003, 1e-06, 0.517056, 0.855952, 0.0, 0.0, 0.0, 0.0, 1.0],
                [1.0, -1e-06, 0.0, -0.0, 1e-06, 0.881432, -0.472311, 0.300003, 0.0, 0.472311, 0.881432, -0.0, 0.0, 0.0, 0.0, 1.0]
            ]
        },
        {
            "name": "Tool_R",
            "time": [0.0, 0.5833],
            "transform": [
                [1.0, 0.0, 0.0, 0.0, -0.0, -0.999559, -0.029689, 0.271711, 0.0, 0.029689, -0.99956, -0.028915, 0.0, 0.0, 0.0, 1.0],
                [1.0, -0.0, 0.0, -0.0, 0.0, -0.999559, -0.029689, 0.271711, 0.0, 0.029689, -0.99956, -0.028915, 0.0, 0.0, 0.0, 1.0]
            ]
        },
        {
            "name": "Elbow_R",
            "time": [0.0, 0.5833],
            "transform": [
                [-1.0, 0.0, 0.0, -0.0, 0.0, 0.003946, -0.999992, 0.365359, -0.0, -0.999993, -0.003946, -0.000994, 0.0, 0.0, 0.0, 1.0],
                [-1.0, 0.0, 0.0, -0.0, 0.0, 0.003946, -0.999992, 0.345295, -0.0, -0.999992, -0.003946, -0.001074, 0.0, 0.0, 0.0, 1.0]
            ]
        },
        {
            "name": "Shoulder_L",
            "time": [0.0, 0.5, 0.5833],
            "transform": [
                [-0.0, -0.952114, -0.305743, -0.0, 0.0, -0.305743, 0.952114, 0.4, -1.0, -0.0, 0.0, 0.0, 0.0, 0.0, 0.0, 1.0],
                [0.104401, -0.965883, -0.237001, 0.0, -0.003651, -0.238674, 0.971093, 0.4, -0.994529, -0.100518, -0.028444, 0.0, 0.0, 0.0, 0.0, 1.0],
                [0.104401, -0.965883, -0.237001, 0.0, -0.003651, -0.238674, 0.971093, 0.4, -0.994529, -0.100518, -0.028444, 0.0, 0.0, 0.0, 0.0, 1.0]
            ]
        },
        {
            "name": "Arm_L",
            "time": [0.0, 0.1667, 0.3333, 0.4667, 0.5, 0.5833],
            "transform": [
                [0.325211, 0.622117, 0.712185, 0.0, -0.664718, 0.686058, -0.295759, 0.39386, -0.672598, -0.377218, 0.636647, 0.0, 0.0, 0.0, 0.0, 1.0],
                [-0.015239, 0.373645, 0.927447, 0.0, -0.828779, 0.514185, -0.22077, 0.39386, -0.559369, -0.772012, 0.301833, 0.0, 0.0, 0.0, 0.0, 1.0],
                [0.658368, 0.440015, 0.610687, 0.0, -0.48635, 0.867904, -0.101023, 0.39386, -0.57447, -0.230497, 0.785401, 0.0, 0.0, 0.0, 0.0, 1.0],
                [0.452089, 0.831575, -0.322643, 0.0, -0.755542, 0.164749, -0.634045, 0.39386, -0.474101, 0.530415, 0.702771, 0.0, 0.0, 0.0, 0.0, 1.0],
                [0.441661, 0.836882, -0.323362, 0.0, -0.761847, 0.159479, -0.627818, 0.39386, -0.473841, 0.523635, 0.708012, -0.0, 0.0, 0.0, 0.0, 1.0],
                [0.432047, 0.841829, -0.323511, 0.0, -0.762793, 0.149736, -0.629067, 0.39386, -0.481126, 0.518558, 0.706834, -0.0, 0.0, 0.0, 0.0, 1.0]
            ]
        },
        {
            "name": "Hand_L",
            "time": [0.0, 0.1667, 0.3333, 0.4667, 0.5, 0.5833],
            "transform": [
                [1.0, -1e-06, 0.0, -0.0, 1e-06, 0.569311, -0.822122, 0.300002, 0.0, 0.822122, 0.569311, -0.0, 0.0, 0.0, 0.0, 1.0],
                [1.0, -6e-06, 4e-06, 0.0, 6e-06, 0.452628, -0.891699, 0.300003, 4e-06, 0.891699, 0.452628, 0.0, 0.0, 0.0, 0.0, 1.0],
                [1.0, 7e-06, -9e-06, 0.0, -7e-06, -0.266448, -0.963849, 0.300003, -9e-06, 0.963849, -0.266448, -0.0, 0.0, 0.0, 0.0, 1.0],
                [1.0, 1e-06, -0.0, -0.0, -1e-06, 0.832371, -0.554218, 0.300003, -0.0, 0.554218, 0.832371, 0.0, 0.0, 0.0, 0.0, 1.0],
                [1.0, 1e-06, -0.0, 0.0, -1e-06, 0.853378, -0.521292, 0.300003, -0.0, 0.521292, 0.853378, -0.0, 0.0, 0.0, 0.0, 1.0],
                [1.0, -0.0, 0.0, -0.0, 0.0, 0.8789, -0.477006, 0.300003, 0.0, 0.477007, 0.8789, -0.0, 0.0, 0.0, 0.0, 1.0]
            ]
        },
        {
            "name": "Tool_L",
            "time": [0.0, 0.5833],
            "transform": [
                [1.0, -0.0, 0.0, 0.0, 0.0, -0.999559, -0.029689, 0.271711, 0.0, 0.029689, -0.999559, -0.028915, 0.0, 0.0, 0.0, 1.0],
                [1.0, 0.0, 0.0, -0.0, 0.0, -0.999559, -0.029689, 0.271711, 0.0, 0.029689, -0.999559, -0.028915, 0.0, 0.0, 0.0, 1.0]
            ]
        },
        {
            "name": "Elbow_L",
            "time": [0.0, 0.5833],
            "transform": [
                [-1.0, 0.0, -0.0, -0.0, 0.0, 0.003946, -0.999992, 0.38964, -0.0, -0.999993, -0.003946, -0.000899, 0.0, 0.0, 0.0, 1.0],
                [-1.0, 0.0, -0.0, -0.0, 0.0, 0.003946, -0.999992, 0.345795, -0.0, -0.999993, -0.003946, -0.001072, 0.0, 0.0, 0.0, 1.0]
            ]
        }
    ]
}