{
    "animation": [
        {
            "name": "Root",
            "time": [0.0, 1.0],
            "transform": [
                [1.0, 0.0, 0.0, -5e-06, 0.0, 0.099213, -0.995066, 0.000946, 0.0, 0.995066, 0.099213, 0.651629, 0.0, 0.0, 0.0, 1.0],
                [1.0, 0.0, 0.0, -5e-06, 0.0, 0.099213, -0.995066, 0.000946, 0.0, 0.995066, 0.099213, 0.542048, 0.0, 0.0, 0.0, 1.0]
            ]
        },
        {
            "name": "Thigh_R",
            "time": [0.0, 1.0],
            "transform": [
                [0.991832, 0.057375, 0.113919, 0.124994, 0.086782, -0.958081, -0.273033, -0.002831, 0.093478, 0.280689, -0.955236, -1.2e-05, 0.0, 0.0, 0.0, 1.0],
                [0.986096, 0.09416, 0.136923, 0.124994, 0.127338, -0.957563, -0.258562, -0.002831, 0.106767, 0.272402, -0.956242, -1.2e-05, 0.0, 0.0, 0.0, 1.0]
            ]
        },
        {
            "name": "Leg_R",
            "time": [0.0, 1.0],
            "transform": [
                [1.0, -0.0, 1e-06, -0.0, -0.0, 0.945353, 0.32605, 0.374726, -1e-06, -0.32605, 0.945352, -0.0, 0.0, 0.0, 0.0, 1.0],
                [1.0, -0.0, 1e-06, 0.0, -0.0, 0.751146, 0.660136, 0.374726, -1e-06, -0.660137, 0.751145, 0.0, 0.0, 0.0, 0.0, 1.0]
            ]
        },
        {
            "name": "Knee_R",
            "time": [0.0, 1.0],
            "transform": [
                [1.0, 0.0, -0.0, -0.0, -0.0, 0.00567, -0.999984, 0.374726, -0.0, 0.999984, 0.00567, 0.0, 0.0, 0.0, 0.0, 1.0],
                [1.0, 0.0, -0.0, 0.0, -0.0, 0.00567, -0.999984, 0.394271, -0.0, 0.999984, 0.00567, -0.000111, 0.0, 0.0, 0.0, 1.0]
            ]
        },
        {
            "name": "Thigh_L",
            "time": [0.0, 1.0],
            "transform": [
                [0.998188, -0.059005, -0.011781, -0.125006, -0.023578, -0.563714, 0.825633, -0.002831, -0.055358, -0.823859, -0.564084, -1.2e-05, 0.0, 0.0, 0.0, 1.0],
                [0.998057, -0.061964, 0.006487, -0.125006, -0.022148, -0.255554, 0.966541, -0.002831, -0.058233, -0.964806, -0.25643, -1.2e-05, 0.0, 0.0, 0.0, 1.0]
            ]
        },
        {
            "name": "Leg_L",
            "time": [0.0, 1.0],
            "transform": [
                [1.0, -1e-06, 1e-06, 0.0, -0.0, 0.660116, 0.751164, 0.374726, -1e-06, -0.751163, 0.660117, 0.0, 0.0, 0.0, 0.0, 1.0],
                [1.0, -1e-06, 0.0, -0.0, -0.0, 0.339592, 0.940573, 0.374726, -1e-06, -0.940573, 0.339592, -0.0, 0.0, 0.0, 0.0, 1.0]
            ]
        },
        {
            "name": "Knee_L",
            "time": [0.0, 1.0],
            "transform": [
                [1.0, 0.0, -0.0, 0.0, -0.0, 0.00567, -0.999984, 0.407802, -0.0, 0.999984, 0.00567, -0.000188, 0.0, 0.0, 0.0, 1.0],
                [1.0, 0.0, -0.0, -0.0, -0.0, 0.00567, -0.999984, 0.447139, -0.0, 0.999984, 0.00567, -0.00041, 0.0, 0.0, 0.0, 1.0]
            ]
        },
        {
            "name": "Torso",
            "time": [0.0, 1.0],
            "transform": [
                [1.0, -0.0, -0.0, 0.0, 0.0, 0.995196, 0.097906, 0.05, 0.0, -0.097906, 0.995196, -0.0, 0.0, 0.0, 0.0, 1.0],
                [1.0, -0.0, -0.0, 0.0, 0.0, 0.995196, 0.097906, 0.05, 0.0, -0.097906, 0.995196, -0.0, 0.0, 0.0, 0.0, 1.0]
            ]
        },
        {
            "name": "Chest",
            "time": [0.0, 1.0],
            "transform": [
                [1.0, -0.0, -0.0, 0.0, 0.0, 0.983469, 0.181075, 0.3, 0.0, -0.181075, 0.983469, -0.0, 0.0, 0.0, 0.0, 1.0],
                [1.0, -0.0, -0.0, 0.0, 0.0, 0.844059, 0.536251, 0.3, -0.0, -0.536251, 0.844059, -0.0, 0.0, 0.0, 0.0, 1.0]
            ]
        },
        {
            "name": "Head",
            "time": [0.0, 1.0],
            "transform": [
                [1.0, 0.0, 0.0, 0.0, -0.0, 0.92791, -0.372805, 0.4, -0.0, 0.372805, 0.92791, 0.0, 0.0, 0.0, 0.0, 1.0],
                [1.0, 0.0, -0.0, 0.0, -0.0, 0.636875, -0.770967, 0.4, -0.0, 0.770967, 0.636875, 0.0, 0.0, 0.0, 0.0, 1.0]
            ]
        },
        {
            "name": "Shoulder_R",
            "time": [0.0, 1.0],
            "transform": [
                [0.0, 0.952114, 0.305743, 0.0, 0.0, -0.305743, 0.952114, 0.4, 1.0, -0.0, 0.0, 0.0, 0.0, 0.0, 0.0, 1.0],
                [0.286054, 0.908127, 0.305743, 0.0, -0.091858, -0.291618, 0.952114, 0.4, 0.9538, -0.300441, -0.0, 0.0, 0.0, 0.0, 0.0, 1.0]
            ]
        },
        {
            "name": "Arm_R",
            "time": [0.0, 1.0],
            "transform": [
                [-0.515193, -0.724778, -0.457465, 0.0, 0.384111, 0.281896, -0.879201, 0.393861, 0.766182, -0.628675, 0.133165, 0.0, 0.0, 0.0, 0.0, 1.0],
                [0.412641, -0.640498, -0.647681, 0.0, -0.145212, 0.65569, -0.740934, 0.39386, 0.899245, 0.399791, 0.177556, -0.0, 0.0, 0.0, 0.0, 1.0]
            ]
        },
        {
            "name": "Hand_R",
            "time": [0.0, 1.0],
            "transform": [
                [1.0, 2e-06, -1e-06, -0.0, -2e-06, 0.703889, -0.710311, 0.300003, -1e-06, 0.710311, 0.703888, -0.0, 0.0, 0.0, 0.0, 1.0],
                [1.0, -0.0, -0.0, 0.0, 0.0, -0.427316, -0.904103, 0.300003, 0.0, 0.904103, -0.427316, 0.0, 0.0, 0.0, 0.0, 1.0]
            ]
        },
        {
            "name": "Tool_R",
            "time": [0.0, 1.0],
            "transform": [
                [1.0, -0.0, 0.0, 0.0, -0.0, -0.999559, -0.029689, 0.271711, 0.0, 0.029689, -0.99956, -0.028915, 0.0, 0.0, 0.0, 1.0],
                [1.0, -0.0, 0.0, -0.0, 0.0, -0.999559, -0.029689, 0.271711, 0.0, 0.029689, -0.99956, -0.028915, 0.0, 0.0, 0.0, 1.0]
            ]
        },
        {
            "name": "Elbow_R",
            "time": [0.0, 1.0],
            "transform": [
                [-1.0, 0.0, -0.0, -0.0, -0.0, 0.003946, -0.999992, 0.373224, -0.0, -0.999992, -0.003946, -0.000963, 0.0, 0.0, 0.0, 1.0],
                [-1.0, 0.0, -0.0, 0.0, 0.0, 0.003946, -0.999992, 0.447206, -0.0, -0.999993, -0.003946, -0.000671, 0.0, 0.0, 0.0, 1.0]
            ]
        },
        {
            "name": "Shoulder_L",
            "time": [0.0, 1.0],
            "transform": [
                [-0.0, -0.952114, -0.305743, 0.0, 0.0, -0.305743, 0.952114, 0.4, -1.0, -0.0, 0.0, 0.0, 0.0, 0.0, 0.0, 1.0],
                [-0.127769, -0.79097, -0.598365, 0.0, -0.09542, -0.590708, 0.801224, 0.4, -0.987203, 0.159468, -0.0, 0.0, 0.0, 0.0, 0.0, 1.0]
            ]
        },
        {
            "name": "Arm_L",
            "time": [0.0, 1.0],
            "transform": [
                [-0.219759, -0.587428, 0.778868, 0.0, -0.892609, 0.44323, 0.082436, 0.39386, -0.393643, -0.677108, -0.621747, 0.0, 0.0, 0.0, 0.0, 1.0],
                [-0.42711, -0.75541, 0.496923, -0.0, -0.524867, 0.654634, 0.54403, 0.39386, -0.736269, -0.028458, -0.676091, 0.0, 0.0, 0.0, 0.0, 1.0]
            ]
        },
        {
            "name": "Hand_L",
            "time": [0.0, 1.0],
            "transform": [
                [1.0, -0.0, 0.0, -0.0, 0.0, 0.934396, -0.356235, 0.300003, 0.0, 0.356235, 0.934396, 0.0, 0.0, 0.0, 0.0, 1.0],
                [1.0, -0.0, 0.0, -0.0, 0.0, 0.245622, -0.969366, 0.300003, 0.0, 0.969366, 0.245622, 0.0, 0.0, 0.0, 0.0, 1.0]
            ]
        },
        {
            "name": "Tool_L",
            "time": [0.0, 1.0],
            "transform": [
                [1.0, -0.0, 0.0, 0.0, -0.0, -0.999559, -0.029689, 0.271711, 0.0, 0.029689, -0.999559, -0.028915, 0.0, 0.0, 0.0, 1.0],
                [1.0, -0.0, 0.0, 0.0, 0.0, -0.999559, -0.029689, 0.271711, 0.0, 0.029689, -0.99956, -0.028915, 0.0, 0.0, 0.0, 1.0]
            ]
        },
        {
            "name": "Elbow_L",
            "time": [0.0, 1.0],
            "transform": [
                [-1.0, 0.0, -0.0, -0.0, 0.0, 0.003946, -0.999992, 0.333331, -0.0, -0.999993, -0.003946, -0.001121, 0.0, 0.0, 0.0, 1.0],
                [-1.0, 0.0, -0.0, -0.0, 0.0, 0.003946, -0.999992, 0.423142, -0.0, -0.999993, -0.003946, -0.000766, 0.0, 0.0, 0.0, 1.0]
            ]
        }
    ]
}