{
    "animation": [
        {
            "name": "Root",
            "time": [0.0, 0.1333, 0.25, 0.45],
            "transform": [
                [0.999942, 0.0, 0.010809, -5e-06, 0.010621, 0.185652, -0.982558, 0.000946, -0.002007, 0.982616, 0.185641, 0.763972, 0.0, 0.0, 0.0, 1.0],
                [0.999942, 0.0, 0.010809, -5e-06, 0.010724, 0.124928, -0.992108, -0.003785, -0.00135, 0.992166, 0.12492, 0.695608, 0.0, 0.0, 0.0, 1.0],
                [0.999942, 0.0, 0.010809, -5e-06, 0.010735, 0.116574, -0.993124, -0.000171, -0.00126, 0.993182, 0.116568, 0.747825, 0.0, 0.0, 0.0, 1.0],
                [0.999942, 0.0, 0.010809, -5e-06, 0.010736, 0.116303, -0.993156, 0.000946, -0.001257, 0.993214, 0.116296, 0.763972, 0.0, 0.0, 0.0, 1.0]
            ]
        },
        {
            "name": "Thigh_R",
            "time": [0.0, 0.1333, 0.25, 0.45],
            "transform": [
                [0.999393, 0.029743, 0.018112, 0.124994, 0.023034, -0.954669, 0.29677, -0.002831, 0.026118, -0.296172, -0.954778, -1.2e-05, 0.0, 0.0, 0.0, 1.0],
                [0.999251, 0.037799, 0.008288, 0.124994, 0.02688, -0.832078, 0.554004, -0.002831, 0.027837, -0.553365, -0.832473, -1.2e-05, 0.0, 0.0, 0.0, 1.0],
                [0.988764, 0.145095, 0.035967, 0.124994, 0.095074, -0.79605, 0.597714, -0.00283, 0.115357, -0.587577, -0.800903, -1.2e-05, 0.0, 0.0, 0.0, 1.0],
                [0.983226, 0.177275, 0.042884, 0.124994, 0.1189, -0.801292, 0.586337, -0.00283, 0.138306, -0.571401, -0.808932, -1.2e-05, 0.0, 0.0, 0.0, 1.0]
            ]
        },
        {
            "name": "Leg_R",
            "time": [0.0, 0.1333, 0.25, 0.45],
            "transform": [
                [1.0, -0.0, 1e-06, 0.0, -0.0, 0.967379, 0.253354, 0.374726, -1e-06, -0.253357, 0.967367, 0.0, 0.0, 0.0, 0.0, 1.0],
                [1.0, -1e-06, 1e-06, 0.0, -0.0, 0.560812, 0.827942, 0.374726, -1e-06, -0.827949, 0.560805, -0.0, 0.0, 0.0, 0.0, 1.0],
                [1.0, -1e-06, 1e-06, 0.0, -0.0, 0.457614, 0.889149, 0.374726, -1e-06, -0.889156, 0.457608, 0.0, 0.0, 0.0, 0.0, 1.0],
                [1.0, -1e-06, 1e-06, 0.0, -0.0, 0.449118, 0.893471, 0.374726, -1e-06, -0.893478, 0.449112, 0.0, 0.0, 0.0, 0.0, 1.0]
            ]
        },
        {
            "name": "Knee_R",
            "time": [0.0, 0.45],
            "transform": [
                [1.0, 0.0, -0.0, 0.0, -0.0, 0.00567, -0.999984, 0.374726, -0.0, 0.999984, 0.00567, 0.0, 0.0, 0.0, 0.0, 1.0],
                [1.0, 0.0, -0.0, -0.0, -0.0, 0.00567, -0.999984, 0.434609, -0.0, 0.999984, 0.00567, -0.00034, 0.0, 0.0, 0.0, 1.0]
            ]
        },
        {
            "name": "Thigh_L",
            "time": [0.0, 0.1333, 0.25, 0.45],
            "transform": [
                [0.999837, -0.01757, -0.004197, -0.125006, -0.015704, -0.960246, 0.278712, -0.002831, -0.008927, -0.2786, -0.960365, -1.2e-05, 0.0, 0.0, 0.0, 1.0],
                [0.999767, -0.021494, 0.002163, -0.125006, -0.019198, -0.838106, 0.545169, -0.002831, -0.009905, -0.545083, -0.838323, -1.2e-05, 0.0, 0.0, 0.0, 1.0],
                [0.994577, -0.095249, -0.041767, -0.125006, -0.051099, -0.797296, 0.601421, -0.002831, -0.090585, -0.596025, -0.79784, -1.2e-05, 0.0, 0.0, 0.0, 1.0],
                [0.991495, -0.118455, -0.053909, -0.125006, -0.06343, -0.80152, 0.594594, -0.002831, -0.113642, -0.586117, -0.802216, -1.2e-05, 0.0, 0.0, 0.0, 1.0]
            ]
        },
        {
            "name": "Leg_L",
            "time": [0.0, 0.1333, 0.25, 0.45],
            "transform": [
                [1.0, -0.0, 1e-06, -0.0, -0.0, 0.974264, 0.225412, 0.374726, -1e-06, -0.225412, 0.974263, -0.0, 0.0, 0.0, 0.0, 1.0],
                [1.0, -1e-06, 1e-06, 0.0, -0.0, 0.570742, 0.821129, 0.374726, -1e-06, -0.82113, 0.570742, 0.0, 0.0, 0.0, 0.0, 1.0],
                [1.0, -1e-06, 1e-06, -0.0, -0.0, 0.453042, 0.891489, 0.374726, -1e-06, -0.89149, 0.453041, 0.0, 0.0, 0.0, 0.0, 1.0],
                [1.0, -1e-06, 1e-06, 0.0, -0.0, 0.437338, 0.899297, 0.374726, -1e-06, -0.899298, 0.437338, 0.0, 0.0, 0.0, 0.0, 1.0]
            ]
        },
        {
            "name": "Knee_L",
            "time": [0.0, 0.45],
            "transform": [
                [1.0, 0.0, -0.0, -0.0, -0.0, 0.00567, -0.999984, 0.374726, -0.0, 0.999984, 0.00567, 0.0, 0.0, 0.0, 0.0, 1.0],
                [1.0, 0.0, -0.0, 0.0, -0.0, 0.00567, -0.999984, 0.435989, -0.0, 0.999984, 0.00567, -0.000347, 0.0, 0.0, 0.0, 1.0]
            ]
        },
        {
            "name": "Torso",
            "time": [0.0, 0.1333, 0.45, 0.25],
            "transform": [
                [1.0, -0.0, -0.0, -0.0, 0.0, 1.0, -0.000689, 0.05, -0.0, 0.000689, 1.0, -0.0, 0.0, 0.0, 0.0, 1.0],
                [1.0, 0.0, -0.0, 0.0, -0.0, 1.0, -0.000689, 0.05, 0.0, 0.000689, 1.0, 0.0, 0.0, 0.0, 0.0, 1.0],
                [1.0, -0.0, 0.0, -0.0, 0.0, 1.0, -0.000689, 0.05, 0.0, 0.000689, 1.0, 0.0, 0.0, 0.0, 0.0, 1.0],
                [1.0, 0.0, -0.0, 0.0, 0.0, 1.0, -0.000689, 0.05, -0.0, 0.000689, 1.0, -0.0, 0.0, 0.0, 0.0, 1.0]
            ]
        },
        {
            "name": "Chest",
            "time": [0.0, 0.1333, 0.45, 0.25],
            "transform": [
                [0.999867, 0.006037, -0.01515, -0.0, 0.004716, 0.782238, 0.622961, 0.3, 0.015612, -0.62295, 0.782106, 0.0, 0.0, 0.0, 0.0, 1.0],
                [0.999867, 0.006037, -0.01515, 0.0, 0.004716, 0.782238, 0.622961, 0.3, 0.015612, -0.62295, 0.782106, -0.0, 0.0, 0.0, 0.0, 1.0],
                [0.999857, 0.004099, -0.01638, 0.0, 0.003596, 0.896131, 0.443774, 0.3, 0.016498, -0.44377, 0.895989, -0.0, 0.0, 0.0, 0.0, 1.0],
                [0.999855, 0.003453, -0.016674, -0.0, 0.003215, 0.923321, 0.384016, 0.3, 0.016721, -0.384014, 0.923176, -0.0, 0.0, 0.0, 0.0, 1.0]
            ]
        },
        {
            "name": "Head",
            "time": [0.0, 0.1333, 0.45, 0.25],
            "transform": [
                [0.999928, -0.009919, 0.006807, 0.0, 0.008689, 0.986829, 0.16153, 0.4, -0.008319, -0.16146, 0.986844, -0.0, 0.0, 0.0, 0.0, 1.0],
                [0.99993, -0.009727, 0.006815, -0.0, 0.008732, 0.99104, 0.133279, 0.4, -0.008051, -0.13321, 0.991055, -0.0, 0.0, 0.0, 0.0, 1.0],
                [0.999947, -0.00786, 0.006613, -0.0, 0.008745, 0.989169, -0.146521, 0.4, -0.00539, 0.146571, 0.989186, -0.0, 0.0, 0.0, 0.0, 1.0],
                [0.999952, -0.007414, 0.006481, -0.0, 0.008629, 0.976831, -0.213839, 0.4, -0.004745, 0.213885, 0.976847, -0.0, 0.0, 0.0, 0.0, 1.0]
            ]
        },
        {
            "name": "Shoulder_R",
            "time": [0.0, 0.1333, 0.25, 0.45],
            "transform": [
                [0.0, 0.952114, 0.305743, 8.9e-05, 0.0, -0.305743, 0.952114, 0.511173, 1.0, -0.0, -0.0, 0.001871, 0.0, 0.0, 0.0, 1.0],
                [0.0, 0.952114, 0.305743, 8.9e-05, -0.0, -0.305743, 0.952114, 0.511173, 1.0, -0.0, -0.0, 0.00187, 0.0, 0.0, 0.0, 1.0],
                [0.0, 0.952114, 0.305743, 8.9e-05, 0.0, -0.305743, 0.952114, 0.511173, 1.0, -0.0, -0.0, 0.001871, 0.0, 0.0, 0.0, 1.0],
                [0.0, 0.952114, 0.305743, 8.9e-05, 0.0, -0.305743, 0.952114, 0.511173, 1.0, -0.0, 0.0, 0.001871, 0.0, 0.0, 0.0, 1.0]
            ]
        },
        {
            "name": "Arm_R",
            "time": [0.0, 0.0833, 0.45, 0.25],
            "transform": [
                [-0.017146, -0.930371, -0.366218, 0.0, 0.446537, 0.32059, -0.83536, 0.39386, 0.894601, -0.177854, 0.409949, -0.0, 0.0, 0.0, 0.0, 1.0],
                [-0.06105, -0.933732, -0.352731, -0.0, 0.455298, 0.288432, -0.842325, 0.393861, 0.888244, -0.212022, 0.407518, -0.0, 0.0, 0.0, 0.0, 1.0],
                [0.310627, -0.809096, -0.498875, -0.0, 0.432033, 0.58767, -0.6841, 0.393861, 0.846675, -0.003031, 0.532102, -0.0, 0.0, 0.0, 0.0, 1.0],
                [0.363829, -0.825054, -0.432337, -0.0, 0.3424, 0.550113, -0.761669, 0.393861, 0.866251, 0.129084, 0.482646, -0.0, 0.0, 0.0, 0.0, 1.0]
            ]
        },
        {
            "name": "Hand_R",
            "time": [0.0, 0.0833, 0.45, 0.25],
            "transform": [
                [1.0, -3e-06, 1e-06, -0.0, 3e-06, 0.926098, -0.377283, 0.300002, 0.0, 0.377283, 0.926098, 0.0, 0.0, 0.0, 0.0, 1.0],
                [1.0, -2e-06, 0.0, -0.0, 2e-06, 0.965028, -0.262144, 0.300003, 0.0, 0.262143, 0.965028, -0.0, 0.0, 0.0, 0.0, 1.0],
                [1.0, 6e-06, -3e-06, 0.0, -6e-06, 0.520045, -0.854139, 0.300002, -3e-06, 0.854138, 0.520045, 0.0, 0.0, 0.0, 0.0, 1.0],
                [0.999999, 0.0, 0.0, -0.0, 0.0, 0.642842, -0.765999, 0.300003, 0.0, 0.765998, 0.642842, -0.0, 0.0, 0.0, 0.0, 1.0]
            ]
        },
        {
            "name": "Tool_R",
            "time": [0.0, 0.45],
            "transform": [
                [1.0, -0.0, 0.0, 0.0, -0.0, -0.999559, -0.029689, 0.271711, 0.0, 0.029689, -0.99956, -0.028915, 0.0, 0.0, 0.0, 1.0],
                [1.0, -0.0, 0.0, 0.0, -0.0, -0.999559, -0.029689, 0.271711, 0.0, 0.029689, -0.99956, -0.028915, 0.0, 0.0, 0.0, 1.0]
            ]
        },
        {
            "name": "Elbow_R",
            "time": [0.0, 0.45],
            "transform": [
                [-1.0, 0.0, -0.0, 0.0, 0.0, 0.003946, -0.999992, 0.335451, -0.0, -0.999992, -0.003946, -0.001112, 0.0, 0.0, 0.0, 1.0],
                [-1.0, 0.0, 0.0, -0.0, -0.0, 0.003946, -0.999992, 0.380969, -0.0, -0.999993, -0.003946, -0.000933, 0.0, 0.0, 0.0, 1.0]
            ]
        },
        {
            "name": "Shoulder_L",
            "time": [0.0, 0.1333, 0.25, 0.45],
            "transform": [
                [-0.0, -0.952114, -0.305743, 8.9e-05, 0.0, -0.305743, 0.952114, 0.511173, -1.0, 0.0, 0.0, 0.00187, 0.0, 0.0, 0.0, 1.0],
                [-0.0, -0.952114, -0.305743, 8.9e-05, 0.0, -0.305744, 0.952114, 0.511173, -1.0, -0.0, 0.0, 0.001871, 0.0, 0.0, 0.0, 1.0],
                [-0.0, -0.952114, -0.305744, 8.9e-05, 0.0, -0.305743, 0.952114, 0.511173, -1.0, -0.0, 0.0, 0.00187, 0.0, 0.0, 0.0, 1.0],
                [-0.0, -0.952114, -0.305744, 8.9e-05, 0.0, -0.305744, 0.952114, 0.511173, -1.0, 0.0, 0.0, 0.00187, 0.0, 0.0, 0.0, 1.0]
            ]
        },
        {
            "name": "Arm_L",
            "time": [0.0, 0.0833, 0.45, 0.25],
            "transform": [
                [0.007637, 0.878104, 0.478409, 0.0, -0.445889, 0.431218, -0.784368, 0.39386, -0.895055, -0.207327, 0.394829, -0.0, 0.0, 0.0, 0.0, 1.0],
                [-0.038736, 0.872704, 0.486711, 0.0, -0.456515, 0.417817, -0.785507, 0.39386, -0.888871, -0.252618, 0.382217, 0.0, 0.0, 0.0, 0.0, 1.0],
                [0.335353, 0.775245, 0.535288, -0.0, -0.411971, 0.631661, -0.656722, 0.39386, -0.84724, -0.000289, 0.531207, -0.0, 0.0, 0.0, 0.0, 1.0],
                [0.388699, 0.791126, 0.472262, 0.0, -0.315334, 0.595841, -0.738605, 0.39386, -0.865723, 0.138175, 0.481072, 0.0, 0.0, 0.0, 0.0, 1.0]
            ]
        },
        {
            "name": "Hand_L",
            "time": [0.0, 0.0833, 0.45, 0.25],
            "transform": [
                [1.0, -2e-06, 1e-06, 0.0, 2e-06, 0.830789, -0.556588, 0.300003, 1e-06, 0.556588, 0.830789, -0.0, 0.0, 0.0, 0.0, 1.0],
                [1.0, -3e-06, 1e-06, -0.0, 3e-06, 0.871181, -0.490962, 0.300003, 1e-06, 0.490962, 0.871182, -0.0, 0.0, 0.0, 0.0, 1.0],
                [1.0, 0.0, 0.0, 0.0, -0.0, 0.417093, -0.908864, 0.300003, 0.0, 0.908865, 0.417093, 0.0, 0.0, 0.0, 0.0, 1.0],
                [1.0, 3e-06, -1e-06, 0.0, -3e-06, 0.538837, -0.84241, 0.300003, -2e-06, 0.842411, 0.538836, 0.0, 0.0, 0.0, 0.0, 1.0]
            ]
        },
        {
            "name": "Tool_L",
            "time": [0.0, 0.45],
            "transform": [
                [1.0, -0.0, 0.0, -0.0, 0.0, -0.999559, -0.029689, 0.271711, 0.0, 0.029689, -0.99956, -0.028915, 0.0, 0.0, 0.0, 1.0],
                [1.0, -0.0, 0.0, -0.0, -0.0, -0.999559, -0.029689, 0.271711, 0.0, 0.029689, -0.99956, -0.028915, 0.0, 0.0, 0.0, 1.0]
            ]
        },
        {
            "name": "Elbow_L",
            "time": [0.0, 0.45],
            "transform": [
                [-1.0, 0.0, -0.0, 0.0, 0.0, 0.003946, -0.999992, 0.354513, -0.0, -0.999993, -0.003946, -0.001037, 0.0, 0.0, 0.0, 1.0],
                [-1.0, 0.0, -0.0, 0.0, 0.0, 0.003946, -0.999992, 0.393071, -0.0, -0.999993, -0.003946, -0.000885, 0.0, 0.0, 0.0, 1.0]
            ]
        }
    ]
}