{
    "animation": [
        {
            "name": "Coord",
            "time": [0.0, 0.1667, 0.8333, 0.9167, 1.0, 1.25],
            "transform": [
                [1.0, 0.0, 0.0, -5e-06, 0.0, 0.0, -1.0, -0.00448, 0.0, 1.0, 0.0, -0.000216, 0.0, 0.0, 0.0, 1.0],
                [1.0, 0.0, 0.0, -5e-06, 0.0, 0.0, -1.0, -0.00448, 0.0, 1.0, 0.0, -0.000216, 0.0, 0.0, 0.0, 1.0],
                [1.0, 0.0, 0.0, -5e-06, 0.0, 0.0, -1.0, -0.059122, 0.0, 1.0, 0.0, 1.303921, 0.0, 0.0, 0.0, 1.0],
                [1.0, 0.0, 0.0, -5e-06, 0.0, 0.0, -1.0, 0.030725, 0.0, 1.0, 0.0, 1.634038, 0.0, 0.0, 0.0, 1.0],
                [1.0, 0.0, 0.0, -5e-06, 0.0, 0.0, -1.0, 0.207091, 0.0, 1.0, 0.0, 1.601178, 0.0, 0.0, 0.0, 1.0],
                [1.0, 0.0, 0.0, -5e-06, 0.0, 0.0, -1.0, 0.473303, 0.0, 1.0, 0.0, 1.600856, 0.0, 0.0, 0.0, 1.0]
            ]
        },
        {
            "name": "Root",
            "time": [0.0, 0.1667, 0.3333, 0.5, 0.6667, 0.8333, 1.0, 1.25],
            "transform": [
                [0.999215, 0.0, 0.039622, 0.0, 0.0, 1.0, 0.0, 0.760865, -0.039622, 0.0, 0.999215, -0.000944, 0.0, 0.0, 0.0, 1.0],
                [0.999215, 0.0, 0.039622, 0.0, 0.005553, 0.990131, -0.140038, 0.760865, -0.039231, 0.140148, 0.989353, -0.000944, 0.0, 0.0, 0.0, 1.0],
                [0.999279, -1e-05, 0.037956, -0.170994, 0.002774, 0.997345, -0.072772, 0.761029, -0.037855, 0.072825, 0.996626, 0.058693, 0.0, 0.0, 0.0, 1.0],
                [0.999499, 0.0, 0.031666, -0.341989, 0.0, 1.0, 0.0, 0.761193, -0.031666, 0.0, 0.999499, 0.220642, 0.0, 0.0, 0.0, 1.0],
                [0.959385, -0.281138, 0.023296, -0.317299, 0.281055, 0.959668, 0.006825, 0.676216, -0.024275, -0.0, 0.999705, 0.05249, 0.0, 0.0, 0.0, 1.0],
                [0.976105, -0.216674, 0.016482, -0.11761, 0.211357, 0.96429, 0.159606, 0.489803, -0.050476, -0.152309, 0.987043, -0.01335, 0.0, 0.0, 0.0, 1.0],
                [0.999937, -0.0, 0.011197, -0.048993, -0.00376, 0.941936, 0.335772, 0.535483, -0.010547, -0.335793, 0.941877, 0.087336, 0.0, 0.0, 0.0, 1.0],
                [0.99996, 0.0, 0.008922, 0.0, 0.0, 1.0, 0.0, 0.763986, -0.008922, 0.0, 0.99996, -0.000944, 0.0, 0.0, 0.0, 1.0]
            ]
        },
        {
            "name": "Thigh_R",
            "time": [0.0, 0.1667, 0.3333, 0.5, 0.6667, 0.8333, 1.0, 1.25],
            "transform": [
                [0.998371, 0.046037, 0.033675, 0.124994, 0.019418, -0.829451, 0.558241, -0.002831, 0.053631, -0.556677, -0.828996, -1.2e-05, 0.0, 0.0, 0.0, 1.0],
                [0.797872, 0.563419, 0.214375, 0.124994, -0.089877, -0.240461, 0.96649, -0.002831, 0.596087, -0.790402, -0.141219, -1.2e-05, 0.0, 0.0, 0.0, 1.0],
                [0.70354, 0.693575, 0.154863, 0.124994, -0.020708, -0.197816, 0.980022, -0.002831, 0.710353, -0.69269, -0.124809, -1.2e-05, 0.0, 0.0, 0.0, 1.0],
                [0.753953, 0.634929, -0.168581, 0.124994, 0.018198, 0.236335, 0.971502, -0.002831, 0.656677, -0.735533, 0.166631, -1.2e-05, 0.0, 0.0, 0.0, 1.0],
                [0.335188, 0.774804, -0.536028, 0.124994, 0.484325, 0.346308, 0.803431, -0.00283, 0.808132, -0.528911, -0.259179, -1.2e-05, 0.0, 0.0, 0.0, 1.0],
                [0.933156, 0.342202, -0.110078, 0.124994, -0.131456, 0.609865, 0.781527, -0.002831, 0.334573, -0.714814, 0.614085, -1.2e-05, 0.0, 0.0, 0.0, 1.0],
                [0.988499, 0.148289, -0.029638, 0.124994, 0.032747, -0.018568, 0.999292, -0.002831, 0.147634, -0.988768, -0.02321, -1.2e-05, 0.0, 0.0, 0.0, 1.0],
                [0.998505, 0.050808, 0.020151, 0.124994, 0.047082, -0.98678, 0.15507, -0.00283, 0.027763, -0.15389, -0.987698, -1.2e-05, 0.0, 0.0, 0.0, 1.0]
            ]
        },
        {
            "name": "Leg_R",
            "time": [0.0, 0.1667, 0.3333, 0.5, 0.6667, 0.8333, 1.0, 1.25],
            "transform": [
                [1.000001, -1e-06, 1e-06, 0.0, -0.0, 0.542401, 0.840117, 0.374726, -1e-06, -0.840127, 0.542393, -0.0, 0.0, 0.0, 0.0, 1.0],
                [1.000001, -1e-06, 0.0, -0.0, -0.0, -0.186242, 0.982499, 0.374726, -1e-06, -0.98251, -0.186239, -0.0, 0.0, 0.0, 0.0, 1.0],
                [1.000001, -1e-06, 0.0, 0.0, -0.0, 0.243612, 0.969868, 0.374726, -1e-06, -0.969878, 0.243608, 0.0, 0.0, 0.0, 0.0, 1.0],
                [1.000001, -1e-06, 0.0, -0.0, -0.0, 0.028419, 0.999591, 0.374726, -1e-06, -0.999601, 0.028418, 0.0, 0.0, 0.0, 0.0, 1.0],
                [1.0, -1e-06, 0.0, 0.0, -0.0, 0.403282, 0.915073, 0.374726, -1e-06, -0.915081, 0.403277, 0.0, 0.0, 0.0, 0.0, 1.0],
                [1.0, -1e-06, -0.0, 0.0, -0.0, -0.237628, 0.971354, 0.374726, -1e-06, -0.97136, -0.237625, 0.0, 0.0, 0.0, 0.0, 1.0],
                [1.0, -1e-06, 1e-06, 0.0, -0.0, 0.361073, 0.932535, 0.374726, -1e-06, -0.932541, 0.361069, 0.0, 0.0, 0.0, 0.0, 1.0],
                [1.0, -0.0, 1e-06, 0.0, -0.0, 0.826583, 0.56282, 0.374726, -1e-06, -0.562824, 0.826574, 0.0, 0.0, 0.0, 0.0, 1.0]
            ]
        },
        {
            "name": "Knee_R",
            "time": [0.0, 1.25],
            "transform": [
                [1.0, 0.0, -0.0, 0.0, -0.0, 0.00567, -0.999984, 0.423315, -0.0, 0.999984, 0.00567, -0.000276, 0.0, 0.0, 0.0, 1.0],
                [1.0, 0.0, -0.0, 0.0, -0.0, 0.00567, -0.999984, 0.381329, -0.0, 0.999984, 0.00567, -3.7e-05, 0.0, 0.0, 0.0, 1.0]
            ]
        },
        {
            "name": "Thigh_L",
            "time": [0.0, 0.1667, 0.3333, 0.5, 0.6667, 0.8333, 1.0, 1.1, 1.1667, 1.25],
            "transform": [
                [0.999788, -0.009794, 0.018107, -0.125006, -0.011484, -0.995341, 0.095724, -0.002831, 0.017085, -0.095912, -0.995244, -1.2e-05, 0.0, 0.0, 0.0, 1.0],
                [0.999715, -0.015212, 0.018381, -0.125006, -0.014555, -0.999269, -0.035346, -0.002831, 0.018905, 0.035069, -0.999207, -1.2e-05, 0.0, 0.0, 0.0, 1.0],
                [0.650237, -0.7501, -0.12059, -0.125006, 0.17074, -0.010387, 0.985262, -0.002831, -0.740297, -0.661243, 0.121318, -1.2e-05, 0.0, 0.0, 0.0, 1.0],
                [0.559786, -0.556727, -0.613755, -0.125006, 0.766626, 0.629089, 0.12858, -0.002831, 0.314522, -0.542498, 0.778956, -1.2e-05, 0.0, 0.0, 0.0, 1.0],
                [0.881497, -0.461019, -0.102092, -0.125006, 0.438377, 0.718677, 0.53975, -0.00283, -0.175464, -0.520543, 0.835612, -1.2e-05, 0.0, 0.0, 0.0, 1.0],
                [0.42966, -0.774793, -0.463776, -0.125006, 0.423011, -0.281058, 0.861434, -0.002831, -0.797781, -0.566306, 0.206986, -1.2e-05, 0.0, 0.0, 0.0, 1.0],
                [0.982085, -0.17998, -0.055818, -0.125006, -0.048347, -0.526964, 0.848511, -0.00283, -0.182129, -0.830611, -0.526226, -1.2e-05, 0.0, 0.0, 0.0, 1.0],
                [0.998629, -0.041144, -0.032346, -0.125006, -0.00242, -0.653676, 0.756771, -0.00283, -0.052281, -0.755655, -0.65288, -1.2e-05, 0.0, 0.0, 0.0, 1.0],
                [0.999427, -0.033733, -0.002796, -0.125006, -0.018891, -0.624435, 0.78085, -0.002831, -0.028086, -0.780349, -0.624714, -1.2e-05, 0.0, 0.0, 0.0, 1.0],
                [0.999392, -0.029446, -0.018652, -0.125006, -0.024229, -0.971553, 0.23558, -0.00283, -0.025058, -0.234985, -0.971676, -1.2e-05, 0.0, 0.0, 0.0, 1.0]
            ]
        },
        {
            "name": "Leg_L",
            "time": [0.0, 0.1667, 0.3333, 0.5, 0.6667, 0.8333, 1.0, 1.1, 1.1667, 1.25],
            "transform": [
                [1.0, -0.0, 1e-06, 0.0, -0.0, 0.98551, 0.169626, 0.374726, -1e-06, -0.169627, 0.985503, -0.0, 0.0, 0.0, 0.0, 1.0],
                [1.0, -0.0, 1e-06, 0.0, -0.0, 0.981944, 0.18918, 0.374726, -1e-06, -0.189181, 0.981938, 0.0, 0.0, 0.0, 0.0, 1.0],
                [1.0, -1e-06, -0.0, 0.0, -0.0, -0.618908, 0.785463, 0.374726, -1e-06, -0.785464, -0.618905, -0.0, 0.0, 0.0, 0.0, 1.0],
                [1.0, -1e-06, 1e-06, 0.0, 0.0, 0.113173, 0.993574, 0.374726, -1e-06, -0.993575, 0.113173, -0.0, 0.0, 0.0, 0.0, 1.0],
                [1.0, -1e-06, -0.0, -0.0, -0.0, -0.488418, 0.872609, 0.374726, -1e-06, -0.87261, -0.488418, 0.0, 0.0, 0.0, 0.0, 1.0],
                [1.0, -1e-06, 0.0, -0.0, -0.0, 0.435842, 0.900022, 0.374726, -1e-06, -0.900024, 0.435842, -0.0, 0.0, 0.0, 0.0, 1.0],
                [1.0, -1e-06, -0.0, 0.0, -0.0, -0.383096, 0.923708, 0.374726, -1e-06, -0.923709, -0.383095, 0.0, 0.0, 0.0, 0.0, 1.0],
                [1.0, -1e-06, 0.0, -0.0, -0.0, 0.104378, 0.994537, 0.374726, -1e-06, -0.994538, 0.104378, -0.0, 0.0, 0.0, 0.0, 1.0],
                [1.0, -1e-06, 0.0, 0.0, -0.0, 0.068375, 0.997659, 0.374726, -1e-06, -0.997659, 0.068375, -0.0, 0.0, 0.0, 0.0, 1.0],
                [1.0, -0.0, 1e-06, 0.0, -0.0, 0.97121, 0.238223, 0.374726, -1e-06, -0.238224, 0.97121, 0.0, 0.0, 0.0, 0.0, 1.0]
            ]
        },
        {
            "name": "Knee_L",
            "time": [0.0, 1.25],
            "transform": [
                [1.0, 0.0, -0.0, 0.0, -0.0, 0.00567, -0.999984, 0.374726, -0.0, 0.999984, 0.00567, -0.0, 0.0, 0.0, 0.0, 1.0],
                [1.0, 0.0, -0.0, -0.0, -0.0, 0.00567, -0.999984, 0.374726, -0.0, 0.999984, 0.00567, 0.0, 0.0, 0.0, 0.0, 1.0]
            ]
        },
        {
            "name": "Torso",
            "time": [0.0, 0.1667, 1.0, 1.25],
            "transform": [
                [1.0, 0.0, -0.0, 0.0, 0.0, 1.0, 0.0, 0.05, 0.0, 0.0, 1.0, -0.0, 0.0, 0.0, 0.0, 1.0],
                [1.0, 0.0, -0.0, -0.0, -0.0, 1.0, 0.0, 0.05, 0.0, 0.0, 1.0, -0.0, 0.0, 0.0, 0.0, 1.0],
                [1.0, -0.0, 0.0, 0.0, 0.0, 1.0, -0.0, 0.05, -0.0, 0.0, 1.0, -0.0, 0.0, 0.0, 0.0, 1.0],
                [1.0, 0.0, 0.0, 0.0, 0.0, 1.0, 0.0, 0.05, 0.0, 0.0, 1.0, -0.0, 0.0, 0.0, 0.0, 1.0]
            ]
        },
        {
            "name": "Chest",
            "time": [0.0, 0.1667, 0.4833, 0.6667, 0.8333, 1.0, 1.25],
            "transform": [
                [0.998262, 0.0, -0.058931, 0.0, 0.0, 1.0, 0.0, 0.3, 0.058931, 0.0, 0.998262, 0.0, 0.0, 0.0, 0.0, 1.0],
                [0.998271, 0.006112, -0.058457, 0.0, 0.002982, 0.988029, 0.154239, 0.3, 0.0587, -0.154147, 0.986303, -0.0, 0.0, 0.0, 0.0, 1.0],
                [0.972563, 0.225786, -0.056058, 0.0, -0.173716, 0.865103, 0.470553, 0.3, 0.15474, -0.447904, 0.880589, -0.0, 0.0, 0.0, 0.0, 1.0],
                [0.963908, 0.258067, -0.065449, 0.0, -0.180965, 0.815387, 0.549905, 0.3, 0.195278, -0.518214, 0.832659, -0.0, 0.0, 0.0, 0.0, 1.0],
                [0.985455, 0.165862, -0.036987, -0.0, -0.100157, 0.742717, 0.662073, 0.3, 0.137284, -0.648738, 0.748526, 0.0, 0.0, 0.0, 0.0, 1.0],
                [0.993388, 0.058772, -0.098622, 0.0, -0.02043, 0.935817, 0.351893, 0.3, 0.112974, -0.347551, 0.93083, -0.0, 0.0, 0.0, 0.0, 1.0],
                [0.993025, 0.0, -0.117904, 0.0, 0.0, 1.0, 0.0, 0.3, 0.117904, 0.0, 0.993025, -0.0, 0.0, 0.0, 0.0, 1.0]
            ]
        },
        {
            "name": "Head",
            "time": [0.0, 0.1667, 0.3333, 0.4833, 0.6667, 0.8333, 1.0, 1.25],
            "transform": [
                [0.999168, 0.007838, 0.04003, 0.0, 0.007819, 0.926364, -0.376549, 0.4, -0.040034, 0.376549, 0.925531, 0.0, 0.0, 0.0, 0.0, 1.0],
                [0.996211, -0.02573, 0.083073, -0.0, 0.055127, 0.925632, -0.374389, 0.4, -0.067262, 0.37755, 0.923543, -0.0, 0.0, 0.0, 0.0, 1.0],
                [0.990274, -0.059342, 0.125844, 0.0, 0.102146, 0.924206, -0.367979, 0.4, -0.094469, 0.377254, 0.921279, 0.0, 0.0, 0.0, 0.0, 1.0],
                [0.976725, 0.202811, 0.069829, 0.0, -0.194414, 0.974591, -0.111246, 0.4, -0.090617, 0.095081, 0.991337, -0.0, 0.0, 0.0, 0.0, 1.0],
                [0.994792, 0.089142, 0.049428, 0.0, -0.101324, 0.917561, 0.384467, 0.4, -0.011081, -0.387473, 0.921815, -0.0, 0.0, 0.0, 0.0, 1.0],
                [0.99261, 0.072599, 0.097237, 0.0, -0.084739, 0.988253, 0.12718, 0.4, -0.086861, -0.13448, 0.987102, -0.0, 0.0, 0.0, 0.0, 1.0],
                [0.993207, 0.033592, 0.111405, -0.0, -0.03542, 0.999268, 0.014472, 0.4, -0.110837, -0.01832, 0.99367, 0.0, 0.0, 0.0, 0.0, 1.0],
                [0.993503, 0.0, 0.113804, 0.0, 0.0, 1.0, 0.0, 0.4, -0.113804, 0.0, 0.993503, -0.0, 0.0, 0.0, 0.0, 1.0]
            ]
        },
        {
            "name": "Shoulder_R",
            "time": [0.0, 0.1667, 1.0, 1.25],
            "transform": [
                [0.0, 0.952114, 0.305743, 0.0, 0.0, -0.305743, 0.952114, 0.4, 1.0, 0.0, -0.0, 0.0, 0.0, 0.0, 0.0, 1.0],
                [0.0, 0.952114, 0.305743, -0.0, 0.0, -0.305743, 0.952114, 0.4, 1.0, -0.0, -0.0, -0.0, 0.0, 0.0, 0.0, 1.0],
                [0.0, 0.952114, 0.305743, -0.0, -0.0, -0.305743, 0.952114, 0.4, 1.0, -0.0, -0.0, 0.0, 0.0, 0.0, 0.0, 1.0],
                [0.0, 0.952114, 0.305743, 0.0, 0.0, -0.305743, 0.952114, 0.4, 1.0, 0.0, -0.0, -0.0, 0.0, 0.0, 0.0, 1.0]
            ]
        },
        {
            "name": "Arm_R",
            "time": [0.0, 0.1667, 0.3333, 0.5, 0.6667, 0.8333, 1.0, 1.1667, 1.25],
            "transform": [
                [0.82481, -0.382077, 0.416783, 0.0, 0.477924, 0.077242, -0.875, 0.39386, 0.302124, 0.920899, 0.246315, 0.0, 0.0, 0.0, 0.0, 1.0],
                [0.766787, -0.400787, 0.501408, 0.0, 0.537035, -0.02733, -0.843119, 0.393861, 0.351613, 0.915766, 0.194281, 0.0, 0.0, 0.0, 0.0, 1.0],
                [0.878045, -0.004416, 0.478562, 0.0, 0.478077, -0.037728, -0.877509, 0.39386, 0.02193, 0.99928, -0.031015, -0.0, 0.0, 0.0, 0.0, 1.0],
                [0.817961, -0.09179, 0.567906, 0.0, 0.57409, 0.066914, -0.816055, 0.393861, 0.036905, 0.993529, 0.10743, -0.0, 0.0, 0.0, 0.0, 1.0],
                [0.901988, -0.345001, -0.259603, -0.0, 0.166731, 0.832945, -0.527641, 0.393861, 0.398272, 0.432641, 0.808829, -0.0, 0.0, 0.0, 0.0, 1.0],
                [-0.140796, -0.445281, -0.884253, -0.0, 0.491928, 0.743629, -0.452795, 0.39386, 0.859177, -0.498741, 0.114347, 0.0, 0.0, 0.0, 0.0, 1.0],
                [-0.575896, -0.516474, -0.633719, -0.0, 0.49663, 0.394726, -0.773014, 0.39386, 0.649387, -0.7599, 0.029175, 0.0, 0.0, 0.0, 0.0, 1.0],
                [-0.140896, 0.328312, -0.934003, -0.0, 0.880223, 0.473368, 0.033611, 0.393861, 0.453161, -0.817395, -0.355684, -0.0, 0.0, 0.0, 0.0, 1.0],
                [0.128781, 0.193508, -0.972611, -0.0, 0.902051, 0.384585, 0.195955, 0.393861, 0.41197, -0.90258, -0.125027, -0.0, 0.0, 0.0, 0.0, 1.0]
            ]
        },
        {
            "name": "Hand_R",
            "time": [0.0, 0.1667, 0.3333, 0.5, 0.6667, 0.8333, 1.0, 1.1667, 1.25],
            "transform": [
                [1.0, -2e-06, 1e-06, -0.0, 2e-06, 0.827124, -0.562018, 0.300002, 1e-06, 0.562017, 0.827126, 0.0, 0.0, 0.0, 0.0, 1.0],
                [1.0, -4e-06, 1e-06, 0.0, 4e-06, 0.936432, -0.350848, 0.300002, 1e-06, 0.350848, 0.936433, 0.0, 0.0, 0.0, 0.0, 1.0],
                [1.0, -0.0, 0.0, -0.0, 0.0, 0.999999, -0.000995, 0.300003, -0.0, 0.000995, 1.0, 0.0, 0.0, 0.0, 0.0, 1.0],
                [1.0, -0.0, 0.0, 0.0, -0.0, 0.999999, -0.000998, 0.300002, -0.0, 0.000998, 0.999999, 0.0, 0.0, 0.0, 0.0, 1.0],
                [1.0, -2e-06, 1e-06, -0.0, 2e-06, 0.511534, -0.859263, 0.300003, 1e-06, 0.859262, 0.511534, -0.0, 0.0, 0.0, 0.0, 1.0],
                [1.0, 1e-05, -1.4e-05, 0.0, -9e-06, -0.369531, -0.929219, 0.300003, -1.4e-05, 0.929218, -0.369531, -0.0, 0.0, 0.0, 0.0, 1.0],
                [1.0, -7e-06, 6e-06, -0.0, 7e-06, 0.066084, -0.997813, 0.300003, 6e-06, 0.997815, 0.066084, -0.0, 0.0, 0.0, 0.0, 1.0],
                [1.0, -3e-06, 2e-06, 0.0, 3e-06, 0.43057, -0.902558, 0.300003, 2e-06, 0.902557, 0.43057, -0.0, 0.0, 0.0, 0.0, 1.0],
                [1.0, -1e-06, 0.0, -0.0, 1e-06, 0.912557, -0.408947, 0.300002, 0.0, 0.408947, 0.912558, 0.0, 0.0, 0.0, 0.0, 1.0]
            ]
        },
        {
            "name": "Tool_R",
            "time": [0.0, 1.25],
            "transform": [
                [1.0, 0.0, 0.0, 0.0, -0.0, -0.999559, -0.029689, 0.271711, 0.0, 0.029689, -0.99956, -0.028915, 0.0, 0.0, 0.0, 1.0],
                [1.0, 0.0, 0.0, 0.0, -0.0, -0.999559, -0.029689, 0.271711, 0.0, 0.029689, -0.99956, -0.028915, 0.0, 0.0, 0.0, 1.0]
            ]
        },
        {
            "name": "Elbow_R",
            "time": [0.0, 1.25],
            "transform": [
                [-1.0, 0.0, 0.0, 0.0, 0.0, 0.003946, -0.999992, 0.355127, -0.0, -0.999992, -0.003946, -0.001035, 0.0, 0.0, 0.0, 1.0],
                [-1.0, 0.0, -0.0, 0.0, 0.0, 0.003946, -0.999992, 0.338678, -0.0, -0.999992, -0.003946, -0.0011, 0.0, 0.0, 0.0, 1.0]
            ]
        },
        {
            "name": "Shoulder_L",
            "time": [0.0, 0.1667, 1.0, 1.25],
            "transform": [
                [-0.0, -0.952114, -0.305743, 0.0, 0.0, -0.305743, 0.952114, 0.4, -1.0, 0.0, 0.0, 0.0, 0.0, 0.0, 0.0, 1.0],
                [-0.0, -0.952114, -0.305743, -0.0, 0.0, -0.305743, 0.952114, 0.4, -1.0, 0.0, 0.0, -0.0, 0.0, 0.0, 0.0, 1.0],
                [-0.0, -0.952114, -0.305743, -0.0, 0.0, -0.305743, 0.952114, 0.4, -1.0, -0.0, 0.0, 0.0, 0.0, 0.0, 0.0, 1.0],
                [-0.0, -0.952114, -0.305743, 0.0, 0.0, -0.305743, 0.952114, 0.4, -1.0, 0.0, 0.0, -0.0, 0.0, 0.0, 0.0, 1.0]
            ]
        },
        {
            "name": "Arm_L",
            "time": [0.0, 0.1667, 0.3333, 0.5, 0.6667, 0.8333, 1.0, 1.25],
            "transform": [
                [0.87314, 0.286242, -0.394575, 0.0, -0.420649, 0.033402, -0.906606, 0.39386, -0.246329, 0.957573, 0.149571, -0.0, 0.0, 0.0, 0.0, 1.0],
                [0.819342, 0.262155, -0.509854, 0.0, -0.48868, -0.145669, -0.860214, 0.39386, -0.29978, 0.953966, 0.008757, 0.0, 0.0, 0.0, 0.0, 1.0],
                [0.97622, 0.038248, -0.213377, 0.0, -0.209352, -0.089062, -0.973774, 0.39386, -0.056248, 0.99529, -0.078937, 0.0, 0.0, 0.0, 0.0, 1.0],
                [0.911988, 0.069685, -0.404251, -0.0, -0.345526, -0.400668, -0.848572, 0.39386, -0.221103, 0.913568, -0.341328, 0.0, 0.0, 0.0, 0.0, 1.0],
                [0.957614, 0.287552, 0.016961, -0.0, 0.18025, -0.552263, -0.813949, 0.39386, -0.224685, 0.782506, -0.580687, -0.0, 0.0, 0.0, 0.0, 1.0],
                [0.226242, 0.835768, 0.500303, 0.0, -0.222353, 0.544371, -0.808838, 0.39386, -0.948352, 0.07175, 0.308996, -0.0, 0.0, 0.0, 0.0, 1.0],
                [-0.266952, 0.381836, 0.884838, -0.0, -0.807228, 0.412942, -0.421736, 0.39386, -0.526421, -0.826848, 0.197994, 0.0, 0.0, 0.0, 0.0, 1.0],
                [0.089989, -0.046892, 0.994838, 0.0, -0.910738, 0.400378, 0.101253, 0.39386, -0.40306, -0.915148, -0.006676, 0.0, 0.0, 0.0, 0.0, 1.0]
            ]
        },
        {
            "name": "Hand_L",
            "time": [0.0, 0.1667, 0.3333, 0.5, 0.6667, 0.8333, 1.0, 1.25],
            "transform": [
                [1.0, -0.0, 0.0, -0.0, 0.0, 0.911965, -0.410267, 0.300002, 0.0, 0.410266, 0.911967, -0.0, 0.0, 0.0, 0.0, 1.0],
                [1.0, -0.0, 0.0, 0.0, -0.0, 0.999998, -0.000992, 0.300003, 0.0, 0.000992, 1.000001, -0.0, 0.0, 0.0, 0.0, 1.0],
                [1.0, 1e-06, -0.0, -0.0, -1e-06, 0.965781, -0.259353, 0.300003, -0.0, 0.259351, 0.965784, -0.0, 0.0, 0.0, 0.0, 1.0],
                [1.000001, 0.0, 0.0, 0.0, 0.0, 0.999997, -0.000993, 0.300003, -0.0, 0.000993, 1.000001, 0.0, 0.0, 0.0, 0.0, 1.0],
                [1.0, 0.0, 0.0, -0.0, -0.0, 0.829179, -0.558984, 0.300003, -0.0, 0.558981, 0.829182, 0.0, 0.0, 0.0, 0.0, 1.0],
                [1.0, -3e-06, 4e-06, 0.0, 3e-06, -0.289605, -0.957148, 0.300003, 5e-06, 0.957143, -0.289606, 0.0, 0.0, 0.0, 0.0, 1.0],
                [1.000001, -1e-06, 0.0, -0.0, 1e-06, 0.917702, -0.39727, 0.300002, 0.0, 0.397269, 0.917702, -0.0, 0.0, 0.0, 0.0, 1.0],
                [1.0, 0.0, -0.0, -0.0, -0.0, 0.971118, -0.2386, 0.300002, -0.0, 0.2386, 0.971118, 0.0, 0.0, 0.0, 0.0, 1.0]
            ]
        },
        {
            "name": "Tool_L",
            "time": [0.0, 1.25],
            "transform": [
                [1.0, -0.0, 0.0, 0.0, 0.0, -0.999559, -0.029689, 0.271711, 0.0, 0.029689, -0.99956, -0.028915, 0.0, 0.0, 0.0, 1.0],
                [1.0, -0.0, 0.0, -0.0, 0.0, -0.999559, -0.029689, 0.271711, 0.0, 0.029689, -0.999559, -0.028915, 0.0, 0.0, 0.0, 1.0]
            ]
        },
        {
            "name": "Elbow_L",
            "time": [0.0, 1.25],
            "transform": [
                [-1.0, 0.0, -0.0, -0.0, 0.0, 0.003946, -0.999992, 0.338814, -0.0, -0.999993, -0.003946, -0.001099, 0.0, 0.0, 0.0, 1.0],
                [-1.0, 0.0, -0.0, -0.0, 0.0, 0.003946, -0.999992, 0.321775, -0.0, -0.999993, -0.003946, -0.001166, 0.0, 0.0, 0.0, 1.0]
            ]
        }
    ]
}