{
    "animation": [
        {
            "name": "Root",
            "time": [0.0, 0.0833, 0.1667, 0.25, 0.3333, 0.4167, 0.5],
            "transform": [
                [0.999942, 0.0, 0.010809, -5e-06, 0.010621, 0.185652, -0.982558, 0.000946, -0.002007, 0.982616, 0.185641, 0.763972, 0.0, 0.0, 0.0, 1.0],
                [0.999942, 0.0, 0.010809, -5e-06, 0.010678, 0.155, -0.987857, -0.001118, -0.001675, 0.987915, 0.154991, 0.734142, 0.0, 0.0, 0.0, 1.0],
                [0.999942, 0.0, 0.010809, -5e-06, 0.010731, 0.119625, -0.992761, -0.003183, -0.001293, 0.992819, 0.119618, 0.704312, 0.0, 0.0, 0.0, 1.0],
                [0.999942, 0.0, 0.010809, -5e-06, 0.010735, 0.116574, -0.993124, -0.000171, -0.00126, 0.993182, 0.116568, 0.747825, 0.0, 0.0, 0.0, 1.0],
                [0.999942, 0.0, 0.010809, -5e-06, 0.010735, 0.116455, -0.993138, 0.000725, -0.001259, 0.993196, 0.116448, 0.760767, 0.0, 0.0, 0.0, 1.0],
                [0.999942, 0.0, 0.010809, -5e-06, 0.010735, 0.116344, -0.993151, 0.000849, -0.001258, 0.993209, 0.116337, 0.762569, 0.0, 0.0, 0.0, 1.0],
                [0.999942, 0.0, 0.010809, -5e-06, 0.010736, 0.116303, -0.993156, 0.000946, -0.001257, 0.993214, 0.116296, 0.763972, 0.0, 0.0, 0.0, 1.0]
            ]
        },
        {
            "name": "Thigh_R",
            "time": [0.0, 0.0833, 0.1667, 0.25, 0.3333, 0.4167, 0.5],
            "transform": [
                [0.999376, 0.033029, 0.012526, 0.124994, 0.023969, -0.894525, 0.446371, -0.002831, 0.025949, -0.445791, -0.894761, -1.2e-05, 0.0, 0.0, 0.0, 1.0],
                [0.999148, 0.03574, 0.020611, 0.124994, 0.03017, -0.97369, 0.225861, -0.002831, 0.028141, -0.225046, -0.973942, -1.2e-05, 0.0, 0.0, 0.0, 1.0],
                [0.998465, 0.045909, 0.030975, 0.124994, 0.033752, -0.947868, 0.316865, -0.002831, 0.043907, -0.315332, -0.947966, -1.2e-05, 0.0, 0.0, 0.0, 1.0],
                [0.991051, 0.093157, 0.095599, 0.124994, 0.038443, -0.885043, 0.463917, -0.00283, 0.127827, -0.456089, -0.880706, -1.2e-05, 0.0, 0.0, 0.0, 1.0],
                [0.990595, 0.100775, 0.092551, 0.124994, 0.025068, -0.798633, 0.601295, -0.00283, 0.13451, -0.593318, -0.79365, -1.2e-05, 0.0, 0.0, 0.0, 1.0],
                [0.992398, 0.090264, 0.083657, 0.124994, -8.4e-05, -0.679251, 0.733905, -0.002831, 0.12307, -0.728331, -0.674081, -1.2e-05, 0.0, 0.0, 0.0, 1.0],
                [0.992675, 0.08382, 0.087006, 0.124994, -0.01332, -0.639846, 0.768387, -0.00283, 0.120076, -0.763916, -0.634044, -1.2e-05, 0.0, 0.0, 0.0, 1.0]
            ]
        },
        {
            "name": "Leg_R",
            "time": [0.0, 0.0833, 0.1667, 0.25, 0.3333, 0.4167, 0.5],
            "transform": [
                [1.0, -0.0, 1e-06, -0.0, -0.0, 0.836528, 0.54793, 0.374726, -1e-06, -0.547934, 0.836517, -0.0, 0.0, 0.0, 0.0, 1.0],
                [1.0, -0.0, 1e-06, -0.0, -0.0, 0.94286, 0.333204, 0.374726, -1e-06, -0.333207, 0.942848, 0.0, 0.0, 0.0, 0.0, 1.0],
                [1.0, -0.0, 1e-06, 0.0, -0.0, 0.752909, 0.658127, 0.374726, -1e-06, -0.658132, 0.7529, 0.0, 0.0, 0.0, 0.0, 1.0],
                [1.0, -1e-06, 1e-06, 0.0, -0.0, 0.49698, 0.867761, 0.374726, -1e-06, -0.867767, 0.496973, -0.0, 0.0, 0.0, 0.0, 1.0],
                [1.0, -1e-06, 1e-06, 0.0, -0.0, 0.332792, 0.942997, 0.374726, -1e-06, -0.943004, 0.332788, -0.0, 0.0, 0.0, 0.0, 1.0],
                [1.0, -1e-06, 1e-06, 0.0, -0.0, 0.286368, 0.958116, 0.374726, -1e-06, -0.958124, 0.286365, 0.0, 0.0, 0.0, 0.0, 1.0],
                [1.0, -1e-06, 1e-06, 0.0, -0.0, 0.341364, 0.939929, 0.374726, -1e-06, -0.939936, 0.34136, 0.0, 0.0, 0.0, 0.0, 1.0]
            ]
        },
        {
            "name": "Knee_R",
            "time": [0.0, 0.5],
            "transform": [
                [1.0, 0.0, -0.0, 0.0, -0.0, 0.00567, -0.999984, 0.379448, -0.0, 0.999984, 0.00567, -2.7e-05, 0.0, 0.0, 0.0, 1.0],
                [1.0, 0.0, -0.0, 0.0, -0.0, 0.00567, -0.999984, 0.446941, -0.0, 0.999984, 0.00567, -0.000409, 0.0, 0.0, 0.0, 1.0]
            ]
        },
        {
            "name": "Thigh_L",
            "time": [0.0, 0.0833, 0.1667, 0.25, 0.3333, 0.4167, 0.5],
            "transform": [
                [0.999834, -0.017926, -0.003102, -0.125006, -0.015869, -0.942735, 0.333162, -0.002831, -0.008897, -0.333058, -0.942864, -1.2e-05, 0.0, 0.0, 0.0, 1.0],
                [0.99978, -0.020072, -0.00603, -0.125006, -0.017823, -0.965633, 0.259296, -0.002831, -0.011028, -0.259132, -0.965779, -1.2e-05, 0.0, 0.0, 0.0, 1.0],
                [0.999494, -0.025831, -0.01858, -0.125006, -0.020799, -0.97228, 0.232889, -0.002831, -0.024081, -0.232385, -0.972325, -1.2e-05, 0.0, 0.0, 0.0, 1.0],
                [0.995036, -0.036484, -0.092585, -0.125006, -0.027098, -0.994549, 0.100678, -0.002831, -0.095754, -0.09767, -0.990602, -1.2e-05, 0.0, 0.0, 0.0, 1.0],
                [0.994795, -0.051713, -0.087793, -0.125006, -0.026429, -0.963103, 0.267831, -0.002831, -0.098404, -0.264117, -0.959457, -1.2e-05, 0.0, 0.0, 0.0, 1.0],
                [0.996072, -0.04959, -0.073349, -0.125006, -0.022854, -0.944359, 0.328119, -0.002831, -0.085539, -0.325154, -0.941784, -1.2e-05, 0.0, 0.0, 0.0, 1.0],
                [0.996412, -0.048534, -0.069332, -0.125006, -0.022312, -0.940889, 0.337979, -0.002831, -0.081637, -0.335219, -0.938596, -1.2e-05, 0.0, 0.0, 0.0, 1.0]
            ]
        },
        {
            "name": "Leg_L",
            "time": [0.0, 0.0833, 0.1667, 0.25, 0.3333, 0.4167, 0.5],
            "transform": [
                [1.0, -0.0, 1e-06, -0.0, -0.0, 0.942072, 0.335413, 0.374726, -1e-06, -0.335413, 0.942071, -0.0, 0.0, 0.0, 0.0, 1.0],
                [1.0, -0.0, 1e-06, 0.0, -0.0, 0.968257, 0.249961, 0.374726, -1e-06, -0.249961, 0.968256, 0.0, 0.0, 0.0, 0.0, 1.0],
                [1.0, -0.0, 1e-06, -0.0, -0.0, 0.962131, 0.272592, 0.374726, -1e-06, -0.272593, 0.96213, -0.0, 0.0, 0.0, 0.0, 1.0],
                [1.0, -0.0, 1e-06, -0.0, -0.0, 0.981864, 0.189592, 0.374726, -1e-06, -0.189592, 0.981863, 0.0, 0.0, 0.0, 0.0, 1.0],
                [1.0, -0.0, 1e-06, -0.0, -0.0, 0.896525, 0.442993, 0.374726, -1e-06, -0.442994, 0.896525, -0.0, 0.0, 0.0, 0.0, 1.0],
                [1.000001, -0.0, 1e-06, 0.0, -0.0, 0.891863, 0.452306, 0.374726, -1e-06, -0.452307, 0.891862, -0.0, 0.0, 0.0, 0.0, 1.0],
                [1.0, -0.0, 1e-06, -0.0, -0.0, 0.894166, 0.447736, 0.374726, -1e-06, -0.447737, 0.894166, -0.0, 0.0, 0.0, 0.0, 1.0]
            ]
        },
        {
            "name": "Knee_L",
            "time": [0.0, 0.5],
            "transform": [
                [1.0, 0.0, -0.0, -0.0, -0.0, 0.00567, -0.999984, 0.374726, -0.0, 0.999984, 0.00567, -0.0, 0.0, 0.0, 0.0, 1.0],
                [1.0, 0.0, -0.0, 0.0, -0.0, 0.00567, -0.999984, 0.374726, -0.0, 0.999984, 0.00567, 0.0, 0.0, 0.0, 0.0, 1.0]
            ]
        },
        {
            "name": "Torso",
            "time": [0.0, 0.0833, 0.1667, 0.25, 0.3333, 0.4167, 0.5],
            "transform": [
                [1.0, -0.0, -0.0, -0.0, 0.0, 1.0, -0.000689, 0.05, -0.0, 0.000689, 1.0, -0.0, 0.0, 0.0, 0.0, 1.0],
                [1.0, -0.000224, 2e-06, 0.0, 0.000224, 0.999772, -0.021369, 0.05, 2e-06, 0.021369, 0.999772, -0.0, 0.0, 0.0, 0.0, 1.0],
                [1.0, -0.000447, 1e-05, 0.0, 0.000447, 0.999116, -0.04204, 0.05, 9e-06, 0.04204, 0.999116, -0.0, 0.0, 0.0, 0.0, 1.0],
                [1.0, -0.000224, 3e-06, -0.0, 0.000224, 0.999772, -0.021369, 0.05, 2e-06, 0.021369, 0.999772, 0.0, 0.0, 0.0, 0.0, 1.0],
                [1.0, -0.0, -0.0, -0.0, -0.0, 1.0, -0.000689, 0.05, -0.0, 0.000689, 1.0, 0.0, 0.0, 0.0, 0.0, 1.0],
                [1.0, -0.000405, 8e-06, 0.0, 0.000405, 0.999272, -0.038142, 0.05, 8e-06, 0.038142, 0.999272, -0.0, 0.0, 0.0, 0.0, 1.0],
                [1.0, 0.0, -0.0, 0.0, 0.0, 1.0, -0.000689, 0.05, -0.0, 0.000689, 1.0, -0.0, 0.0, 0.0, 0.0, 1.0]
            ]
        },
        {
            "name": "Chest",
            "time": [0.0, 0.0833, 0.1667, 0.25, 0.3333, 0.4167, 0.5],
            "transform": [
                [0.999863, 0.005361, -0.015646, -0.0, 0.00433, 0.828171, 0.560458, 0.3, 0.015963, -0.560449, 0.828035, 0.0, 0.0, 0.0, 0.0, 1.0],
                [0.999871, 0.006711, -0.014567, 0.0, 0.005096, 0.728249, 0.685293, 0.3, 0.015208, -0.685279, 0.728122, 0.0, 0.0, 0.0, 0.0, 1.0],
                [0.999878, 0.007537, -0.013701, -0.0, 0.005551, 0.648014, 0.761608, 0.3, 0.014618, -0.761591, 0.647893, 0.0, 0.0, 0.0, 0.0, 1.0],
                [0.999861, 0.004878, -0.015954, 0.0, 0.004051, 0.856698, 0.515802, 0.3, 0.016184, -0.515795, 0.856559, -0.0, 0.0, 0.0, 0.0, 1.0],
                [0.999853, 0.002826, -0.016911, -0.0, 0.002842, 0.945353, 0.326036, 0.3, 0.016909, -0.326036, 0.945206, -0.0, 0.0, 0.0, 0.0, 1.0],
                [0.999849, 0.001406, -0.01729, 0.0, 0.001987, 0.980863, 0.194689, 0.3, 0.017233, -0.194694, 0.980713, 0.0, 0.0, 0.0, 0.0, 1.0],
                [0.999848, 0.0005, -0.017434, -0.0, 0.001436, 0.99384, 0.110819, 0.3, 0.017382, -0.110827, 0.993688, -0.0, 0.0, 0.0, 0.0, 1.0]
            ]
        },
        {
            "name": "Head",
            "time": [0.0, 0.0833, 0.1667, 0.25, 0.3333, 0.4167, 0.5],
            "transform": [
                [0.999952, -0.0074, 0.006476, 0.0, 0.008624, 0.976351, -0.216021, 0.4, -0.004724, 0.216066, 0.976367, 0.0, 0.0, 0.0, 0.0, 1.0],
                [0.999961, -0.006427, 0.006066, 0.0, 0.008203, 0.93038, -0.366504, 0.4, -0.003288, 0.366539, 0.930397, 0.0, 0.0, 0.0, 0.0, 1.0],
                [0.999967, -0.005852, 0.005731, -0.0, 0.007824, 0.889346, -0.457168, 0.4, -0.002421, 0.457197, 0.889362, -0.0, 0.0, 0.0, 0.0, 1.0],
                [0.999943, -0.00833, 0.006747, 0.0, 0.008867, 0.996427, -0.083996, 0.4, -0.006024, 0.084051, 0.996443, -0.0, 0.0, 0.0, 0.0, 1.0],
                [0.999933, -0.00938, 0.006825, -0.0, 0.008799, 0.996704, 0.080646, 0.4, -0.007559, -0.080581, 0.996719, -0.0, 0.0, 0.0, 0.0, 1.0],
                [0.999939, -0.008779, 0.006767, -0.0, 0.008812, 0.999949, -0.004847, 0.4, -0.006724, 0.004906, 0.999965, 0.0, 0.0, 0.0, 0.0, 1.0],
                [0.999943, -0.008335, 0.006713, 0.0, 0.00881, 0.997207, -0.074163, 0.4, -0.006077, 0.074218, 0.997223, -0.0, 0.0, 0.0, 0.0, 1.0]
            ]
        },
        {
            "name": "Shoulder_R",
            "time": [0.0, 0.0833, 0.1667, 0.25, 0.3333, 0.4167, 0.5],
            "transform": [
                [0.0, 0.952114, 0.305743, 8.9e-05, 0.0, -0.305743, 0.952114, 0.511173, 1.0, 0.0, -0.0, 0.001871, 0.0, 0.0, 0.0, 1.0],
                [0.0, 0.952114, 0.305743, 8.9e-05, -0.0, -0.305743, 0.952114, 0.511173, 1.0, -0.0, -0.0, 0.001871, 0.0, 0.0, 0.0, 1.0],
                [0.0, 0.952114, 0.305743, 8.9e-05, 0.0, -0.305743, 0.952114, 0.511173, 1.0, 0.0, -0.0, 0.001871, 0.0, 0.0, 0.0, 1.0],
                [0.0, 0.952114, 0.305743, 8.9e-05, -0.0, -0.305743, 0.952114, 0.511173, 1.0, 0.0, -0.0, 0.001871, 0.0, 0.0, 0.0, 1.0],
                [0.0, 0.952114, 0.305743, 8.9e-05, -0.0, -0.305743, 0.952114, 0.511173, 1.0, 0.0, -0.0, 0.001871, 0.0, 0.0, 0.0, 1.0],
                [0.0, 0.952114, 0.305743, 8.9e-05, -0.0, -0.305743, 0.952114, 0.511173, 1.0, 0.0, -0.0, 0.001871, 0.0, 0.0, 0.0, 1.0],
                [0.0, 0.952114, 0.305743, 8.9e-05, 0.0, -0.305743, 0.952114, 0.511173, 1.0, 0.0, -0.0, 0.001871, 0.0, 0.0, 0.0, 1.0]
            ]
        },
        {
            "name": "Arm_R",
            "time": [0.0, 0.0833, 0.1667, 0.25, 0.3333, 0.4167, 0.5],
            "transform": [
                [-0.071839, -0.909128, -0.410277, -0.0, 0.444929, 0.338936, -0.828952, 0.393861, 0.892681, -0.242095, 0.380148, -0.0, 0.0, 0.0, 0.0, 1.0],
                [-0.067759, -0.905699, -0.418472, 0.0, 0.548422, 0.316573, -0.77396, 0.393861, 0.833452, -0.281943, 0.475256, 0.0, 0.0, 0.0, 0.0, 1.0],
                [-0.034293, -0.815442, -0.577823, -0.0, 0.812607, 0.313824, -0.491106, 0.39386, 0.581803, -0.486385, 0.651872, -0.0, 0.0, 0.0, 0.0, 1.0],
                [0.014627, -0.65498, -0.755505, 0.0, 0.87931, 0.368143, -0.302135, 0.39386, 0.476027, -0.659903, 0.581315, 0.0, 0.0, 0.0, 0.0, 1.0],
                [0.0255, -0.418461, -0.907877, 0.0, 0.899224, 0.406371, -0.162048, 0.393861, 0.436746, -0.812252, 0.386653, -0.0, 0.0, 0.0, 0.0, 1.0],
                [0.068438, -0.410993, -0.909067, 0.0, 0.915587, 0.387791, -0.106392, 0.393861, 0.396254, -0.825048, 0.402839, -0.0, 0.0, 0.0, 0.0, 1.0],
                [0.110788, -0.307698, -0.945013, 0.0, 0.922698, 0.38514, -0.017229, 0.393861, 0.369264, -0.870052, 0.326581, -0.0, 0.0, 0.0, 0.0, 1.0]
            ]
        },
        {
            "name": "Hand_R",
            "time": [0.0, 0.0833, 0.1667, 0.25, 0.3333, 0.4167, 0.5],
            "transform": [
                [0.999999, -3e-06, 1e-06, 0.0, 2e-06, 0.929032, -0.37, 0.300003, 0.0, 0.37, 0.929031, 0.0, 0.0, 0.0, 0.0, 1.0],
                [0.999999, -2e-06, 0.0, -0.0, 2e-06, 0.949662, -0.313274, 0.300003, 0.0, 0.313274, 0.949662, 0.0, 0.0, 0.0, 0.0, 1.0],
                [1.0, -0.0, 0.0, -0.0, -0.0, 0.98805, -0.154131, 0.300003, -0.0, 0.154131, 0.98805, 0.0, 0.0, 0.0, 0.0, 1.0],
                [1.0, -0.0, 0.0, -0.0, 0.0, 0.999372, -0.035433, 0.300003, 0.0, 0.035432, 0.999372, -0.0, 0.0, 0.0, 0.0, 1.0],
                [0.999999, 0.0, 0.0, -0.0, 0.0, 0.981734, -0.190257, 0.300003, -0.0, 0.190257, 0.981734, -0.0, 0.0, 0.0, 0.0, 1.0],
                [1.0, -1e-06, 0.0, -0.0, 1e-06, 0.987698, -0.156371, 0.300003, -0.0, 0.156371, 0.987698, 0.0, 0.0, 0.0, 0.0, 1.0],
                [1.0, -2e-06, 1e-06, -0.0, 2e-06, 0.937465, -0.348079, 0.300003, 0.0, 0.348079, 0.937465, -0.0, 0.0, 0.0, 0.0, 1.0]
            ]
        },
        {
            "name": "Tool_R",
            "time": [0.0, 0.5],
            "transform": [
                [1.0, -0.0, 0.0, -0.0, -0.0, -0.999559, -0.029689, 0.271711, 0.0, 0.029689, -0.99956, -0.028915, 0.0, 0.0, 0.0, 1.0],
                [1.0, 0.0, 0.0, 0.0, 0.0, -0.999559, -0.029689, 0.271711, 0.0, 0.029689, -0.99956, -0.028915, 0.0, 0.0, 0.0, 1.0]
            ]
        },
        {
            "name": "Elbow_R",
            "time": [0.0, 0.5],
            "transform": [
                [-1.0, 0.0, 0.0, 0.0, 0.0, 0.003946, -0.999992, 0.334715, -0.0, -0.999992, -0.003946, -0.001115, 0.0, 0.0, 0.0, 1.0],
                [-1.0, 0.0, -0.0, -0.0, 0.0, 0.003946, -0.999992, 0.332514, -0.0, -0.999992, -0.003946, -0.001124, 0.0, 0.0, 0.0, 1.0]
            ]
        },
        {
            "name": "Shoulder_L",
            "time": [0.0, 0.0833, 0.1667, 0.25, 0.3333, 0.4167, 0.5],
            "transform": [
                [-0.0, -0.952114, -0.305743, 8.9e-05, 0.0, -0.305743, 0.952114, 0.511173, -1.0, -0.0, 0.0, 0.001871, 0.0, 0.0, 0.0, 1.0],
                [-0.0, -0.952114, -0.305743, 8.9e-05, 0.0, -0.305743, 0.952114, 0.511173, -1.0, -0.0, 0.0, 0.001871, 0.0, 0.0, 0.0, 1.0],
                [-0.0, -0.952114, -0.305743, 8.9e-05, 0.0, -0.305743, 0.952114, 0.511173, -1.0, -0.0, 0.0, 0.001871, 0.0, 0.0, 0.0, 1.0],
                [-0.0, -0.952114, -0.305743, 8.9e-05, 0.0, -0.305743, 0.952114, 0.511173, -1.0, -0.0, 0.0, 0.001871, 0.0, 0.0, 0.0, 1.0],
                [-0.0, -0.952114, -0.305743, 8.9e-05, 0.0, -0.305743, 0.952114, 0.511173, -1.0, -0.0, 0.0, 0.001871, 0.0, 0.0, 0.0, 1.0],
                [-0.0, -0.952114, -0.305743, 8.9e-05, 0.0, -0.305743, 0.952114, 0.511173, -1.0, -0.0, 0.0, 0.001871, 0.0, 0.0, 0.0, 1.0],
                [-0.0, -0.952114, -0.305743, 8.9e-05, 0.0, -0.305743, 0.952114, 0.511173, -1.0, -0.0, 0.0, 0.001871, 0.0, 0.0, 0.0, 1.0]
            ]
        },
        {
            "name": "Arm_L",
            "time": [0.0, 0.0833, 0.1667, 0.25, 0.3333, 0.4167, 0.5],
            "transform": [
                [-0.06661, 0.918751, 0.389178, -0.0, -0.448758, 0.320783, -0.834095, 0.39386, -0.891167, -0.230205, 0.390929, -0.0, 0.0, 0.0, 0.0, 1.0],
                [-0.046587, 0.884958, 0.463334, -0.0, -0.54908, 0.364792, -0.751955, 0.39386, -0.834469, -0.289438, 0.468918, 0.0, 0.0, 0.0, 0.0, 1.0],
                [-0.015987, 0.805203, 0.592784, 0.0, -0.811564, 0.33585, -0.478087, 0.39386, -0.584043, -0.488725, 0.648104, -0.0, 0.0, 0.0, 0.0, 1.0],
                [0.028713, 0.650052, 0.759347, 0.0, -0.878329, 0.379061, -0.291289, 0.39386, -0.477191, -0.658593, 0.581843, -0.0, 0.0, 0.0, 0.0, 1.0],
                [0.041691, 0.429224, 0.902235, 0.0, -0.896789, 0.414193, -0.155606, 0.39386, -0.440488, -0.802628, 0.402191, 0.0, 0.0, 0.0, 0.0, 1.0],
                [0.085877, 0.37652, 0.922419, -0.0, -0.911599, 0.403271, -0.07974, 0.39386, -0.402008, -0.834029, 0.377867, 0.0, 0.0, 0.0, 0.0, 1.0],
                [0.128908, 0.280412, 0.951184, -0.0, -0.917771, 0.397042, 0.007331, 0.39386, -0.375604, -0.873915, 0.308535, 0.0, 0.0, 0.0, 0.0, 1.0]
            ]
        },
        {
            "name": "Hand_L",
            "time": [0.0, 0.0833, 0.1667, 0.25, 0.3333, 0.4167, 0.5],
            "transform": [
                [1.0, 2e-06, -0.0, 0.0, -2e-06, 0.970139, -0.24255, 0.300003, -0.0, 0.24255, 0.970139, -0.0, 0.0, 0.0, 0.0, 1.0],
                [1.0, -0.0, 0.0, 0.0, -0.0, 0.924415, -0.381391, 0.300002, 0.0, 0.381391, 0.924415, 0.0, 0.0, 0.0, 0.0, 1.0],
                [1.0, 1e-06, -0.0, 0.0, -1e-06, 0.987615, -0.156902, 0.300003, -0.0, 0.156902, 0.987615, 0.0, 0.0, 0.0, 0.0, 1.0],
                [1.0, -0.0, 0.0, 0.0, -0.0, 1.0, -0.000992, 0.300002, -0.0, 0.000992, 1.0, -0.0, 0.0, 0.0, 0.0, 1.0],
                [1.000001, -1e-06, 0.0, -0.0, 1e-06, 0.989496, -0.144563, 0.300003, 0.0, 0.144564, 0.989496, -0.0, 0.0, 0.0, 0.0, 1.0],
                [1.0, -1e-06, 0.0, -0.0, 1e-06, 0.976055, -0.217526, 0.300002, 0.0, 0.217526, 0.976055, 0.0, 0.0, 0.0, 0.0, 1.0],
                [1.0, -1e-06, 0.0, -0.0, 1e-06, 0.919437, -0.393237, 0.300003, 0.0, 0.393238, 0.919438, -0.0, 0.0, 0.0, 0.0, 1.0]
            ]
        },
        {
            "name": "Tool_L",
            "time": [0.0, 0.5],
            "transform": [
                [1.0, 0.0, 0.0, -0.0, 0.0, -0.999559, -0.029689, 0.271711, 0.0, 0.029689, -0.999559, -0.028915, 0.0, 0.0, 0.0, 1.0],
                [1.0, 0.0, 0.0, 0.0, -0.0, -0.999559, -0.029689, 0.271711, 0.0, 0.029689, -0.99956, -0.028915, 0.0, 0.0, 0.0, 1.0]
            ]
        },
        {
            "name": "Elbow_L",
            "time": [0.0, 0.5],
            "transform": [
                [-1.0, 0.0, -0.0, -0.0, 0.0, 0.003946, -0.999992, 0.322157, -0.0, -0.999992, -0.003946, -0.001165, 0.0, 0.0, 0.0, 1.0],
                [-1.0, 0.0, -0.0, -0.0, 0.0, 0.003946, -0.999992, 0.337071, -0.0, -0.999993, -0.003946, -0.001106, 0.0, 0.0, 0.0, 1.0]
            ]
        }
    ]
}