{
    "animation": [
        {
            "name": "Coord",
            "time": [0.0, 0.1667, 0.8333, 0.9167, 1.0, 1.25],
            "transform": [
                [1.0, 0.0, 0.0, -5e-06, 0.0, 0.0, -1.0, -0.602606, 0.0, 1.0, 0.0, -1.907643, 0.0, 0.0, 0.0, 1.0],
                [1.0, 0.0, 0.0, -5e-06, 0.0, 0.0, -1.0, -0.60261, 0.0, 1.0, 0.0, -1.907646, 0.0, 0.0, 0.0, 1.0],
                [1.0, 0.0, 0.0, -5e-06, 0.0, 0.0, -1.0, -0.533922, 0.0, 1.0, 0.0, -0.274639, 0.0, 0.0, 0.0, 1.0],
                [1.0, 0.0, 0.0, -5e-06, 0.0, 0.0, -1.0, -0.54756, 0.0, 1.0, 0.0, 0.013829, 0.0, 0.0, 0.0, 1.0],
                [1.0, 0.0, 0.0, -5e-06, 0.0, 0.0, -1.0, -0.541052, 0.0, 1.0, 0.0, 0.005929, 0.0, 0.0, 0.0, 1.0],
                [1.0, 0.0, 0.0, -5e-06, 0.0, 0.0, -1.0, -0.232734, 0.0, 1.0, 0.0, 0.001052, 0.0, 0.0, 0.0, 1.0]
            ]
        },
        {
            "name": "Root",
            "time": [0.0, 0.1667, 0.3333, 0.5, 0.6667, 0.8333, 1.0, 1.25],
            "transform": [
                [0.999215, 0.0, 0.039622, 0.0, 0.0, 1.0, 0.0, 0.760865, -0.039622, 0.0, 0.999215, -0.000944, 0.0, 0.0, 0.0, 1.0],
                [0.999215, 0.0, 0.039622, 0.0, 0.005553, 0.990131, -0.140038, 0.760865, -0.039231, 0.140148, 0.989353, -0.000944, 0.0, 0.0, 0.0, 1.0],
                [0.999279, -1e-05, 0.037956, -0.096999, 0.002774, 0.997345, -0.072772, 0.557542, -0.037855, 0.072825, 0.996626, 0.058693, 0.0, 0.0, 0.0, 1.0],
                [0.999499, 0.0, 0.031666, -0.112603, 0.0, 1.0, 0.0, 0.243227, -0.031666, 0.0, 0.999499, 0.315181, 0.0, 0.0, 0.0, 1.0],
                [0.959385, -0.281138, 0.023296, -0.227374, 0.281055, 0.959668, 0.006825, 0.543469, -0.024275, -0.0, 0.999705, 0.322265, 0.0, 0.0, 0.0, 1.0],
                [0.976105, -0.216674, 0.016482, -0.11761, 0.211357, 0.96429, 0.159606, 0.431568, -0.050476, -0.152309, 0.987043, 0.282117, 0.0, 0.0, 0.0, 1.0],
                [0.999937, -0.0, 0.011197, -0.048993, -0.00376, 0.941936, 0.335772, 0.535483, -0.010547, -0.335793, 0.941877, 0.143004, 0.0, 0.0, 0.0, 1.0],
                [0.99996, 0.0, 0.008922, 0.0, 0.0, 1.0, 0.0, 0.763986, -0.008922, 0.0, 0.99996, -0.000944, 0.0, 0.0, 0.0, 1.0]
            ]
        },
        {
            "name": "Thigh_R",
            "time": [0.0, 0.1667, 0.3333, 0.5, 0.6667, 0.8333, 0.9167, 1.0, 1.25],
            "transform": [
                [0.998372, 0.046037, 0.033675, 0.124994, 0.019418, -0.829451, 0.558242, -0.002831, 0.053631, -0.556678, -0.828995, -1.2e-05, 0.0, 0.0, 0.0, 1.0],
                [0.797872, 0.563419, 0.214375, 0.124994, -0.089877, -0.24046, 0.96649, -0.002831, 0.596087, -0.790402, -0.141218, -1.2e-05, 0.0, 0.0, 0.0, 1.0],
                [0.748911, 0.481997, 0.454764, 0.124994, -0.026781, -0.663684, 0.747535, -0.002831, 0.662129, -0.572014, -0.484133, -1.2e-05, 0.0, 0.0, 0.0, 1.0],
                [0.915322, 0.32294, 0.240615, 0.124994, -0.031293, -0.538629, 0.841963, -0.002831, 0.401505, -0.778195, -0.482914, -1.2e-05, 0.0, 0.0, 0.0, 1.0],
                [0.785645, 0.567586, 0.246186, 0.124994, 0.275166, -0.676968, 0.68264, -0.00283, 0.554117, -0.46857, -0.688038, -1.2e-05, 0.0, 0.0, 0.0, 1.0],
                [0.933156, 0.342202, -0.110079, 0.124994, -0.131456, 0.609865, 0.781526, -0.002831, 0.334573, -0.714813, 0.614085, -1.2e-05, 0.0, 0.0, 0.0, 1.0],
                [0.97694, 0.20311, 0.065833, 0.124994, -0.061036, -0.029802, 0.997691, -0.002831, 0.204603, -0.978701, -0.016717, -1.2e-05, 0.0, 0.0, 0.0, 1.0],
                [0.988132, 0.149113, -0.036869, 0.124994, 0.032967, 0.028554, 0.999049, -0.002831, 0.150024, -0.988406, 0.0233, -1.2e-05, 0.0, 0.0, 0.0, 1.0],
                [0.998559, 0.045908, 0.027816, 0.124994, 0.045566, -0.998878, 0.012815, -0.00283, 0.028373, -0.011529, -0.999531, -1.2e-05, 0.0, 0.0, 0.0, 1.0]
            ]
        },
        {
            "name": "Leg_R",
            "time": [0.0, 0.1667, 0.3333, 0.5, 0.6667, 0.8333, 0.9167, 1.0, 1.1, 1.1667, 1.25],
            "transform": [
                [1.000002, -1e-06, 1e-06, 0.0, -0.0, 0.542399, 0.840119, 0.374726, -1e-06, -0.840129, 0.542391, -0.0, 0.0, 0.0, 0.0, 1.0],
                [1.000001, -1e-06, 0.0, -0.0, -0.0, -0.186243, 0.982498, 0.374726, -1e-06, -0.98251, -0.18624, 0.0, 0.0, 0.0, 0.0, 1.0],
                [1.000001, -1e-06, 1e-06, 0.0, -0.0, 0.717554, 0.696506, 0.374726, -1e-06, -0.696513, 0.717541, 0.0, 0.0, 0.0, 0.0, 1.0],
                [1.000001, -0.0, 1e-06, 0.0, -0.0, 0.965797, 0.259325, 0.374726, -1e-06, -0.259328, 0.96578, 0.0, 0.0, 0.0, 0.0, 1.0],
                [1.000001, -0.0, 1e-06, -0.0, 0.0, 0.860205, 0.509956, 0.374726, -1e-06, -0.509962, 0.860193, -0.0, 0.0, 0.0, 0.0, 1.0],
                [1.0, -1e-06, 0.0, 0.0, -0.0, -0.237629, 0.971354, 0.374726, -1e-06, -0.971361, -0.237626, 0.0, 0.0, 0.0, 0.0, 1.0],
                [1.0, -1e-06, 1e-06, 0.0, -0.0, 0.357047, 0.934084, 0.374726, -1e-06, -0.934091, 0.357043, -0.0, 0.0, 0.0, 0.0, 1.0],
                [1.0, -1e-06, 0.0, 0.0, -0.0, 0.302083, 0.953278, 0.374726, -1e-06, -0.953286, 0.302079, 0.0, 0.0, 0.0, 0.0, 1.0],
                [1.000001, -1e-06, 0.0, 0.0, -0.0, 0.336272, 0.94176, 0.374726, -1e-06, -0.941771, 0.336267, 0.0, 0.0, 0.0, 0.0, 1.0],
                [1.000001, -1e-06, 1e-06, -0.0, -0.0, 0.527113, 0.849793, 0.374726, -1e-06, -0.849803, 0.527105, 0.0, 0.0, 0.0, 0.0, 1.0],
                [1.0, -0.0, 1e-06, 0.0, -0.0, 0.954702, 0.297584, 0.374726, -1e-06, -0.297588, 0.954689, 0.0, 0.0, 0.0, 0.0, 1.0]
            ]
        },
        {
            "name": "Knee_R",
            "time": [0.0, 1.25],
            "transform": [
                [1.0, 0.0, -0.0, 0.0, -0.0, 0.00567, -0.999984, 0.423315, -0.0, 0.999984, 0.00567, -0.000276, 0.0, 0.0, 0.0, 1.0],
                [1.0, 0.0, -0.0, -0.0, -0.0, 0.00567, -0.999984, 0.374726, -0.0, 0.999984, 0.00567, -0.0, 0.0, 0.0, 0.0, 1.0]
            ]
        },
        {
            "name": "Thigh_L",
            "time": [0.0, 0.1667, 0.3333, 0.5, 0.6667, 0.8333, 0.9167, 1.0, 1.1, 1.1667, 1.25],
            "transform": [
                [0.999788, -0.009794, 0.018107, -0.125006, -0.011484, -0.995341, 0.095728, -0.00283, 0.017085, -0.095916, -0.995244, -1.2e-05, 0.0, 0.0, 0.0, 1.0],
                [0.999715, -0.015212, 0.018381, -0.125006, -0.014555, -0.999269, -0.035344, -0.002831, 0.018905, 0.035066, -0.999206, -1.2e-05, 0.0, 0.0, 0.0, 1.0],
                [0.594755, -0.786616, 0.165837, -0.125006, 0.003725, 0.208983, 0.977914, -0.002831, -0.803898, -0.581, 0.127223, -1.2e-05, 0.0, 0.0, 0.0, 1.0],
                [0.838191, -0.545192, 0.014284, -0.125006, 0.474242, 0.741545, 0.474561, -0.002831, -0.269319, -0.390998, 0.880108, -1.2e-05, 0.0, 0.0, 0.0, 1.0],
                [0.46698, -0.576843, -0.67021, -0.125006, 0.317295, -0.598145, 0.735898, -0.00283, -0.82538, -0.556305, -0.096292, -1.2e-05, 0.0, 0.0, 0.0, 1.0],
                [0.459514, -0.420971, -0.782068, -0.125006, 0.258056, -0.779272, 0.571089, -0.002831, -0.849855, -0.46424, -0.249452, -1.2e-05, 0.0, 0.0, 0.0, 1.0],
                [0.877486, -0.21361, -0.429404, -0.125006, 0.0603, -0.839092, 0.540636, -0.002831, -0.475794, -0.500294, -0.723412, -1.2e-05, 0.0, 0.0, 0.0, 1.0],
                [0.986887, -0.156234, -0.040527, -0.125006, 0.036801, -0.026667, 0.998967, -0.002831, -0.157153, -0.987359, -0.020567, -1.2e-05, 0.0, 0.0, 0.0, 1.0],
                [0.998693, -0.030387, -0.041072, -0.125006, 0.029372, -0.316282, 0.948211, -0.00283, -0.041804, -0.948179, -0.314977, -1.2e-05, 0.0, 0.0, 0.0, 1.0],
                [0.999605, -0.024863, -0.013121, -0.125006, -0.007176, -0.676921, 0.736022, -0.002831, -0.027181, -0.735636, -0.676832, -1.2e-05, 0.0, 0.0, 0.0, 1.0],
                [0.999392, -0.029446, -0.018652, -0.125006, -0.024229, -0.971554, 0.235579, -0.00283, -0.025058, -0.234984, -0.971677, -1.2e-05, 0.0, 0.0, 0.0, 1.0]
            ]
        },
        {
            "name": "Leg_L",
            "time": [0.0, 0.1667, 0.3333, 0.5, 0.6667, 0.8333, 0.9167, 1.0, 1.1, 1.1667, 1.25],
            "transform": [
                [1.0, -0.0, 1e-06, -0.0, -0.0, 0.985509, 0.169635, 0.374726, -1e-06, -0.169636, 0.985501, 0.0, 0.0, 0.0, 0.0, 1.0],
                [1.000001, -0.0, 1e-06, 0.0, -0.0, 0.981944, 0.189186, 0.374726, -1e-06, -0.189187, 0.981937, -0.0, 0.0, 0.0, 0.0, 1.0],
                [1.0, -1e-06, -0.0, -0.0, -0.0, -0.661416, 0.750019, 0.374726, -1e-06, -0.750022, -0.661413, 0.0, 0.0, 0.0, 0.0, 1.0],
                [1.0, -1e-06, 0.0, 0.0, -0.0, 0.118553, 0.992946, 0.374726, -1e-06, -0.992948, 0.118553, 0.0, 0.0, 0.0, 0.0, 1.0],
                [1.0, -0.0, 1e-06, -0.0, -0.0, 0.895016, 0.446033, 0.374726, -1e-06, -0.446033, 0.895016, -0.0, 0.0, 0.0, 0.0, 1.0],
                [1.0, 0.0, 1e-06, -0.0, -0.0, 0.999989, 0.004968, 0.374726, -1e-06, -0.004968, 0.999986, -0.0, 0.0, 0.0, 0.0, 1.0],
                [1.0, -0.0, 1e-06, -0.0, 0.0, 0.999989, 0.004776, 0.374726, -1e-06, -0.004776, 0.999988, 0.0, 0.0, 0.0, 0.0, 1.0],
                [1.0, -1e-06, -0.0, -0.0, -0.0, -0.42196, 0.906614, 0.374726, -1e-06, -0.906615, -0.421959, -0.0, 0.0, 0.0, 0.0, 1.0],
                [1.0, -1e-06, 1e-06, -0.0, -0.0, 0.405032, 0.914302, 0.374726, -1e-06, -0.914303, 0.405031, 0.0, 0.0, 0.0, 0.0, 1.0],
                [1.0, -1e-06, 1e-06, 0.0, -0.0, 0.602053, 0.798456, 0.374726, -1e-06, -0.798456, 0.602053, -0.0, 0.0, 0.0, 0.0, 1.0],
                [1.0, -0.0, 1e-06, 0.0, -0.0, 0.971211, 0.23822, 0.374726, -1e-06, -0.23822, 0.971211, -0.0, 0.0, 0.0, 0.0, 1.0]
            ]
        },
        {
            "name": "Knee_L",
            "time": [0.0, 1.25],
            "transform": [
                [1.0, 0.0, -0.0, -0.0, -0.0, 0.00567, -0.999984, 0.374726, -0.0, 0.999984, 0.00567, -0.0, 0.0, 0.0, 0.0, 1.0],
                [1.0, 0.0, -0.0, 0.0, -0.0, 0.00567, -0.999984, 0.374726, -0.0, 0.999984, 0.00567, -0.0, 0.0, 0.0, 0.0, 1.0]
            ]
        },
        {
            "name": "Torso",
            "time": [0.0, 0.1667, 1.0, 1.25],
            "transform": [
                [1.0, 0.0, -0.0, -0.0, 0.0, 1.0, 0.0, 0.05, 0.0, 0.0, 1.0, -0.0, 0.0, 0.0, 0.0, 1.0],
                [1.0, 0.0, -0.0, -0.0, -0.0, 1.0, 0.0, 0.05, 0.0, 0.0, 1.0, -0.0, 0.0, 0.0, 0.0, 1.0],
                [1.0, -0.0, 0.0, 0.0, 0.0, 1.0, -0.0, 0.05, -0.0, 0.0, 1.0, -0.0, 0.0, 0.0, 0.0, 1.0],
                [1.0, 0.0, 0.0, -0.0, 0.0, 1.0, 0.0, 0.05, 0.0, 0.0, 1.0, 0.0, 0.0, 0.0, 0.0, 1.0]
            ]
        },
        {
            "name": "Chest",
            "time": [0.0, 0.1667, 0.4833, 0.6667, 0.8333, 1.0, 1.25],
            "transform": [
                [0.998262, 0.0, -0.058931, -0.0, 0.0, 1.0, 0.0, 0.3, 0.058931, 0.0, 0.998262, -0.0, 0.0, 0.0, 0.0, 1.0],
                [0.998271, 0.006112, -0.058457, -0.0, 0.002982, 0.988029, 0.154239, 0.3, 0.0587, -0.154147, 0.986303, -0.0, 0.0, 0.0, 0.0, 1.0],
                [0.972562, 0.225786, -0.056058, -0.0, -0.173716, 0.865103, 0.470553, 0.3, 0.15474, -0.447904, 0.880589, -0.0, 0.0, 0.0, 0.0, 1.0],
                [0.963908, 0.258067, -0.065449, 0.0, -0.180965, 0.815387, 0.549905, 0.3, 0.195278, -0.518214, 0.832659, 0.0, 0.0, 0.0, 0.0, 1.0],
                [0.965159, 0.221408, 0.139454, 0.0, -0.231812, 0.476282, 0.848185, 0.3, 0.121375, -0.850961, 0.511013, -0.0, 0.0, 0.0, 0.0, 1.0],
                [0.993388, 0.058772, -0.098622, 0.0, -0.02043, 0.935817, 0.351893, 0.3, 0.112974, -0.347551, 0.93083, 0.0, 0.0, 0.0, 0.0, 1.0],
                [0.993025, 0.0, -0.117904, -0.0, 0.0, 1.0, 0.0, 0.3, 0.117904, 0.0, 0.993025, 0.0, 0.0, 0.0, 0.0, 1.0]
            ]
        },
        {
            "name": "Head",
            "time": [0.0, 0.1667, 0.3333, 0.4833, 0.6667, 0.8333, 1.0, 1.25],
            "transform": [
                [0.999168, 0.007838, 0.04003, -0.0, 0.007819, 0.926364, -0.376549, 0.4, -0.040034, 0.376549, 0.925531, 0.0, 0.0, 0.0, 0.0, 1.0],
                [0.99621, -0.025782, 0.083068, 0.0, 0.055093, 0.926081, -0.373281, 0.4, -0.067303, 0.376442, 0.923992, 0.0, 0.0, 0.0, 0.0, 1.0],
                [0.990274, -0.059342, 0.125844, 0.0, 0.102146, 0.924207, -0.367979, 0.4, -0.094469, 0.377254, 0.921279, 0.0, 0.0, 0.0, 0.0, 1.0],
                [0.994717, -0.095043, -0.038805, -0.0, 0.088442, 0.9853, -0.146156, 0.4, 0.052125, 0.141952, 0.9885, 0.0, 0.0, 0.0, 0.0, 1.0],
                [0.994792, 0.089142, 0.049428, 0.0, -0.101324, 0.917561, 0.384467, 0.4, -0.011081, -0.387473, 0.921815, -0.0, 0.0, 0.0, 0.0, 1.0],
                [0.99261, 0.072599, 0.097237, -0.0, -0.084739, 0.988253, 0.12718, 0.4, -0.086861, -0.13448, 0.987102, -0.0, 0.0, 0.0, 0.0, 1.0],
                [0.993207, 0.033592, 0.111405, -0.0, -0.03542, 0.999268, 0.014472, 0.4, -0.110837, -0.01832, 0.99367, -0.0, 0.0, 0.0, 0.0, 1.0],
                [0.993503, 0.0, 0.113804, 0.0, 0.0, 1.0, 0.0, 0.4, -0.113804, 0.0, 0.993503, -0.0, 0.0, 0.0, 0.0, 1.0]
            ]
        },
        {
            "name": "Shoulder_R",
            "time": [0.0, 0.1667, 1.0, 1.25],
            "transform": [
                [0.0, 0.952114, 0.305743, -0.0, 0.0, -0.305743, 0.952114, 0.4, 1.0, 0.0, -0.0, 0.0, 0.0, 0.0, 0.0, 1.0],
                [0.0, 0.952114, 0.305743, 0.0, 0.0, -0.305743, 0.952114, 0.4, 1.0, -0.0, -0.0, 0.0, 0.0, 0.0, 0.0, 1.0],
                [0.0, 0.952114, 0.305743, -0.0, -0.0, -0.305743, 0.952114, 0.4, 1.0, -0.0, -0.0, -0.0, 0.0, 0.0, 0.0, 1.0],
                [0.0, 0.952114, 0.305743, 0.0, 0.0, -0.305743, 0.952114, 0.4, 1.0, -0.0, -0.0, -0.0, 0.0, 0.0, 0.0, 1.0]
            ]
        },
        {
            "name": "Arm_R",
            "time": [0.0, 0.1667, 0.3333, 0.5, 0.5833, 0.6667, 0.8333, 1.0, 1.1667, 1.25],
            "transform": [
                [0.824809, -0.382079, 0.416783, -0.0, 0.477924, 0.077243, -0.875001, 0.39386, 0.302124, 0.920898, 0.246316, -0.0, 0.0, 0.0, 0.0, 1.0],
                [0.766787, -0.40079, 0.501407, -0.0, 0.537035, -0.027328, -0.84312, 0.39386, 0.351614, 0.915766, 0.194284, -0.0, 0.0, 0.0, 0.0, 1.0],
                [0.868046, -0.359252, 0.342691, 0.0, 0.468467, 0.364066, -0.804984, 0.39386, 0.164429, 0.859301, 0.484323, 0.0, 0.0, 0.0, 0.0, 1.0],
                [0.713085, -0.377236, 0.590938, -0.0, 0.590954, -0.130085, -0.79615, 0.393861, 0.377207, 0.916938, 0.130168, 0.0, 0.0, 0.0, 0.0, 1.0],
                [0.61076, -0.725342, -0.317576, -0.0, 0.586243, 0.683827, -0.4344, 0.39386, 0.532254, 0.079137, 0.84288, 0.0, 0.0, 0.0, 0.0, 1.0],
                [0.217262, -0.743296, -0.632701, -0.0, 0.722124, 0.558512, -0.408171, 0.39386, 0.656762, -0.368208, 0.658096, 0.0, 0.0, 0.0, 0.0, 1.0],
                [0.113088, -0.809261, -0.576463, 0.0, 0.432437, 0.562441, -0.704742, 0.39386, 0.894546, -0.169585, 0.413559, -0.0, 0.0, 0.0, 0.0, 1.0],
                [-0.575898, -0.516472, -0.633719, -0.0, 0.49663, 0.394726, -0.773014, 0.393861, 0.649386, -0.7599, 0.029174, -0.0, 0.0, 0.0, 0.0, 1.0],
                [-0.145435, 0.158667, -0.976563, 0.0, 0.877484, 0.476642, -0.053237, 0.39386, 0.457023, -0.864661, -0.208548, 0.0, 0.0, 0.0, 0.0, 1.0],
                [0.128781, 0.193506, -0.972611, -0.0, 0.902051, 0.384585, 0.195954, 0.39386, 0.41197, -0.90258, -0.125025, 0.0, 0.0, 0.0, 0.0, 1.0]
            ]
        },
        {
            "name": "Hand_R",
            "time": [0.0, 0.1667, 0.3333, 0.5, 0.5833, 0.6667, 0.8333, 1.0, 1.1667, 1.25],
            "transform": [
                [1.0, -1e-06, 0.0, -0.0, 1e-06, 0.827123, -0.56202, 0.300003, 0.0, 0.562019, 0.827125, -0.0, 0.0, 0.0, 0.0, 1.0],
                [1.0, -2e-06, 0.0, -0.0, 2e-06, 0.936429, -0.350855, 0.300002, 0.0, 0.350855, 0.936431, 0.0, 0.0, 0.0, 0.0, 1.0],
                [1.0, -3e-06, 3e-06, 0.0, 3e-06, 0.255572, -0.96679, 0.300003, 3e-06, 0.966789, 0.255572, 0.0, 0.0, 0.0, 0.0, 1.0],
                [1.0, 2e-06, -1e-06, 0.0, -2e-06, 0.787966, -0.615718, 0.300002, -1e-06, 0.615717, 0.787967, -0.0, 0.0, 0.0, 0.0, 1.0],
                [1.0, 3e-06, -4e-06, -0.0, -3e-06, -0.096224, -0.99536, 0.300003, -4e-06, 0.995358, -0.096224, 0.0, 0.0, 0.0, 0.0, 1.0],
                [1.0, 3e-06, -1e-06, 0.0, -3e-06, 0.888689, -0.458507, 0.300003, -1e-06, 0.458506, 0.888692, -0.0, 0.0, 0.0, 0.0, 1.0],
                [0.999999, -0.0, 0.0, -0.0, 0.0, 0.824138, -0.566389, 0.300003, -0.0, 0.566388, 0.824139, 0.0, 0.0, 0.0, 0.0, 1.0],
                [1.0, -5e-06, 4e-06, -0.0, 5e-06, 0.066084, -0.997814, 0.300003, 4e-06, 0.997815, 0.066084, 0.0, 0.0, 0.0, 0.0, 1.0],
                [1.0, -3e-06, 2e-06, -0.0, 3e-06, 0.52677, -0.850007, 0.300002, 2e-06, 0.850007, 0.526771, 0.0, 0.0, 0.0, 0.0, 1.0],
                [1.0, -1e-06, 0.0, -0.0, 1e-06, 0.912559, -0.408945, 0.300003, 0.0, 0.408944, 0.912559, 0.0, 0.0, 0.0, 0.0, 1.0]
            ]
        },
        {
            "name": "Tool_R",
            "time": [0.0, 1.25],
            "transform": [
                [1.0, -0.0, 0.0, -0.0, 0.0, -0.999559, -0.029689, 0.271711, 0.0, 0.029689, -0.99956, -0.028915, 0.0, 0.0, 0.0, 1.0],
                [1.0, -0.0, 0.0, 0.0, 0.0, -0.999559, -0.029689, 0.271711, 0.0, 0.029689, -0.99956, -0.028915, 0.0, 0.0, 0.0, 1.0]
            ]
        },
        {
            "name": "Elbow_R",
            "time": [0.0, 1.25],
            "transform": [
                [-1.0, 0.0, -0.0, 0.0, 0.0, 0.003946, -0.999992, 0.355127, -0.0, -0.999992, -0.003946, -0.001035, 0.0, 0.0, 0.0, 1.0],
                [-1.0, 0.0, -0.0, 0.0, 0.0, 0.003946, -0.999992, 0.338678, -0.0, -0.999992, -0.003946, -0.0011, 0.0, 0.0, 0.0, 1.0]
            ]
        },
        {
            "name": "Shoulder_L",
            "time": [0.0, 0.1667, 1.0, 1.25],
            "transform": [
                [-0.0, -0.952114, -0.305743, -0.0, 0.0, -0.305743, 0.952114, 0.4, -1.0, 0.0, 0.0, 0.0, 0.0, 0.0, 0.0, 1.0],
                [-0.0, -0.952114, -0.305743, 0.0, 0.0, -0.305743, 0.952114, 0.4, -1.0, 0.0, 0.0, 0.0, 0.0, 0.0, 0.0, 1.0],
                [-0.0, -0.952114, -0.305743, -0.0, 0.0, -0.305743, 0.952114, 0.4, -1.0, -0.0, 0.0, -0.0, 0.0, 0.0, 0.0, 1.0],
                [-0.0, -0.952114, -0.305743, 0.0, 0.0, -0.305743, 0.952114, 0.4, -1.0, 0.0, 0.0, -0.0, 0.0, 0.0, 0.0, 1.0]
            ]
        },
        {
            "name": "Arm_L",
            "time": [0.0, 0.1667, 0.3333, 0.5, 0.6667, 0.8333, 1.0, 1.25],
            "transform": [
                [0.87314, 0.286242, -0.394574, -0.0, -0.420649, 0.033403, -0.906606, 0.39386, -0.246329, 0.957572, 0.149573, -0.0, 0.0, 0.0, 0.0, 1.0],
                [0.819342, 0.262154, -0.509854, -0.0, -0.48868, -0.145669, -0.860214, 0.39386, -0.299779, 0.953965, 0.008757, 0.0, 0.0, 0.0, 0.0, 1.0],
                [0.99089, 0.134474, 0.007251, -0.0, -0.082291, 0.647238, -0.757831, 0.39386, -0.106602, 0.75033, 0.652408, 0.0, 0.0, 0.0, 0.0, 1.0],
                [0.752884, 0.012721, 0.658028, -0.0, 0.353892, 0.835148, -0.421052, 0.39386, -0.554908, 0.549874, 0.624269, 0.0, 0.0, 0.0, 0.0, 1.0],
                [0.101055, 0.878245, 0.467408, -0.0, 0.512322, 0.356793, -0.781168, 0.39386, -0.852826, 0.318405, -0.413889, 0.0, 0.0, 0.0, 0.0, 1.0],
                [-0.20575, 0.721122, 0.66155, -0.0, -0.382025, 0.563187, -0.732718, 0.39386, -0.900956, -0.403485, 0.159611, 0.0, 0.0, 0.0, 0.0, 1.0],
                [-0.266952, 0.381839, 0.884836, 0.0, -0.807228, 0.41294, -0.421737, 0.39386, -0.526421, -0.826847, 0.197996, 0.0, 0.0, 0.0, 0.0, 1.0],
                [0.089989, -0.046889, 0.994837, 0.0, -0.910738, 0.400378, 0.101252, 0.39386, -0.403059, -0.915147, -0.006674, -0.0, 0.0, 0.0, 0.0, 1.0]
            ]
        },
        {
            "name": "Hand_L",
            "time": [0.0, 0.1667, 0.3333, 0.5, 0.6667, 0.8333, 1.0, 1.25],
            "transform": [
                [1.000001, -0.0, 0.0, 0.0, 0.0, 0.911963, -0.41027, 0.300003, 0.0, 0.410269, 0.911966, -0.0, 0.0, 0.0, 0.0, 1.0],
                [1.0, 0.0, -0.0, 0.0, 0.0, 0.999997, -0.000992, 0.300002, 0.0, 0.000992, 1.000001, -0.0, 0.0, 0.0, 0.0, 1.0],
                [1.0, 5e-06, -5e-06, 0.0, -5e-06, 0.057545, -0.998344, 0.300003, -5e-06, 0.998341, 0.057545, -0.0, 0.0, 0.0, 0.0, 1.0],
                [1.000001, -7e-06, 7e-06, -0.0, 7e-06, 0.045987, -0.998944, 0.300003, 7e-06, 0.998939, 0.045987, 0.0, 0.0, 0.0, 0.0, 1.0],
                [1.000001, -7e-06, 9e-06, -0.0, 7e-06, -0.308175, -0.951333, 0.300003, 9e-06, 0.951328, -0.308176, 0.0, 0.0, 0.0, 0.0, 1.0],
                [1.0, -0.0, 0.0, -0.0, 0.0, 0.620389, -0.784295, 0.300003, 0.0, 0.784289, 0.620394, 0.0, 0.0, 0.0, 0.0, 1.0],
                [1.000001, -1e-06, 0.0, -0.0, 1e-06, 0.917705, -0.397263, 0.300003, 0.0, 0.397262, 0.917706, 0.0, 0.0, 0.0, 0.0, 1.0],
                [1.0, -0.0, 0.0, -0.0, 0.0, 0.971119, -0.238593, 0.300002, -0.0, 0.238593, 0.971119, -0.0, 0.0, 0.0, 0.0, 1.0]
            ]
        },
        {
            "name": "Tool_L",
            "time": [0.0, 1.25],
            "transform": [
                [1.0, -0.0, 0.0, 0.0, -0.0, -0.999559, -0.029689, 0.271711, 0.0, 0.029689, -0.999559, -0.028915, 0.0, 0.0, 0.0, 1.0],
                [1.0, -0.0, 0.0, 0.0, 0.0, -0.999559, -0.029689, 0.271711, 0.0, 0.029689, -0.99956, -0.028915, 0.0, 0.0, 0.0, 1.0]
            ]
        },
        {
            "name": "Elbow_L",
            "time": [0.0, 1.25],
            "transform": [
                [-1.0, 0.0, -0.0, 0.0, 0.0, 0.003946, -0.999992, 0.338814, -0.0, -0.999992, -0.003946, -0.001099, 0.0, 0.0, 0.0, 1.0],
                [-1.0, 0.0, -0.0, -0.0, 0.0, 0.003946, -0.999992, 0.321775, -0.0, -0.999992, -0.003946, -0.001166, 0.0, 0.0, 0.0, 1.0]
            ]
        }
    ]
}