{
    "animation": [
        {
            "name": "Root",
            "time": [0.0, 0.8333, 1.6667],
            "transform": [
                [0.962375, -0.233775, -0.138507, -0.042568, -0.142454, -0.0, -0.989801, -0.021798, 0.231391, 0.972291, -0.033302, 0.580649, 0.0, 0.0, 0.0, 1.0],
                [0.961532, -0.237288, -0.138386, -0.039498, -0.142454, -0.0, -0.989801, -0.0227, 0.234868, 0.971439, -0.033803, 0.580649, 0.0, 0.0, 0.0, 1.0],
                [0.962375, -0.233775, -0.138507, -0.042568, -0.142454, -0.0, -0.989801, -0.021798, 0.231391, 0.972291, -0.033302, 0.580649, 0.0, 0.0, 0.0, 1.0]
            ]
        },
        {
            "name": "Thigh_R",
            "time": [0.0, 1.6667],
            "transform": [
                [0.994355, -0.105916, -0.006183, 0.124994, -0.076014, -0.751855, 0.65493, -0.002831, -0.074016, -0.650762, -0.755664, -1.2e-05, 0.0, 0.0, 0.0, 1.0],
                [0.994355, -0.105916, -0.006183, 0.124994, -0.076014, -0.751855, 0.65493, -0.002831, -0.074016, -0.650762, -0.755664, -1.2e-05, 0.0, 0.0, 0.0, 1.0]
            ]
        },
        {
            "name": "Leg_R",
            "time": [0.0, 1.6667],
            "transform": [
                [1.0, -0.0, 1e-06, 0.0, -0.0, 0.789686, 0.613513, 0.374726, -1e-06, -0.613514, 0.789682, 0.0, 0.0, 0.0, 0.0, 1.0],
                [1.0, -0.0, 1e-06, 0.0, -0.0, 0.789686, 0.613513, 0.374726, -1e-06, -0.613514, 0.789682, 0.0, 0.0, 0.0, 0.0, 1.0]
            ]
        },
        {
            "name": "Knee_R",
            "time": [0.0, 1.6667],
            "transform": [
                [1.0, 0.0, -0.0, 0.0, -0.0, 0.00567, -0.999984, 0.387916, -0.0, 0.999984, 0.00567, -7.5e-05, 0.0, 0.0, 0.0, 1.0],
                [1.0, 0.0, -0.0, 0.0, -0.0, 0.00567, -0.999984, 0.387916, -0.0, 0.999984, 0.00567, -7.5e-05, 0.0, 0.0, 0.0, 1.0]
            ]
        },
        {
            "name": "Thigh_L",
            "time": [0.0, 1.6667],
            "transform": [
                [0.695707, -0.074047, -0.714498, -0.125006, 0.015007, -0.992957, 0.117517, -0.002831, -0.718168, -0.09248, -0.689697, -1.2e-05, 0.0, 0.0, 0.0, 1.0],
                [0.695707, -0.074047, -0.714498, -0.125006, 0.015007, -0.992957, 0.117517, -0.002831, -0.718168, -0.09248, -0.689697, -1.2e-05, 0.0, 0.0, 0.0, 1.0]
            ]
        },
        {
            "name": "Leg_L",
            "time": [0.0, 1.6667],
            "transform": [
                [1.0, -1e-06, 1e-06, -0.0, -0.0, 0.699984, 0.714159, 0.374726, -1e-06, -0.714158, 0.699984, 0.0, 0.0, 0.0, 0.0, 1.0],
                [1.0, -1e-06, 1e-06, -0.0, -0.0, 0.699984, 0.714159, 0.374726, -1e-06, -0.714158, 0.699984, 0.0, 0.0, 0.0, 0.0, 1.0]
            ]
        },
        {
            "name": "Knee_L",
            "time": [0.0, 1.6667],
            "transform": [
                [1.0, -0.0, -0.0, 0.0, -0.0, 0.00567, -0.999984, 0.402088, -0.0, 0.999984, 0.00567, -0.000155, 0.0, 0.0, 0.0, 1.0],
                [1.0, -0.0, -0.0, 0.0, -0.0, 0.00567, -0.999984, 0.402088, -0.0, 0.999984, 0.00567, -0.000155, 0.0, 0.0, 0.0, 1.0]
            ]
        },
        {
            "name": "Torso",
            "time": [0.0, 1.6667],
            "transform": [
                [1.0, 0.0, 0.0, 0.0, 0.0, 1.0, -0.000689, 0.05, -0.0, 0.000689, 1.0, -0.0, 0.0, 0.0, 0.0, 1.0],
                [1.0, 0.0, 0.0, 0.0, 0.0, 1.0, -0.000689, 0.05, -0.0, 0.000689, 1.0, -0.0, 0.0, 0.0, 0.0, 1.0]
            ]
        },
        {
            "name": "Chest",
            "time": [0.0, 0.8333, 1.6667],
            "transform": [
                [0.988389, 0.133253, -0.073011, -0.0, -0.139549, 0.986185, -0.089251, 0.3, 0.060109, 0.098404, 0.993329, -0.0, 0.0, 0.0, 0.0, 1.0],
                [0.98638, 0.145125, -0.077412, 0.0, -0.15252, 0.983211, -0.100167, 0.3, 0.061575, 0.11061, 0.991955, -0.0, 0.0, 0.0, 0.0, 1.0],
                [0.988389, 0.133253, -0.073011, -0.0, -0.139549, 0.986185, -0.089251, 0.3, 0.060109, 0.098404, 0.993329, -0.0, 0.0, 0.0, 0.0, 1.0]
            ]
        },
        {
            "name": "Head",
            "time": [0.0, 0.8333, 1.6667],
            "transform": [
                [0.989307, 0.074313, 0.125499, -0.0, -0.100927, 0.969983, 0.221239, 0.4, -0.105291, -0.23154, 0.967111, -0.0, 0.0, 0.0, 0.0, 1.0],
                [0.989379, 0.07229, 0.126113, -0.0, -0.100119, 0.967871, 0.230655, 0.4, -0.105387, -0.240832, 0.964828, -0.0, 0.0, 0.0, 0.0, 1.0],
                [0.989307, 0.074313, 0.125499, -0.0, -0.100927, 0.969983, 0.221239, 0.4, -0.105291, -0.23154, 0.967111, -0.0, 0.0, 0.0, 0.0, 1.0]
            ]
        },
        {
            "name": "Shoulder_R",
            "time": [0.0, 1.6667],
            "transform": [
                [0.002889, 0.95904, 0.283256, -0.0, -0.004811, -0.28324, 0.959037, 0.4, 0.999984, -0.004133, 0.003795, -0.0, 0.0, 0.0, 0.0, 1.0],
                [0.002889, 0.95904, 0.283256, -0.0, -0.004811, -0.28324, 0.959037, 0.4, 0.999984, -0.004133, 0.003795, -0.0, 0.0, 0.0, 0.0, 1.0]
            ]
        },
        {
            "name": "Arm_R",
            "time": [0.0, 1.6667],
            "transform": [
                [0.565863, -0.059317, -0.822363, -0.0, -0.821197, 0.048631, -0.568569, 0.39386, 0.073717, 0.997055, -0.021193, 0.0, 0.0, 0.0, 0.0, 1.0],
                [0.565863, -0.059317, -0.822363, -0.0, -0.821197, 0.048631, -0.568569, 0.39386, 0.073717, 0.997055, -0.021193, 0.0, 0.0, 0.0, 0.0, 1.0]
            ]
        },
        {
            "name": "Hand_R",
            "time": [0.0, 1.6667],
            "transform": [
                [1.0, -1e-06, 0.0, -0.0, 1e-06, 0.984212, -0.176993, 0.300002, 0.0, 0.176994, 0.984212, -0.0, 0.0, 0.0, 0.0, 1.0],
                [1.0, -1e-06, 0.0, -0.0, 1e-06, 0.984212, -0.176993, 0.300002, 0.0, 0.176994, 0.984212, -0.0, 0.0, 0.0, 0.0, 1.0]
            ]
        },
        {
            "name": "Tool_R",
            "time": [0.0, 1.6667],
            "transform": [
                [1.0, 0.0, 0.0, 0.0, 0.0, -0.999559, -0.029689, 0.271711, 0.0, 0.029689, -0.99956, -0.028915, 0.0, 0.0, 0.0, 1.0],
                [1.0, 0.0, 0.0, 0.0, 0.0, -0.999559, -0.029689, 0.271711, 0.0, 0.029689, -0.99956, -0.028915, 0.0, 0.0, 0.0, 1.0]
            ]
        },
        {
            "name": "Elbow_R",
            "time": [0.0, 1.6667],
            "transform": [
                [-1.0, 0.0, -0.0, -0.0, 0.0, 0.003946, -0.999992, 0.315872, -0.0, -0.999992, -0.003946, -0.00119, 0.0, 0.0, 0.0, 1.0],
                [-1.0, 0.0, -0.0, -0.0, 0.0, 0.003946, -0.999992, 0.315872, -0.0, -0.999992, -0.003946, -0.00119, 0.0, 0.0, 0.0, 1.0]
            ]
        },
        {
            "name": "Shoulder_L",
            "time": [0.0, 1.6667],
            "transform": [
                [-0.043947, -0.94611, -0.32085, -0.0, 0.070725, -0.323301, 0.94365, 0.4, -0.996527, 0.018779, 0.081122, -0.0, 0.0, 0.0, 0.0, 1.0],
                [-0.043947, -0.94611, -0.32085, -0.0, 0.070725, -0.323301, 0.94365, 0.4, -0.996527, 0.018779, 0.081122, -0.0, 0.0, 0.0, 0.0, 1.0]
            ]
        },
        {
            "name": "Arm_L",
            "time": [0.0, 1.6667],
            "transform": [
                [0.355448, -0.193387, 0.914472, -0.0, -0.818111, 0.4088, 0.404444, 0.39386, -0.452051, -0.891898, -0.012905, -0.0, 0.0, 0.0, 0.0, 1.0],
                [0.355448, -0.193387, 0.914472, -0.0, -0.818111, 0.4088, 0.404444, 0.39386, -0.452051, -0.891898, -0.012905, -0.0, 0.0, 0.0, 0.0, 1.0]
            ]
        },
        {
            "name": "Hand_L",
            "time": [0.0, 1.6667],
            "transform": [
                [1.0, 0.0, 0.0, 0.0, -0.0, 1.0, -0.000992, 0.300003, -0.0, 0.000992, 1.0, 0.0, 0.0, 0.0, 0.0, 1.0],
                [1.0, 0.0, 0.0, 0.0, -0.0, 1.0, -0.000992, 0.300003, -0.0, 0.000992, 1.0, 0.0, 0.0, 0.0, 0.0, 1.0]
            ]
        },
        {
            "name": "Tool_L",
            "time": [0.0, 1.6667],
            "transform": [
                [1.0, -0.0, 0.0, 0.0, 0.0, -0.999559, -0.029689, 0.271711, 0.0, 0.029689, -0.99956, -0.028915, 0.0, 0.0, 0.0, 1.0],
                [1.0, -0.0, 0.0, 0.0, 0.0, -0.999559, -0.029689, 0.271711, 0.0, 0.029689, -0.99956, -0.028915, 0.0, 0.0, 0.0, 1.0]
            ]
        },
        {
            "name": "Elbow_L",
            "time": [0.0, 1.6667],
            "transform": [
                [-1.0, 0.0, -0.0, 0.0, 0.0, 0.003946, -0.999992, 0.300007, -0.0, -0.999993, -0.003946, -0.001252, 0.0, 0.0, 0.0, 1.0],
                [-1.0, 0.0, -0.0, 0.0, 0.0, 0.003946, -0.999992, 0.300007, -0.0, -0.999993, -0.003946, -0.001252, 0.0, 0.0, 0.0, 1.0]
            ]
        }
    ]
}