{
    "animation": [
        {
            "name": "Coord",
            "time": [0.0, 0.4, 0.6],
            "transform": [
                [1.0, 0.0, 0.0, -0.004601, 0.0, 0.0, -1.0, -0.0, 0.0, 1.0, 0.0, -0.000219, 0.0, 0.0, 0.0, 1.0],
                [1.0, 0.0, 0.0, 0.637172, 0.0, 0.0, -1.0, 2e-06, 0.0, 1.0, 0.0, -0.000216, 0.0, 0.0, 0.0, 1.0],
                [1.0, 0.0, 0.0, 0.637171, 0.0, 0.0, -1.0, 2e-06, 0.0, 1.0, 0.0, -0.000216, 0.0, 0.0, 0.0, 1.0]
            ]
        },
        {
            "name": "Root",
            "time": [0.0, 0.0667, 0.2, 0.4, 0.6],
            "transform": [
                [0.998945, -0.043995, 0.013139, 0.108263, 0.045033, 0.994609, -0.09341, 0.555664, -0.008958, 0.093903, 0.995541, -0.039851, 0.0, 0.0, 0.0, 1.0],
                [0.9972, -0.073265, 0.014979, 0.180438, 0.073551, 0.9971, -0.019551, 0.573766, -0.013503, 0.020598, 0.999697, 0.037732, 0.0, 0.0, 0.0, 1.0],
                [0.978601, -0.205502, -0.01045, 0.087104, 0.204863, 0.968282, 0.14304, 0.548611, -0.019276, -0.14212, 0.989662, -0.039851, 0.0, 0.0, 0.0, 1.0],
                [0.993795, -0.110711, 0.010742, 0.048665, 0.110705, 0.993853, 0.001197, 0.569417, -0.010809, -0.0, 0.999942, -0.156224, 0.0, 0.0, 0.0, 1.0],
                [0.999942, 0.0, 0.010809, 0.0, 0.0, 1.0, 0.0, 0.52851, -0.010809, 0.0, 0.999942, -0.156224, 0.0, 0.0, 0.0, 1.0]
            ]
        },
        {
            "name": "Thigh_R",
            "time": [0.0, 0.0667, 0.25, 0.4, 0.5, 0.6],
            "transform": [
                [0.991963, -0.065245, 0.108407, 0.124994, -0.076776, -0.991412, 0.105843, -0.002831, 0.10057, -0.113315, -0.988456, -1.2e-05, 0.0, 0.0, 0.0, 1.0],
                [0.927732, -0.361179, 0.094134, 0.124994, -0.368068, -0.927149, 0.070117, -0.002831, 0.061952, -0.099697, -0.993088, -1.2e-05, 0.0, 0.0, 0.0, 1.0],
                [0.997503, -0.070403, -0.005579, 0.124994, -0.061843, -0.908897, 0.412405, -0.002831, -0.034106, -0.411029, -0.910984, -1.2e-05, 0.0, 0.0, 0.0, 1.0],
                [0.99946, 0.025206, 0.021081, 0.124994, 0.025087, -0.999666, 0.00589, -0.002831, 0.021223, -0.005358, -0.999761, -1.2e-05, 0.0, 0.0, 0.0, 1.0],
                [0.997988, 0.063138, -0.005798, 0.124994, 0.063165, -0.99799, 0.004581, -0.002831, -0.005497, -0.004937, -0.999973, -1.2e-05, 0.0, 0.0, 0.0, 1.0],
                [0.99946, 0.025206, 0.021081, 0.124994, 0.025087, -0.999666, 0.00589, -0.002831, 0.021223, -0.005358, -0.999761, -1.2e-05, 0.0, 0.0, 0.0, 1.0]
            ]
        },
        {
            "name": "Leg_R",
            "time": [0.0, 0.0667, 0.25, 0.4, 0.5, 0.6],
            "transform": [
                [1.0, -0.0, 1e-06, -0.0, -0.0, 0.977979, 0.208719, 0.374726, -1e-06, -0.208721, 0.977972, -0.0, 0.0, 0.0, 0.0, 1.0],
                [1.0, -0.0, 1e-06, -0.0, -0.0, 0.953545, 0.301259, 0.374726, -1e-06, -0.301262, 0.953538, 0.0, 0.0, 0.0, 0.0, 1.0],
                [1.0, -0.0, 1e-06, -0.0, -0.0, 0.847805, 0.530312, 0.374726, -1e-06, -0.530316, 0.847798, 0.0, 0.0, 0.0, 0.0, 1.0],
                [1.0, -0.0, 1e-06, 0.0, 0.0, 0.999993, 0.00468, 0.374726, -1e-06, -0.00468, 0.999985, 0.0, 0.0, 0.0, 0.0, 1.0],
                [1.0, 0.0, 1e-06, -0.0, -0.0, 0.999993, 0.004685, 0.374726, -1e-06, -0.004685, 0.999985, 0.0, 0.0, 0.0, 0.0, 1.0],
                [1.0, -0.0, 1e-06, -0.0, 0.0, 0.999993, 0.00468, 0.374726, -1e-06, -0.00468, 0.999985, -0.0, 0.0, 0.0, 0.0, 1.0]
            ]
        },
        {
            "name": "Knee_R",
            "time": [0.0, 0.6],
            "transform": [
                [1.0, 0.0, -0.0, -0.0, -0.0, 0.00567, -0.999984, 0.374726, -0.0, 0.999984, 0.00567, -0.0, 0.0, 0.0, 0.0, 1.0],
                [1.0, 0.0, -0.0, -0.0, -0.0, 0.00567, -0.999984, 0.374726, -0.0, 0.999984, 0.00567, -0.0, 0.0, 0.0, 0.0, 1.0]
            ]
        },
        {
            "name": "Thigh_L",
            "time": [0.0, 0.0667, 0.25, 0.4, 0.5, 0.6],
            "transform": [
                [0.990171, -0.106468, 0.090693, -0.125006, -0.12157, -0.975801, 0.181747, -0.002831, 0.069148, -0.190987, -0.979154, -1.2e-05, 0.0, 0.0, 0.0, 1.0],
                [0.914076, -0.405506, -0.005397, -0.125006, -0.405176, -0.912605, -0.054613, -0.002831, 0.017221, 0.052107, -0.998493, -1.2e-05, 0.0, 0.0, 0.0, 1.0],
                [0.992277, -0.124021, 0.002288, -0.125006, -0.103452, -0.81725, 0.566921, -0.002831, -0.06844, -0.562779, -0.823769, -1.2e-05, 0.0, 0.0, 0.0, 1.0],
                [0.999797, -0.018685, -0.00755, -0.125006, -0.018674, -0.999824, 0.001541, -0.002831, -0.007578, -0.0014, -0.99997, -1.2e-05, 0.0, 0.0, 0.0, 1.0],
                [0.999335, 0.018114, -0.031649, -0.125006, 0.019202, -0.999222, 0.03442, -0.002831, -0.031001, -0.035005, -0.998906, -1.2e-05, 0.0, 0.0, 0.0, 1.0],
                [0.999797, -0.018685, -0.00755, -0.125006, -0.018674, -0.999824, 0.001541, -0.002831, -0.007578, -0.0014, -0.99997, -1.2e-05, 0.0, 0.0, 0.0, 1.0]
            ]
        },
        {
            "name": "Leg_L",
            "time": [0.0, 0.0667, 0.25, 0.4, 0.5, 0.6],
            "transform": [
                [1.0, -0.0, 1e-06, -0.0, -0.0, 0.931073, 0.364836, 0.374726, -1e-06, -0.364836, 0.931072, -0.0, 0.0, 0.0, 0.0, 1.0],
                [1.0, 0.0, 1e-06, 0.0, 0.0, 0.99999, 0.0047, 0.374726, -1e-06, -0.0047, 0.999989, 0.0, 0.0, 0.0, 0.0, 1.0],
                [1.0, -1e-06, 1e-06, -0.0, -0.0, 0.636176, 0.771544, 0.374726, -1e-06, -0.771545, 0.636175, -0.0, 0.0, 0.0, 0.0, 1.0],
                [1.0, -0.0, 1e-06, 0.0, -0.0, 0.99999, 0.004681, 0.374726, -1e-06, -0.004681, 0.999989, -0.0, 0.0, 0.0, 0.0, 1.0],
                [1.0, -0.0, 1e-06, 0.0, -0.0, 0.997356, 0.072675, 0.374726, -1e-06, -0.072675, 0.997356, 0.0, 0.0, 0.0, 0.0, 1.0],
                [1.0, -0.0, 1e-06, 0.0, 0.0, 0.99999, 0.004681, 0.374726, -1e-06, -0.004681, 0.999989, -0.0, 0.0, 0.0, 0.0, 1.0]
            ]
        },
        {
            "name": "Knee_L",
            "time": [0.0, 0.6],
            "transform": [
                [1.0, 0.0, -0.0, 0.0, -0.0, 0.00567, -0.999984, 0.374726, -0.0, 0.999984, 0.00567, -0.0, 0.0, 0.0, 0.0, 1.0],
                [1.0, 0.0, -0.0, 0.0, -0.0, 0.00567, -0.999984, 0.374726, -0.0, 0.999984, 0.00567, -0.0, 0.0, 0.0, 0.0, 1.0]
            ]
        },
        {
            "name": "Torso",
            "time": [0.0, 0.4, 0.6],
            "transform": [
                [0.990134, 0.140111, -0.00195, -0.0, -0.140115, 0.990133, -0.002327, 0.05, 0.001604, 0.002577, 0.999995, -0.0, 0.0, 0.0, 0.0, 1.0],
                [1.0, -0.0, 0.0, -0.0, 0.0, 1.0, -0.000689, 0.05, 0.0, 0.000689, 1.0, -0.0, 0.0, 0.0, 0.0, 1.0],
                [1.0, 0.0, 0.0, -0.0, 0.0, 1.0, -0.000689, 0.05, 0.0, 0.000689, 1.0, -0.0, 0.0, 0.0, 0.0, 1.0]
            ]
        },
        {
            "name": "Chest",
            "time": [0.0, 0.0667, 0.2, 0.4, 0.6],
            "transform": [
                [0.996971, -0.077758, -0.001334, 0.0, 0.077767, 0.99666, 0.024923, 0.3, -0.000609, -0.024952, 0.999688, 0.0, 0.0, 0.0, 0.0, 1.0],
                [0.995285, 0.096494, 0.00979, 0.0, -0.096827, 0.9827, 0.157878, 0.3, 0.005614, -0.158082, 0.98741, 0.0, 0.0, 0.0, 0.0, 1.0],
                [0.988993, 0.147831, -0.006158, 0.0, -0.147912, 0.986769, -0.066402, 0.3, -0.003739, 0.066582, 0.997774, 0.0, 0.0, 0.0, 0.0, 1.0],
                [0.99973, 0.012111, -0.019831, -0.0, -0.015253, 0.98586, -0.166877, 0.3, 0.01753, 0.167134, 0.985778, -0.0, 0.0, 0.0, 0.0, 1.0],
                [0.999846, -0.002503, -0.017346, -0.0, -0.000429, 0.985958, -0.166994, 0.3, 0.017521, 0.166976, 0.985805, -0.0, 0.0, 0.0, 0.0, 1.0]
            ]
        },
        {
            "name": "Head",
            "time": [0.0, 0.0667, 0.2, 0.4, 0.6],
            "transform": [
                [0.999673, -0.025238, -0.004201, 0.0, 0.025494, 0.996451, 0.080222, 0.4, 0.002162, -0.080303, 0.996768, 0.0, 0.0, 0.0, 0.0, 1.0],
                [0.999884, -0.007391, -0.013349, -0.0, 0.00521, 0.987643, -0.156635, 0.4, 0.014342, 0.156547, 0.987567, -0.0, 0.0, 0.0, 0.0, 1.0],
                [0.999945, -0.008556, -0.006129, -0.0, 0.007975, 0.995972, -0.089309, 0.4, 0.006868, 0.089255, 0.995985, 0.0, 0.0, 0.0, 0.0, 1.0],
                [0.997452, 0.071064, 0.006302, -0.0, -0.071148, 0.984298, 0.161544, 0.4, 0.005277, -0.16158, 0.986845, -0.0, 0.0, 0.0, 0.0, 1.0],
                [0.999928, -0.009919, 0.006807, 0.0, 0.008689, 0.986829, 0.16153, 0.4, -0.008319, -0.16146, 0.986844, -0.0, 0.0, 0.0, 0.0, 1.0]
            ]
        },
        {
            "name": "Shoulder_R",
            "time": [0.0, 0.0667, 0.4, 0.6],
            "transform": [
                [0.0, 0.952114, 0.305743, -0.0705, 0.0, -0.305743, 0.952114, 0.542238, 1.0, -0.0, -0.0, -0.002933, 0.0, 0.0, 0.0, 1.0],
                [0.0, 0.952114, 0.305743, -0.11756, 0.0, -0.305743, 0.952114, 0.562948, 1.0, -0.0, -0.0, -0.006135, 0.0, 0.0, 0.0, 1.0],
                [0.0, 0.952114, 0.305743, 8.9e-05, 0.0, -0.305743, 0.952114, 0.511173, 1.0, -0.0, -0.0, 0.001871, 0.0, 0.0, 0.0, 1.0],
                [0.0, 0.952114, 0.305743, 8.9e-05, -0.0, -0.305743, 0.952114, 0.511173, 1.0, -0.0, -0.0, 0.001871, 0.0, 0.0, 0.0, 1.0]
            ]
        },
        {
            "name": "Arm_R",
            "time": [0.0, 0.0667, 0.2, 0.3167, 0.4, 0.5, 0.6],
            "transform": [
                [0.54445, -0.712915, 0.441958, 0.0, 0.580754, -0.05979, -0.81188, 0.39386, 0.605226, 0.698698, 0.381476, 0.0, 0.0, 0.0, 0.0, 1.0],
                [0.44073, -0.526276, 0.72718, -0.0, 0.534206, -0.497249, -0.683643, 0.39386, 0.721374, 0.689766, 0.061987, -0.0, 0.0, 0.0, 0.0, 1.0],
                [0.590819, -0.423644, 0.686629, 0.0, 0.500295, -0.475296, -0.723739, 0.39386, 0.63296, 0.771116, -0.068867, 0.0, 0.0, 0.0, 0.0, 1.0],
                [0.758573, -0.650776, 0.032537, 0.0, 0.518802, 0.57302, -0.634423, 0.39386, 0.394223, 0.498136, 0.772301, -0.0, 0.0, 0.0, 0.0, 1.0],
                [0.718781, -0.675908, 0.162797, -0.0, 0.549295, 0.408569, -0.728936, 0.393861, 0.426179, 0.613368, 0.664944, 0.0, 0.0, 0.0, 0.0, 1.0],
                [0.707335, -0.650463, 0.276724, -0.0, 0.539346, 0.243572, -0.806089, 0.39386, 0.456929, 0.719424, 0.523111, -0.0, 0.0, 0.0, 0.0, 1.0],
                [0.697617, -0.572274, 0.431085, 0.0, 0.526174, 0.000844, -0.850377, 0.39386, 0.486285, 0.820063, 0.301704, 0.0, 0.0, 0.0, 0.0, 1.0]
            ]
        },
        {
            "name": "Hand_R",
            "time": [0.0, 0.0667, 0.2, 0.3167, 0.4, 0.5, 0.6],
            "transform": [
                [0.999999, 1e-06, -0.0, -0.0, -1e-06, 0.884414, -0.466703, 0.300003, -0.0, 0.466703, 0.884414, -0.0, 0.0, 0.0, 0.0, 1.0],
                [1.0, -5e-06, 1e-06, -0.0, 5e-06, 0.889052, -0.457806, 0.300003, 1e-06, 0.457805, 0.889052, 0.0, 0.0, 0.0, 0.0, 1.0],
                [0.999999, -6e-06, 2e-06, -0.0, 6e-06, 0.836771, -0.547553, 0.300002, 2e-06, 0.547553, 0.836771, 0.0, 0.0, 0.0, 0.0, 1.0],
                [0.999999, 7e-06, -6e-06, 0.0, -7e-06, 0.082877, -0.996559, 0.300002, -6e-06, 0.99656, 0.082877, -0.0, 0.0, 0.0, 0.0, 1.0],
                [0.999999, -6e-06, 3e-06, -0.0, 6e-06, 0.532147, -0.846652, 0.300002, 3e-06, 0.846652, 0.532147, -0.0, 0.0, 0.0, 0.0, 1.0],
                [0.999999, 2e-06, -1e-06, 0.0, -2e-06, 0.719114, -0.694892, 0.300003, -1e-06, 0.694892, 0.719114, 0.0, 0.0, 0.0, 0.0, 1.0],
                [1.0, -4e-06, 1e-06, -0.0, 4e-06, 0.937875, -0.346973, 0.300002, 0.0, 0.346973, 0.937875, 0.0, 0.0, 0.0, 0.0, 1.0]
            ]
        },
        {
            "name": "Tool_R",
            "time": [0.0, 0.6],
            "transform": [
                [1.0, 0.0, 0.0, 0.0, -0.0, -0.999559, -0.029689, 0.271711, 0.0, 0.029689, -0.99956, -0.028915, 0.0, 0.0, 0.0, 1.0],
                [1.0, 0.0, 0.0, -0.0, -0.0, -0.999559, -0.029689, 0.271711, 0.0, 0.029689, -0.99956, -0.028915, 0.0, 0.0, 0.0, 1.0]
            ]
        },
        {
            "name": "Elbow_R",
            "time": [0.0, 0.6],
            "transform": [
                [-1.0, 0.0, 0.0, -0.0, 0.0, 0.003946, -0.999992, 0.3447, -0.0, -0.999992, -0.003946, -0.001076, 0.0, 0.0, 0.0, 1.0],
                [-1.0, 0.0, -0.0, -0.0, 0.0, 0.003946, -0.999992, 0.332404, -0.0, -0.999992, -0.003946, -0.001124, 0.0, 0.0, 0.0, 1.0]
            ]
        },
        {
            "name": "Shoulder_L",
            "time": [0.0, 0.0667, 0.4, 0.6],
            "transform": [
                [-0.0, -0.952114, -0.305743, 0.060317, 0.0, -0.305743, 0.952114, 0.544448, -1.0, -0.0, 0.0, -0.004199, 0.0, 0.0, 0.0, 1.0],
                [-0.0, -0.952114, -0.305743, 0.100469, 0.0, -0.305743, 0.952114, 0.566632, -1.0, 0.0, 0.0, -0.008246, 0.0, 0.0, 0.0, 1.0],
                [-0.0, -0.952114, -0.305743, 8.9e-05, 0.0, -0.305743, 0.952114, 0.511173, -1.0, 0.0, 0.0, 0.001871, 0.0, 0.0, 0.0, 1.0],
                [-0.0, -0.952114, -0.305743, 8.9e-05, 0.0, -0.305743, 0.952114, 0.511173, -1.0, -0.0, 0.0, 0.001871, 0.0, 0.0, 0.0, 1.0]
            ]
        },
        {
            "name": "Arm_L",
            "time": [0.0, 0.0667, 0.2, 0.4, 0.5, 0.6],
            "transform": [
                [0.325096, 0.91438, -0.241292, -0.0, -0.582166, -0.007566, -0.813034, 0.39386, -0.745247, 0.404787, 0.529861, -0.0, 0.0, 0.0, 0.0, 1.0],
                [0.573913, 0.708142, -0.411288, 0.0, -0.608127, 0.032174, -0.793187, 0.39386, -0.548457, 0.705336, 0.449106, 0.0, 0.0, 0.0, 0.0, 1.0],
                [0.647909, 0.48308, -0.588938, 0.0, -0.551664, -0.235551, -0.800114, 0.39386, -0.525243, 0.843297, 0.113882, -0.0, 0.0, 0.0, 0.0, 1.0],
                [0.684987, 0.553202, -0.474089, -0.0, -0.496364, -0.121975, -0.859502, 0.39386, -0.533305, 0.824069, 0.191038, 0.0, 0.0, 0.0, 0.0, 1.0],
                [0.706819, 0.543039, -0.453339, 0.0, -0.503065, -0.064678, -0.861825, 0.39386, -0.497325, 0.837213, 0.227468, 0.0, 0.0, 0.0, 0.0, 1.0],
                [0.729127, 0.518163, -0.44708, 0.0, -0.50611, -0.031489, -0.861893, 0.393861, -0.460679, 0.854702, 0.239288, -0.0, 0.0, 0.0, 0.0, 1.0]
            ]
        },
        {
            "name": "Hand_L",
            "time": [0.0, 0.0667, 0.2, 0.4, 0.5, 0.6],
            "transform": [
                [1.0, -3e-06, 2e-06, -0.0, 3e-06, 0.424849, -0.905264, 0.300002, 2e-06, 0.905265, 0.424849, 0.0, 0.0, 0.0, 0.0, 1.0],
                [1.0, -2e-06, 1e-06, -0.0, 1e-06, 0.417462, -0.908695, 0.300003, 1e-06, 0.908695, 0.417462, -0.0, 0.0, 0.0, 0.0, 1.0],
                [1.0, 8e-06, -4e-06, -0.0, -8e-06, 0.649311, -0.760524, 0.300002, -4e-06, 0.760524, 0.64931, 0.0, 0.0, 0.0, 0.0, 1.0],
                [1.0, -1e-06, 0.0, -0.0, 1e-06, 0.946587, -0.322449, 0.300003, 0.0, 0.322449, 0.946587, -0.0, 0.0, 0.0, 0.0, 1.0],
                [1.0, -0.0, 0.0, 0.0, 0.0, 0.95319, -0.302372, 0.300003, 0.0, 0.302372, 0.95319, -0.0, 0.0, 0.0, 0.0, 1.0],
                [1.0, -1e-06, 0.0, -0.0, 1e-06, 0.97516, -0.221503, 0.300002, 0.0, 0.221503, 0.97516, -0.0, 0.0, 0.0, 0.0, 1.0]
            ]
        },
        {
            "name": "Tool_L",
            "time": [0.0, 0.6],
            "transform": [
                [1.0, 0.0, 0.0, -0.0, 0.0, -0.999559, -0.029689, 0.271711, 0.0, 0.029689, -0.99956, -0.028915, 0.0, 0.0, 0.0, 1.0],
                [1.0, -0.0, 0.0, 0.0, 0.0, -0.999559, -0.029689, 0.271711, 0.0, 0.029689, -0.99956, -0.028915, 0.0, 0.0, 0.0, 1.0]
            ]
        },
        {
            "name": "Elbow_L",
            "time": [0.0, 0.6],
            "transform": [
                [-1.0, 0.0, -0.0, 0.0, 0.0, 0.003946, -0.999992, 0.405278, -0.0, -0.999993, -0.003946, -0.000837, 0.0, 0.0, 0.0, 1.0],
                [-1.0, 0.0, -0.0, -0.0, 0.0, 0.003946, -0.999992, 0.320129, -0.0, -0.999992, -0.003946, -0.001173, 0.0, 0.0, 0.0, 1.0]
            ]
        }
    ]
}