{
    "animation": [
        {
            "name": "Coord",
            "time": [0.0, 0.05, 0.1],
            "transform": [
                [1.0, 0.0, 0.0, -5e-06, 0.0, 0.0, -1.0, -0.825265, 0.0, 1.0, 0.0, -1.568611, 0.0, 0.0, 0.0, 1.0],
                [1.0, 0.0, 0.0, -5e-06, 0.0, 0.0, -1.0, -0.602606, 0.0, 1.0, 0.0, -1.687643, 0.0, 0.0, 0.0, 1.0],
                [1.0, 0.0, 0.0, -5e-06, 0.0, 0.0, -1.0, -0.602606, 0.0, 1.0, 0.0, -1.687643, 0.0, 0.0, 0.0, 1.0]
            ]
        },
        {
            "name": "Root",
            "time": [0.0, 0.05, 0.1],
            "transform": [
                [0.999942, 0.0, 0.010809, 0.0, -0.000234, 0.999765, 0.021668, 0.76301, -0.010806, -0.021669, 0.999707, -0.000944, 0.0, 0.0, 0.0, 1.0],
                [0.999942, 0.0, 0.010809, 0.0, 0.0, 1.0, 0.0, 0.76301, -0.010809, 0.0, 0.999942, 0.027603, 0.0, 0.0, 0.0, 1.0],
                [0.999942, 0.0, 0.010809, 0.0, 0.0, 1.0, 0.0, 0.76301, -0.010809, 0.0, 0.999942, -0.000944, 0.0, 0.0, 0.0, 1.0]
            ]
        },
        {
            "name": "Thigh_R",
            "time": [0.0, 0.05, 0.1],
            "transform": [
                [0.999665, 0.02564, 0.003452, 0.124994, 0.025185, -0.99497, 0.096938, -0.00283, 0.00592, -0.096818, -0.995285, -1.2e-05, 0.0, 0.0, 0.0, 1.0],
                [0.99945, 0.027649, 0.018307, 0.124994, 0.026563, -0.998011, 0.057131, -0.002831, 0.019851, -0.056613, -0.9982, -1.2e-05, 0.0, 0.0, 0.0, 1.0],
                [0.999462, 0.025219, 0.020984, 0.124994, 0.025061, -0.999654, 0.007784, -0.002831, 0.021173, -0.007254, -0.99975, -1.2e-05, 0.0, 0.0, 0.0, 1.0]
            ]
        },
        {
            "name": "Leg_R",
            "time": [0.0, 0.05, 0.1],
            "transform": [
                [1.0, -0.0, 1e-06, 0.0, -0.0, 0.960489, 0.278337, 0.374726, -1e-06, -0.278339, 0.960477, -0.0, 0.0, 0.0, 0.0, 1.0],
                [1.0, -0.0, 1e-06, -0.0, -0.0, 0.94749, 0.319804, 0.374726, -1e-06, -0.319806, 0.947477, -0.0, 0.0, 0.0, 0.0, 1.0],
                [1.0, 0.0, 1e-06, -0.0, 0.0, 0.999996, 0.00468, 0.374726, -1e-06, -0.00468, 0.999983, 0.0, 0.0, 0.0, 0.0, 1.0]
            ]
        },
        {
            "name": "Knee_R",
            "time": [0.0, 0.1],
            "transform": [
                [1.0, 0.0, -0.0, 0.0, -0.0, 0.00567, -0.999984, 0.374726, -0.0, 0.999984, 0.00567, -0.0, 0.0, 0.0, 0.0, 1.0],
                [1.0, 0.0, -0.0, -0.0, -0.0, 0.00567, -0.999984, 0.374726, -0.0, 0.999984, 0.00567, -0.0, 0.0, 0.0, 0.0, 1.0]
            ]
        },
        {
            "name": "Thigh_L",
            "time": [0.0, 0.05, 0.1],
            "transform": [
                [0.999781, -0.018162, 0.010334, -0.125006, -0.018955, -0.996396, 0.082677, -0.002831, 0.008795, -0.082855, -0.996523, -1.2e-05, 0.0, 0.0, 0.0, 1.0],
                [0.999768, -0.021025, -0.004537, -0.125006, -0.020808, -0.998837, 0.043482, -0.002831, -0.005446, -0.043378, -0.999044, -1.2e-05, 0.0, 0.0, 0.0, 1.0],
                [0.999798, -0.018659, -0.007432, -0.125006, -0.018634, -0.99982, 0.003434, -0.002831, -0.007495, -0.003295, -0.999966, -1.2e-05, 0.0, 0.0, 0.0, 1.0]
            ]
        },
        {
            "name": "Leg_L",
            "time": [0.0, 0.05, 0.1],
            "transform": [
                [1.0, -0.0, 1e-06, 0.0, -0.0, 0.965911, 0.258877, 0.374726, -1e-06, -0.258877, 0.96591, -0.0, 0.0, 0.0, 0.0, 1.0],
                [1.0, -0.0, 1e-06, -0.0, -0.0, 0.953332, 0.301928, 0.374726, -1e-06, -0.301928, 0.95333, -0.0, 0.0, 0.0, 0.0, 1.0],
                [1.0, -0.0, 1e-06, -0.0, -0.0, 0.99999, 0.004681, 0.374726, -1e-06, -0.004681, 0.999989, 0.0, 0.0, 0.0, 0.0, 1.0]
            ]
        },
        {
            "name": "Knee_L",
            "time": [0.0, 0.1],
            "transform": [
                [1.0, 0.0, -0.0, 0.0, -0.0, 0.00567, -0.999984, 0.374726, -0.0, 0.999984, 0.00567, -0.0, 0.0, 0.0, 0.0, 1.0],
                [1.0, 0.0, -0.0, -0.0, -0.0, 0.00567, -0.999984, 0.374726, -0.0, 0.999984, 0.00567, 0.0, 0.0, 0.0, 0.0, 1.0]
            ]
        },
        {
            "name": "Torso",
            "time": [0.0, 0.05, 0.1],
            "transform": [
                [1.0, 0.0, -0.0, 0.0, -0.0, 1.0, 0.0, 0.05, 0.0, 0.0, 1.0, 0.0, 0.0, 0.0, 0.0, 1.0],
                [1.0, 0.0, 0.0, -0.0, 0.0, 1.0, -0.000689, 0.05, 0.0, 0.000689, 1.0, 0.0, 0.0, 0.0, 0.0, 1.0],
                [1.0, 0.0, 0.0, -0.0, 0.0, 1.0, -0.000689, 0.05, 0.0, 0.000689, 1.0, 0.0, 0.0, 0.0, 0.0, 1.0]
            ]
        },
        {
            "name": "Chest",
            "time": [0.0, 0.05, 0.1],
            "transform": [
                [1.0, -0.000345, 6e-06, 0.0, 0.000345, 0.99949, -0.031913, 0.3, 6e-06, 0.031913, 0.999491, -0.0, 0.0, 0.0, 0.0, 1.0],
                [0.999846, -0.002503, -0.017346, -0.0, -0.000429, 0.985958, -0.166994, 0.3, 0.017521, 0.166976, 0.985805, 0.0, 0.0, 0.0, 0.0, 1.0],
                [0.999846, -0.002503, -0.017346, -0.0, -0.000429, 0.985958, -0.166994, 0.3, 0.017521, 0.166976, 0.985805, 0.0, 0.0, 0.0, 0.0, 1.0]
            ]
        },
        {
            "name": "Head",
            "time": [0.0, 0.05, 0.1],
            "transform": [
                [0.999946, -0.000555, -0.010371, -0.0, 0.000549, 1.0, -0.000562, 0.4, 0.010371, 0.000556, 0.999946, -0.0, 0.0, 0.0, 0.0, 1.0],
                [0.999928, -0.009919, 0.006807, -0.0, 0.008689, 0.986829, 0.16153, 0.4, -0.008319, -0.16146, 0.986844, 0.0, 0.0, 0.0, 0.0, 1.0],
                [0.999928, -0.009919, 0.006807, -0.0, 0.008689, 0.986829, 0.16153, 0.4, -0.008319, -0.16146, 0.986844, -0.0, 0.0, 0.0, 0.0, 1.0]
            ]
        },
        {
            "name": "Shoulder_R",
            "time": [0.0, 0.05, 0.1],
            "transform": [
                [0.0, 0.952114, 0.305743, 8.9e-05, 0.0, -0.305743, 0.952114, 0.511173, 1.0, 0.0, -0.0, 0.001871, 0.0, 0.0, 0.0, 1.0],
                [0.0, 0.952114, 0.305743, 8.9e-05, 0.0, -0.305743, 0.952114, 0.511173, 1.0, -0.0, -0.0, 0.001871, 0.0, 0.0, 0.0, 1.0],
                [0.0, 0.952114, 0.305743, 8.9e-05, 0.0, -0.305743, 0.952114, 0.511173, 1.0, -0.0, -0.0, 0.001871, 0.0, 0.0, 0.0, 1.0]
            ]
        },
        {
            "name": "Arm_R",
            "time": [0.0, 0.05, 0.1],
            "transform": [
                [0.408752, -0.772133, 0.486552, 0.0, 0.818124, 0.073733, -0.570295, 0.393861, 0.404469, 0.631169, 0.66184, 0.0, 0.0, 0.0, 0.0, 1.0],
                [0.65094, -0.537348, 0.536223, 0.0, 0.560824, -0.135658, -0.816746, 0.393861, 0.51162, 0.832379, 0.213053, -0.0, 0.0, 0.0, 0.0, 1.0],
                [0.692424, -0.57353, 0.437737, 0.0, 0.530241, -0.006923, -0.847819, 0.393861, 0.48928, 0.819156, 0.299316, -0.0, 0.0, 0.0, 0.0, 1.0]
            ]
        },
        {
            "name": "Hand_R",
            "time": [0.0, 0.05, 0.1],
            "transform": [
                [0.999999, -7e-06, 3e-06, 0.0, 7e-06, 0.778487, -0.62766, 0.300003, 3e-06, 0.62766, 0.778487, 0.0, 0.0, 0.0, 0.0, 1.0],
                [1.0, 0.0, -0.0, 0.0, 0.0, 0.999999, -0.000992, 0.300003, -0.0, 0.000992, 0.999999, -0.0, 0.0, 0.0, 0.0, 1.0],
                [1.0, -1e-06, 0.0, -0.0, 1e-06, 0.944577, -0.328289, 0.300003, 0.0, 0.328289, 0.944577, 0.0, 0.0, 0.0, 0.0, 1.0]
            ]
        },
        {
            "name": "Tool_R",
            "time": [0.0, 0.1],
            "transform": [
                [1.0, -0.0, 0.0, 0.0, 0.0, -0.999559, -0.029689, 0.271711, 0.0, 0.029689, -0.99956, -0.028915, 0.0, 0.0, 0.0, 1.0],
                [1.0, 0.0, 0.0, 0.0, -0.0, -0.999559, -0.029689, 0.271711, 0.0, 0.029689, -0.99956, -0.028915, 0.0, 0.0, 0.0, 1.0]
            ]
        },
        {
            "name": "Elbow_R",
            "time": [0.0, 0.1],
            "transform": [
                [-1.0, 0.0, -0.0, 0.0, 0.0, 0.003946, -0.999992, 0.362785, -0.0, -0.999992, -0.003946, -0.001005, 0.0, 0.0, 0.0, 1.0],
                [-1.0, 0.0, 0.0, -0.0, 0.0, 0.003946, -0.999992, 0.330544, -0.0, -0.999992, -0.003946, -0.001132, 0.0, 0.0, 0.0, 1.0]
            ]
        },
        {
            "name": "Shoulder_L",
            "time": [0.0, 0.05, 0.1],
            "transform": [
                [-0.0, -0.952114, -0.305743, 8.9e-05, 0.0, -0.305743, 0.952114, 0.511173, -1.0, -0.0, 0.0, 0.001871, 0.0, 0.0, 0.0, 1.0],
                [-0.0, -0.952114, -0.305743, 8.9e-05, 0.0, -0.305743, 0.952114, 0.511173, -1.0, -0.0, 0.0, 0.001871, 0.0, 0.0, 0.0, 1.0],
                [-0.0, -0.952114, -0.305743, 8.9e-05, 0.0, -0.305743, 0.952114, 0.511173, -1.0, -0.0, 0.0, 0.001871, 0.0, 0.0, 0.0, 1.0]
            ]
        },
        {
            "name": "Arm_L",
            "time": [0.0, 0.05, 0.1],
            "transform": [
                [0.401405, 0.744273, -0.53379, 0.0, -0.827925, 0.045623, -0.558978, 0.39386, -0.391679, 0.666316, 0.634515, 0.0, 0.0, 0.0, 0.0, 1.0],
                [0.683001, 0.513942, -0.519012, -0.0, -0.543818, -0.116561, -0.831068, 0.39386, -0.487617, 0.849869, 0.199878, -0.0, 0.0, 0.0, 0.0, 1.0],
                [0.724031, 0.517146, -0.456442, -0.0, -0.510514, -0.043229, -0.858781, 0.39386, -0.463847, 0.854805, 0.23271, -0.0, 0.0, 0.0, 0.0, 1.0]
            ]
        },
        {
            "name": "Hand_L",
            "time": [0.0, 0.05, 0.1],
            "transform": [
                [1.0, 1e-06, -0.0, 0.0, -1e-06, 0.84225, -0.539088, 0.300003, -0.0, 0.539089, 0.842249, -0.0, 0.0, 0.0, 0.0, 1.0],
                [1.0, 0.0, -0.0, -0.0, -0.0, 1.0, -0.000992, 0.300002, -0.0, 0.000993, 0.999999, -0.0, 0.0, 0.0, 0.0, 1.0],
                [1.0, -1e-06, 0.0, -0.0, 1e-06, 0.981314, -0.192412, 0.300002, 0.0, 0.192412, 0.981314, -0.0, 0.0, 0.0, 0.0, 1.0]
            ]
        },
        {
            "name": "Tool_L",
            "time": [0.0, 0.1],
            "transform": [
                [1.0, -0.0, 0.0, 0.0, 0.0, -0.999559, -0.029689, 0.271711, 0.0, 0.029689, -0.99956, -0.028915, 0.0, 0.0, 0.0, 1.0],
                [1.0, 0.0, 0.0, 0.0, 0.0, -0.999559, -0.029689, 0.271711, 0.0, 0.029689, -0.99956, -0.028915, 0.0, 0.0, 0.0, 1.0]
            ]
        },
        {
            "name": "Elbow_L",
            "time": [0.0, 0.1],
            "transform": [
                [-1.0, 0.0, -0.0, 0.0, 0.0, 0.003946, -0.999992, 0.352553, -0.0, -0.999993, -0.003946, -0.001045, 0.0, 0.0, 0.0, 1.0],
                [-1.0, 0.0, -0.0, -0.0, 0.0, 0.003946, -0.999992, 0.317342, -0.0, -0.999993, -0.003946, -0.001184, 0.0, 0.0, 0.0, 1.0]
            ]
        }
    ]
}