{
    "animation": [
        {
            "name": "Coord",
            "time": [0.0, 0.05, 0.1],
            "transform": [
                [1.0, 0.0, 0.0, -5e-06, 0.0, 0.0, -1.0, -0.525265, 0.0, 1.0, 0.0, -1.568611, 0.0, 0.0, 0.0, 1.0],
                [1.0, 0.0, 0.0, -5e-06, 0.0, 0.0, -1.0, -0.302606, 0.0, 1.0, 0.0, -1.687643, 0.0, 0.0, 0.0, 1.0],
                [1.0, 0.0, 0.0, -5e-06, 0.0, 0.0, -1.0, -0.302606, 0.0, 1.0, 0.0, -1.687646, 0.0, 0.0, 0.0, 1.0]
            ]
        },
        {
            "name": "Root",
            "time": [0.0, 0.05, 0.1],
            "transform": [
                [0.999942, 0.0, 0.010809, 0.0, -0.000234, 0.999765, 0.021668, 0.76301, -0.010806, -0.021669, 0.999707, -0.000944, 0.0, 0.0, 0.0, 1.0],
                [0.999942, -0.0, 0.010809, 0.0, 0.0, 1.0, -1e-06, 0.528511, -0.010809, 1e-06, 0.999942, -0.156225, 0.0, 0.0, 0.0, 1.0],
                [0.999942, -0.0, 0.010809, 0.0, 0.0, 1.0, -1e-06, 0.528511, -0.010809, 1e-06, 0.999942, -0.156225, 0.0, 0.0, 0.0, 1.0]
            ]
        },
        {
            "name": "Thigh_R",
            "time": [0.0, 0.05, 0.1],
            "transform": [
                [0.999665, 0.02564, 0.003452, 0.124994, 0.025185, -0.99497, 0.096938, -0.00283, 0.00592, -0.096819, -0.995285, -1.2e-05, 0.0, 0.0, 0.0, 1.0],
                [0.999459, 0.026395, 0.019599, 0.124994, 0.025118, -0.997708, 0.062797, -0.002831, 0.021211, -0.062271, -0.997835, -1.2e-05, 0.0, 0.0, 0.0, 1.0],
                [0.999459, 0.026396, 0.019597, 0.124994, 0.025118, -0.997705, 0.062849, -0.002831, 0.021211, -0.062323, -0.997831, -1.2e-05, 0.0, 0.0, 0.0, 1.0]
            ]
        },
        {
            "name": "Leg_R",
            "time": [0.0, 0.05, 0.1],
            "transform": [
                [1.0, -0.0, 1e-06, 0.0, -0.0, 0.960489, 0.278338, 0.374726, -1e-06, -0.27834, 0.960477, 0.0, 0.0, 0.0, 0.0, 1.0],
                [1.0, -0.0, 1e-06, -0.0, -0.0, 0.993202, 0.116459, 0.374726, -1e-06, -0.11646, 0.993189, -0.0, 0.0, 0.0, 0.0, 1.0],
                [1.0, -0.0, 1e-06, 0.0, -0.0, 0.99319, 0.116562, 0.374726, -1e-06, -0.116563, 0.993177, -0.0, 0.0, 0.0, 0.0, 1.0]
            ]
        },
        {
            "name": "Knee_R",
            "time": [0.0, 0.1],
            "transform": [
                [1.0, 0.0, -0.0, 0.0, -0.0, 0.00567, -0.999984, 0.374726, -0.0, 0.999984, 0.00567, 0.0, 0.0, 0.0, 0.0, 1.0],
                [1.0, 0.0, -0.0, -0.0, -0.0, 0.00567, -0.999984, 0.374726, -0.0, 0.999984, 0.00567, -0.0, 0.0, 0.0, 0.0, 1.0]
            ]
        },
        {
            "name": "Thigh_L",
            "time": [0.0, 0.05, 0.1],
            "transform": [
                [0.999781, -0.018162, 0.010334, -0.125006, -0.018955, -0.996396, 0.082678, -0.002831, 0.008795, -0.082856, -0.996522, -1.2e-05, 0.0, 0.0, 0.0, 1.0],
                [0.999797, -0.018957, -0.006819, -0.125006, -0.018686, -0.999109, 0.037836, -0.002831, -0.00753, -0.037701, -0.999261, -1.2e-05, 0.0, 0.0, 0.0, 1.0],
                [0.999797, -0.018958, -0.006817, -0.125006, -0.018686, -0.999106, 0.037913, -0.002831, -0.00753, -0.037778, -0.999257, -1.2e-05, 0.0, 0.0, 0.0, 1.0]
            ]
        },
        {
            "name": "Leg_L",
            "time": [0.0, 0.05, 0.1],
            "transform": [
                [1.0, -0.0, 1e-06, 0.0, -0.0, 0.965911, 0.258878, 0.374726, -1e-06, -0.258878, 0.96591, -0.0, 0.0, 0.0, 0.0, 1.0],
                [1.0, -0.0, 1e-06, 0.0, -0.0, 0.997156, 0.075377, 0.374726, -1e-06, -0.075377, 0.997155, -0.0, 0.0, 0.0, 0.0, 1.0],
                [1.0, -0.0, 1e-06, 0.0, -0.0, 0.997144, 0.075531, 0.374726, -1e-06, -0.075531, 0.997143, -0.0, 0.0, 0.0, 0.0, 1.0]
            ]
        },
        {
            "name": "Knee_L",
            "time": [0.0, 0.1],
            "transform": [
                [1.0, 0.0, -0.0, 0.0, -0.0, 0.00567, -0.999984, 0.374726, -0.0, 0.999984, 0.00567, 0.0, 0.0, 0.0, 0.0, 1.0],
                [1.0, 0.0, -0.0, -0.0, -0.0, 0.00567, -0.999984, 0.374726, -0.0, 0.999984, 0.00567, -0.0, 0.0, 0.0, 0.0, 1.0]
            ]
        },
        {
            "name": "Torso",
            "time": [0.0, 0.05, 0.1],
            "transform": [
                [1.0, 0.0, -0.0, -0.0, -0.0, 1.0, 0.0, 0.05, 0.0, 0.0, 1.0, 0.0, 0.0, 0.0, 0.0, 1.0],
                [1.0, 0.0, -0.0, 0.0, -0.0, 1.0, -0.000689, 0.05, -0.0, 0.000689, 1.0, -0.0, 0.0, 0.0, 0.0, 1.0],
                [1.0, 0.0, -0.0, 0.0, -0.0, 1.0, -0.000689, 0.05, -0.0, 0.000689, 1.0, -0.0, 0.0, 0.0, 0.0, 1.0]
            ]
        },
        {
            "name": "Chest",
            "time": [0.0, 0.05, 0.1],
            "transform": [
                [1.0, -0.000345, 6e-06, -0.0, 0.000345, 0.99949, -0.031913, 0.3, 6e-06, 0.031913, 0.999491, -0.0, 0.0, 0.0, 0.0, 1.0],
                [0.999846, -0.002503, -0.017346, -0.0, -0.000429, 0.985956, -0.167006, 0.3, 0.017521, 0.166987, 0.985803, 0.0, 0.0, 0.0, 0.0, 1.0],
                [0.999846, -0.002503, -0.017346, -0.0, -0.000429, 0.985956, -0.167006, 0.3, 0.017521, 0.166987, 0.985803, 0.0, 0.0, 0.0, 0.0, 1.0]
            ]
        },
        {
            "name": "Head",
            "time": [0.0, 0.05, 0.1],
            "transform": [
                [0.999946, -0.000555, -0.010371, 0.0, 0.000549, 1.0, -0.000562, 0.4, 0.010371, 0.000556, 0.999946, -0.0, 0.0, 0.0, 0.0, 1.0],
                [0.999928, -0.009919, 0.006807, 0.0, 0.008689, 0.986829, 0.16153, 0.4, -0.008319, -0.16146, 0.986844, 0.0, 0.0, 0.0, 0.0, 1.0],
                [0.999928, -0.009919, 0.006807, 0.0, 0.008689, 0.986829, 0.16153, 0.4, -0.008319, -0.16146, 0.986844, -0.0, 0.0, 0.0, 0.0, 1.0]
            ]
        },
        {
            "name": "Shoulder_R",
            "time": [0.0, 0.05, 0.1],
            "transform": [
                [0.0, 0.952114, 0.305743, 8.9e-05, 0.0, -0.305743, 0.952114, 0.511173, 1.0, 0.0, -0.0, 0.001871, 0.0, 0.0, 0.0, 1.0],
                [0.0, 0.952114, 0.305743, 8.9e-05, 0.0, -0.305743, 0.952114, 0.511173, 1.0, -0.0, -0.0, 0.001871, 0.0, 0.0, 0.0, 1.0],
                [0.0, 0.952114, 0.305743, 8.9e-05, 0.0, -0.305743, 0.952114, 0.511173, 1.0, -0.0, -0.0, 0.001871, 0.0, 0.0, 0.0, 1.0]
            ]
        },
        {
            "name": "Arm_R",
            "time": [0.0, 0.05, 0.1],
            "transform": [
                [0.408752, -0.772134, 0.486552, -0.0, 0.818124, 0.073733, -0.570295, 0.393861, 0.404469, 0.631169, 0.66184, 0.0, 0.0, 0.0, 0.0, 1.0],
                [0.86849, -0.487012, -0.092441, 0.0, -0.103534, 0.00416, -0.994618, 0.393861, 0.484776, 0.873386, -0.046809, -0.0, 0.0, 0.0, 0.0, 1.0],
                [0.86849, -0.487014, -0.092431, 0.0, -0.103536, 0.004136, -0.994618, 0.393861, 0.484775, 0.873385, -0.046831, -0.0, 0.0, 0.0, 0.0, 1.0]
            ]
        },
        {
            "name": "Hand_R",
            "time": [0.0, 0.05, 0.1],
            "transform": [
                [0.999999, -7e-06, 3e-06, -0.0, 7e-06, 0.778487, -0.627661, 0.300003, 2e-06, 0.62766, 0.778487, -0.0, 0.0, 0.0, 0.0, 1.0],
                [0.999999, -2e-06, 0.0, 0.0, 2e-06, 0.952505, -0.304521, 0.300002, 0.0, 0.304521, 0.952505, -0.0, 0.0, 0.0, 0.0, 1.0],
                [1.0, 1e-06, -0.0, 0.0, -1e-06, 0.952521, -0.304473, 0.300003, -0.0, 0.304473, 0.952521, 0.0, 0.0, 0.0, 0.0, 1.0]
            ]
        },
        {
            "name": "Tool_R",
            "time": [0.0, 0.1],
            "transform": [
                [1.0, -0.0, 0.0, -0.0, -0.0, -0.999559, -0.029689, 0.271711, 0.0, 0.029689, -0.99956, -0.028915, 0.0, 0.0, 0.0, 1.0],
                [1.0, 0.0, 0.0, 0.0, -0.0, -0.999559, -0.029689, 0.271711, 0.0, 0.029689, -0.99956, -0.028915, 0.0, 0.0, 0.0, 1.0]
            ]
        },
        {
            "name": "Elbow_R",
            "time": [0.0, 0.1],
            "transform": [
                [-1.0, 0.0, -0.0, -0.0, 0.0, 0.003946, -0.999992, 0.362785, -0.0, -0.999992, -0.003946, -0.001005, 0.0, 0.0, 0.0, 1.0],
                [-1.0, 0.0, -0.0, -0.0, -0.0, 0.003946, -0.999992, 0.328191, -0.0, -0.999992, -0.003946, -0.001141, 0.0, 0.0, 0.0, 1.0]
            ]
        },
        {
            "name": "Shoulder_L",
            "time": [0.0, 0.05, 0.1],
            "transform": [
                [-0.0, -0.952114, -0.305743, 8.9e-05, 0.0, -0.305743, 0.952114, 0.511173, -1.0, -0.0, 0.0, 0.001871, 0.0, 0.0, 0.0, 1.0],
                [-0.0, -0.952114, -0.305743, 8.9e-05, 0.0, -0.305743, 0.952114, 0.511173, -1.0, -0.0, 0.0, 0.001871, 0.0, 0.0, 0.0, 1.0],
                [-0.0, -0.952114, -0.305743, 8.9e-05, 0.0, -0.305743, 0.952114, 0.511173, -1.0, -0.0, 0.0, 0.001871, 0.0, 0.0, 0.0, 1.0]
            ]
        },
        {
            "name": "Arm_L",
            "time": [0.0, 0.05, 0.1],
            "transform": [
                [0.401405, 0.744273, -0.533791, 0.0, -0.827925, 0.045623, -0.558978, 0.39386, -0.391679, 0.666316, 0.634515, 0.0, 0.0, 0.0, 0.0, 1.0],
                [0.879334, 0.465478, 0.10051, -0.0, 0.141935, -0.054713, -0.988363, 0.39386, -0.454561, 0.883367, -0.114179, 0.0, 0.0, 0.0, 0.0, 1.0],
                [0.879334, 0.465481, 0.100489, 0.0, 0.141937, -0.05476, -0.98836, 0.39386, -0.454559, 0.883362, -0.114222, 0.0, 0.0, 0.0, 0.0, 1.0]
            ]
        },
        {
            "name": "Hand_L",
            "time": [0.0, 0.05, 0.1],
            "transform": [
                [1.0, 1e-06, -0.0, 0.0, -1e-06, 0.84225, -0.539088, 0.300003, -0.0, 0.539089, 0.842249, -0.0, 0.0, 0.0, 0.0, 1.0],
                [1.0, -1e-06, 0.0, -0.0, 0.0, 0.989531, -0.14432, 0.300003, 0.0, 0.14432, 0.989531, -0.0, 0.0, 0.0, 0.0, 1.0],
                [1.0, -1e-06, 0.0, -0.0, 1e-06, 0.989546, -0.144222, 0.300003, 0.0, 0.144222, 0.989546, -0.0, 0.0, 0.0, 0.0, 1.0]
            ]
        },
        {
            "name": "Tool_L",
            "time": [0.0, 0.1],
            "transform": [
                [1.0, -0.0, 0.0, -0.0, 0.0, -0.999559, -0.029689, 0.271711, 0.0, 0.029689, -0.99956, -0.028915, 0.0, 0.0, 0.0, 1.0],
                [1.0, -0.0, 0.0, -0.0, 0.0, -0.999559, -0.029689, 0.271711, 0.0, 0.029689, -0.99956, -0.028915, 0.0, 0.0, 0.0, 1.0]
            ]
        },
        {
            "name": "Elbow_L",
            "time": [0.0, 0.1],
            "transform": [
                [-1.0, 0.0, -0.0, 0.0, 0.0, 0.003946, -0.999992, 0.352552, -0.0, -0.999993, -0.003946, -0.001045, 0.0, 0.0, 0.0, 1.0],
                [-1.0, 0.0, -0.0, -0.0, 0.0, 0.003946, -0.999992, 0.312761, -0.0, -0.999993, -0.003946, -0.001202, 0.0, 0.0, 0.0, 1.0]
            ]
        }
    ]
}