{
    "animation": [
        {
            "name": "Coord",
            "time": [0.0, 0.4, 0.6],
            "transform": [
                [1.0, 0.0, 0.0, -0.044783, 0.0, 0.0, -1.0, -0.938663, 0.0, 1.0, 0.0, -2.000216, 0.0, 0.0, 0.0, 1.0],
                [0.0, 0.0, -1.0, 0.003493, -1.0, 0.0, -0.0, -0.714106, 0.0, 1.0, 0.0, -2.000216, 0.0, 0.0, 0.0, 1.0],
                [-0.0, 0.0, -1.0, 0.003078, -1.0, 0.0, 0.0, -0.714521, 0.0, 1.0, 0.0, -2.000216, 0.0, 0.0, 0.0, 1.0]
            ]
        },
        {
            "name": "Root",
            "time": [0.0, 0.4, 0.6],
            "transform": [
                [0.559077, 0.0, 0.829116, 0.0, 0.0, 1.0, 0.0, 0.76301, -0.829116, 0.0, 0.559077, -0.000944, 0.0, 0.0, 0.0, 1.0],
                [-0.010809, 0.0, 0.999942, 0.0, 0.0, 1.0, 0.0, 0.76301, -0.999942, 0.0, -0.010809, -0.000944, 0.0, 0.0, 0.0, 1.0],
                [-0.010809, 0.0, 0.999942, 0.0, 0.0, 1.0, 0.0, 0.76301, -0.999942, 0.0, -0.010809, -0.000944, 0.0, 0.0, 0.0, 1.0]
            ]
        },
        {
            "name": "Thigh_R",
            "time": [0.0, 0.4, 0.6],
            "transform": [
                [0.99946, 0.025206, 0.021081, 0.124994, 0.025087, -0.999666, 0.00589, -0.002831, 0.021223, -0.005358, -0.999761, -1.2e-05, 0.0, 0.0, 0.0, 1.0],
                [0.99946, 0.025206, 0.021081, 0.124994, 0.025087, -0.999666, 0.00589, -0.002831, 0.021223, -0.005358, -0.999761, -1.2e-05, 0.0, 0.0, 0.0, 1.0],
                [0.99946, 0.025206, 0.021081, 0.124994, 0.025087, -0.999666, 0.00589, -0.002831, 0.021223, -0.005358, -0.999761, -1.2e-05, 0.0, 0.0, 0.0, 1.0]
            ]
        },
        {
            "name": "Leg_R",
            "time": [0.0, 0.4, 0.6],
            "transform": [
                [1.0, -0.0, 1e-06, 0.0, 0.0, 0.999993, 0.00468, 0.374726, -1e-06, -0.00468, 0.999985, -0.0, 0.0, 0.0, 0.0, 1.0],
                [1.0, -0.0, 1e-06, -0.0, -0.0, 0.999993, 0.00468, 0.374726, -1e-06, -0.00468, 0.999985, 0.0, 0.0, 0.0, 0.0, 1.0],
                [1.0, -0.0, 1e-06, -0.0, 0.0, 0.999993, 0.00468, 0.374726, -1e-06, -0.00468, 0.999985, 0.0, 0.0, 0.0, 0.0, 1.0]
            ]
        },
        {
            "name": "Knee_R",
            "time": [0.0, 0.6],
            "transform": [
                [1.0, 0.0, -0.0, 0.0, -0.0, 0.00567, -0.999984, 0.374726, -0.0, 0.999984, 0.00567, -0.0, 0.0, 0.0, 0.0, 1.0],
                [1.0, 0.0, -0.0, -0.0, -0.0, 0.00567, -0.999984, 0.374726, -0.0, 0.999984, 0.00567, -0.0, 0.0, 0.0, 0.0, 1.0]
            ]
        },
        {
            "name": "Thigh_L",
            "time": [0.0, 0.4, 0.6],
            "transform": [
                [0.999797, -0.018685, -0.00755, -0.125006, -0.018674, -0.999824, 0.001541, -0.002831, -0.007578, -0.0014, -0.99997, -1.2e-05, 0.0, 0.0, 0.0, 1.0],
                [0.999797, -0.018685, -0.00755, -0.125006, -0.018674, -0.999824, 0.001541, -0.002831, -0.007578, -0.0014, -0.99997, -1.2e-05, 0.0, 0.0, 0.0, 1.0],
                [0.999797, -0.018685, -0.00755, -0.125006, -0.018674, -0.999824, 0.001541, -0.002831, -0.007578, -0.0014, -0.99997, -1.2e-05, 0.0, 0.0, 0.0, 1.0]
            ]
        },
        {
            "name": "Leg_L",
            "time": [0.0, 0.4, 0.6],
            "transform": [
                [1.0, -0.0, 1e-06, 0.0, 0.0, 0.99999, 0.004681, 0.374726, -1e-06, -0.004681, 0.999989, -0.0, 0.0, 0.0, 0.0, 1.0],
                [1.0, -0.0, 1e-06, -0.0, 0.0, 0.99999, 0.004681, 0.374726, -1e-06, -0.004681, 0.999989, 0.0, 0.0, 0.0, 0.0, 1.0],
                [1.0, -0.0, 1e-06, -0.0, 0.0, 0.99999, 0.004681, 0.374726, -1e-06, -0.004681, 0.999989, 0.0, 0.0, 0.0, 0.0, 1.0]
            ]
        },
        {
            "name": "Knee_L",
            "time": [0.0, 0.6],
            "transform": [
                [1.0, 0.0, -0.0, 0.0, -0.0, 0.00567, -0.999984, 0.374726, 0.0, 0.999984, 0.00567, -0.0, 0.0, 0.0, 0.0, 1.0],
                [1.0, 0.0, -0.0, -0.0, -0.0, 0.00567, -0.999984, 0.374726, -0.0, 0.999984, 0.00567, 0.0, 0.0, 0.0, 0.0, 1.0]
            ]
        },
        {
            "name": "Torso",
            "time": [0.0, 0.4, 0.6],
            "transform": [
                [1.0, 0.0, 0.0, -0.0, -0.0, 1.0, -0.000689, 0.05, 0.0, 0.000689, 1.0, 0.0, 0.0, 0.0, 0.0, 1.0],
                [1.0, 0.0, 0.0, 0.0, 0.0, 1.0, -0.000689, 0.05, -0.0, 0.000689, 1.0, -0.0, 0.0, 0.0, 0.0, 1.0],
                [1.0, 0.0, 0.0, 0.0, 0.0, 1.0, -0.000689, 0.05, 0.0, 0.000689, 1.0, -0.0, 0.0, 0.0, 0.0, 1.0]
            ]
        },
        {
            "name": "Chest",
            "time": [0.0, 0.4, 0.6],
            "transform": [
                [0.999846, -0.002503, -0.017346, -0.0, -0.000429, 0.985958, -0.166994, 0.3, 0.017521, 0.166976, 0.985805, 0.0, 0.0, 0.0, 0.0, 1.0],
                [0.999846, -0.002503, -0.017346, -0.0, -0.000429, 0.985958, -0.166994, 0.3, 0.017521, 0.166976, 0.985805, 0.0, 0.0, 0.0, 0.0, 1.0],
                [0.999846, -0.002503, -0.017346, -0.0, -0.000429, 0.985958, -0.166994, 0.3, 0.017521, 0.166976, 0.985805, -0.0, 0.0, 0.0, 0.0, 1.0]
            ]
        },
        {
            "name": "Head",
            "time": [0.0, 0.4, 0.6],
            "transform": [
                [0.999928, -0.009919, 0.006807, 0.0, 0.008689, 0.986829, 0.16153, 0.4, -0.008319, -0.16146, 0.986844, 0.0, 0.0, 0.0, 0.0, 1.0],
                [0.999928, -0.009919, 0.006807, 0.0, 0.008689, 0.986829, 0.16153, 0.4, -0.008319, -0.16146, 0.986844, -0.0, 0.0, 0.0, 0.0, 1.0],
                [0.999928, -0.009919, 0.006807, 0.0, 0.008689, 0.986829, 0.16153, 0.4, -0.008319, -0.16146, 0.986844, 0.0, 0.0, 0.0, 0.0, 1.0]
            ]
        },
        {
            "name": "Shoulder_R",
            "time": [0.0, 0.4, 0.6],
            "transform": [
                [0.0, 0.952114, 0.305743, 8.9e-05, -0.0, -0.305743, 0.952114, 0.511173, 1.0, -0.0, -0.0, 0.001871, 0.0, 0.0, 0.0, 1.0],
                [0.0, 0.952114, 0.305743, 8.9e-05, -0.0, -0.305743, 0.952114, 0.511173, 1.0, -0.0, -0.0, 0.001871, 0.0, 0.0, 0.0, 1.0],
                [0.0, 0.952114, 0.305743, 8.9e-05, -0.0, -0.305743, 0.952114, 0.511173, 1.0, -0.0, -0.0, 0.001871, 0.0, 0.0, 0.0, 1.0]
            ]
        },
        {
            "name": "Arm_R",
            "time": [0.0, 0.1333, 0.2333, 0.3167, 0.4, 0.6],
            "transform": [
                [0.754158, -0.513228, 0.409688, -0.0, 0.525399, 0.097297, -0.845275, 0.39386, 0.393957, 0.85272, 0.343027, -0.0, 0.0, 0.0, 0.0, 1.0],
                [0.890194, -0.250378, 0.380613, 0.0, 0.437031, 0.233327, -0.868656, 0.393861, 0.128685, 0.939611, 0.317129, 0.0, 0.0, 0.0, 0.0, 1.0],
                [0.805181, -0.439284, 0.398388, 0.0, 0.515725, 0.187042, -0.836088, 0.393861, 0.292765, 0.878661, 0.377153, 0.0, 0.0, 0.0, 0.0, 1.0],
                [0.737696, -0.533384, 0.413893, 0.0, 0.540105, 0.098412, -0.835824, 0.393861, 0.405083, 0.84013, 0.360682, -0.0, 0.0, 0.0, 0.0, 1.0],
                [0.694963, -0.573271, 0.434036, -0.0, 0.528259, -0.002461, -0.84908, 0.39386, 0.487821, 0.819362, 0.301125, -0.0, 0.0, 0.0, 0.0, 1.0],
                [0.694962, -0.573272, 0.434036, 0.0, 0.528259, -0.002462, -0.84908, 0.393861, 0.487822, 0.819362, 0.301126, -0.0, 0.0, 0.0, 0.0, 1.0]
            ]
        },
        {
            "name": "Hand_R",
            "time": [0.0, 0.1333, 0.2333, 0.3167, 0.4, 0.6],
            "transform": [
                [0.999999, -1e-06, 0.0, -0.0, 1e-06, 0.765286, -0.64369, 0.300003, 0.0, 0.64369, 0.765286, 0.0, 0.0, 0.0, 0.0, 1.0],
                [0.999999, -1e-06, 0.0, -0.0, 1e-06, 0.859823, -0.510591, 0.300003, 0.0, 0.510591, 0.859823, -0.0, 0.0, 0.0, 0.0, 1.0],
                [0.999999, -1e-06, 0.0, 0.0, 1e-06, 0.847515, -0.530771, 0.300002, 0.0, 0.53077, 0.847515, 0.0, 0.0, 0.0, 0.0, 1.0],
                [0.999999, -1e-06, 0.0, 0.0, 1e-06, 0.889178, -0.45756, 0.300003, 0.0, 0.45756, 0.889178, 0.0, 0.0, 0.0, 0.0, 1.0],
                [1.0, -2e-06, 0.0, -0.0, 2e-06, 0.939239, -0.343263, 0.300003, 0.0, 0.343263, 0.939239, -0.0, 0.0, 0.0, 0.0, 1.0],
                [0.999999, -1e-06, 0.0, 0.0, 1e-06, 0.939239, -0.343264, 0.300002, 0.0, 0.343264, 0.939239, 0.0, 0.0, 0.0, 0.0, 1.0]
            ]
        },
        {
            "name": "Tool_R",
            "time": [0.0, 0.6],
            "transform": [
                [1.0, -0.0, 0.0, -0.0, 0.0, -0.999559, -0.029689, 0.271711, 0.0, 0.029689, -0.99956, -0.028915, 0.0, 0.0, 0.0, 1.0],
                [1.0, -0.0, 0.0, 0.0, 0.0, -0.999559, -0.029689, 0.271711, 0.0, 0.029689, -0.99956, -0.028915, 0.0, 0.0, 0.0, 1.0]
            ]
        },
        {
            "name": "Elbow_R",
            "time": [0.0, 0.6],
            "transform": [
                [-1.0, 0.0, -0.0, -0.0, 0.0, 0.003946, -0.999992, 0.364731, -0.0, -0.999992, -0.003946, -0.000997, 0.0, 0.0, 0.0, 1.0],
                [-1.0, 0.0, -0.0, 0.0, 0.0, 0.003946, -0.999992, 0.332033, -0.0, -0.999992, -0.003946, -0.001126, 0.0, 0.0, 0.0, 1.0]
            ]
        },
        {
            "name": "Shoulder_L",
            "time": [0.0, 0.4, 0.6],
            "transform": [
                [-0.0, -0.952114, -0.305743, 8.9e-05, 0.0, -0.305743, 0.952114, 0.511173, -1.0, 0.0, 0.0, 0.001871, 0.0, 0.0, 0.0, 1.0],
                [-0.0, -0.952114, -0.305743, 8.9e-05, 0.0, -0.305743, 0.952114, 0.511173, -1.0, -0.0, 0.0, 0.001871, 0.0, 0.0, 0.0, 1.0],
                [-0.0, -0.952114, -0.305743, 8.9e-05, 0.0, -0.305743, 0.952114, 0.511173, -1.0, -0.0, 0.0, 0.001871, 0.0, 0.0, 0.0, 1.0]
            ]
        },
        {
            "name": "Arm_L",
            "time": [0.0, 0.1333, 0.2333, 0.4, 0.6],
            "transform": [
                [0.705197, 0.59741, -0.381834, 0.0, -0.378613, -0.138028, -0.915205, 0.39386, -0.599456, 0.789968, 0.12885, 0.0, 0.0, 0.0, 0.0, 1.0],
                [0.903336, 0.245944, 0.351419, 0.0, 0.320954, 0.155949, -0.934167, 0.39386, -0.284556, 0.956656, 0.061938, 0.0, 0.0, 0.0, 0.0, 1.0],
                [0.53339, -0.027592, 0.845419, -0.0, 0.845869, 0.017167, -0.533114, 0.39386, 0.000196, 0.999472, 0.032496, 0.0, 0.0, 0.0, 0.0, 1.0],
                [0.728882, 0.516277, -0.449654, 0.0, -0.506323, -0.035592, -0.861608, 0.39386, -0.460832, 0.855682, 0.23546, 0.0, 0.0, 0.0, 0.0, 1.0],
                [0.728882, 0.516276, -0.449655, 0.0, -0.506323, -0.035594, -0.861609, 0.39386, -0.460833, 0.855682, 0.235458, 0.0, 0.0, 0.0, 0.0, 1.0]
            ]
        },
        {
            "name": "Hand_L",
            "time": [0.0, 0.1333, 0.2333, 0.4, 0.6],
            "transform": [
                [1.0, -0.0, -0.0, -0.0, -0.0, 1.0, -0.000994, 0.300003, 0.0, 0.000995, 1.0, -0.0, 0.0, 0.0, 0.0, 1.0],
                [1.0, -0.0, 0.0, 0.0, 0.0, 0.943011, -0.332763, 0.300003, 0.0, 0.332763, 0.943011, -0.0, 0.0, 0.0, 0.0, 1.0],
                [1.0, -0.0, 0.0, 0.0, 0.0, 1.0, -0.000992, 0.300003, -0.0, 0.000992, 1.0, -0.0, 0.0, 0.0, 0.0, 1.0],
                [1.0, -0.0, -0.0, -0.0, 0.0, 0.978245, -0.207457, 0.300003, -0.0, 0.207457, 0.978244, 0.0, 0.0, 0.0, 0.0, 1.0],
                [1.0, -1e-06, 0.0, -0.0, 1e-06, 0.978246, -0.207453, 0.300003, 0.0, 0.207453, 0.978245, 0.0, 0.0, 0.0, 0.0, 1.0]
            ]
        },
        {
            "name": "Tool_L",
            "time": [0.0, 0.6],
            "transform": [
                [1.0, 0.0, 0.0, 0.0, 0.0, -0.999559, -0.029689, 0.271711, 0.0, 0.029689, -0.99956, -0.028915, 0.0, 0.0, 0.0, 1.0],
                [1.0, 0.0, 0.0, 0.0, -0.0, -0.999559, -0.029689, 0.271711, 0.0, 0.029689, -0.99956, -0.028915, 0.0, 0.0, 0.0, 1.0]
            ]
        },
        {
            "name": "Elbow_L",
            "time": [0.0, 0.6],
            "transform": [
                [-1.0, 0.0, -0.0, -0.0, 0.0, 0.003946, -0.999992, 0.300007, -0.0, -0.999992, -0.003946, -0.001252, 0.0, 0.0, 0.0, 1.0],
                [-1.0, 0.0, -0.0, 0.0, 0.0, 0.003946, -0.999992, 0.318781, -0.0, -0.999992, -0.003946, -0.001178, 0.0, 0.0, 0.0, 1.0]
            ]
        }
    ]
}