{
    "animation": [
        {
            "name": "Coord",
            "time": [0.0, 0.3],
            "transform": [
                [0.707107, 0.0, 0.707107, 0.300915, 0.707107, 0.0, -0.707107, -0.301938, 0.0, 1.0, 0.0, -1.686246, 0.0, 0.0, 0.0, 1.0],
                [1.0, 0.0, 0.0, 0.500503, 0.0, 0.0, -1.0, -0.300092, 0.0, 1.0, 0.0, -1.686245, 0.0, 0.0, 0.0, 1.0]
            ]
        },
        {
            "name": "Root",
            "time": [0.0, 0.0833, 0.1167, 0.1667, 0.3],
            "transform": [
                [0.999942, 0.0, 0.010809, 0.0, 0.0, 1.0, 0.0, 0.599004, -0.010809, 0.0, 0.999942, 0.073983, 0.0, 0.0, 0.0, 1.0],
                [0.959649, -0.0, -0.281201, 0.0, 0.0, 1.0, -0.0, 0.57679, 0.281201, 0.0, 0.959649, 0.030562, 0.0, 0.0, 0.0, 1.0],
                [0.964765, -0.0, -0.263114, 0.0, -0.0, 1.0, -0.0, 0.599774, 0.263114, 0.0, 0.964765, -0.003385, 0.0, 0.0, 0.0, 1.0],
                [0.982474, -0.0, -0.186399, 0.067979, -0.0, 1.0, -0.0, 0.586763, 0.186399, 0.0, 0.982474, -0.029168, 0.0, 0.0, 0.0, 1.0],
                [0.999942, -0.0, 0.010809, 0.0, 0.0, 1.0, -1e-06, 0.528511, -0.010809, 1e-06, 0.999942, -0.156225, 0.0, 0.0, 0.0, 1.0]
            ]
        },
        {
            "name": "Thigh_R",
            "time": [0.0, 0.0833, 0.1667, 0.3],
            "transform": [
                [0.999509, 0.019786, 0.024296, 0.124994, 0.018714, -0.998872, 0.043583, -0.002831, 0.025131, -0.043107, -0.998755, -1.2e-05, 0.0, 0.0, 0.0, 1.0],
                [0.977921, -0.206503, -0.032036, 0.124994, -0.173529, -0.88787, 0.426112, -0.002831, -0.116438, -0.411144, -0.904103, -1.2e-05, 0.0, 0.0, 0.0, 1.0],
                [0.999385, -0.034226, -0.007552, 0.124994, -0.030924, -0.962462, 0.269643, -0.002831, -0.016497, -0.269243, -0.962931, -1.2e-05, 0.0, 0.0, 0.0, 1.0],
                [0.999509, 0.019786, 0.024296, 0.124994, 0.018714, -0.998872, 0.043583, -0.002831, 0.025131, -0.043107, -0.998755, -1.2e-05, 0.0, 0.0, 0.0, 1.0]
            ]
        },
        {
            "name": "Leg_R",
            "time": [0.0, 0.0833, 0.1667, 0.3],
            "transform": [
                [1.0, -0.0, 1e-06, -0.0, -0.0, 0.984913, 0.173069, 0.374726, -1e-06, -0.17307, 0.984906, -0.0, 0.0, 0.0, 0.0, 1.0],
                [1.0, -0.0, 1e-06, -0.0, -0.0, 0.816267, 0.577677, 0.374726, -1e-06, -0.577681, 0.816261, 0.0, 0.0, 0.0, 0.0, 1.0],
                [1.0, -0.0, 1e-06, 0.0, -0.0, 0.918034, 0.396509, 0.374726, -1e-06, -0.396512, 0.918027, 0.0, 0.0, 0.0, 0.0, 1.0],
                [1.0, -0.0, 1e-06, 0.0, -0.0, 0.984913, 0.173069, 0.374726, -1e-06, -0.17307, 0.984906, -0.0, 0.0, 0.0, 0.0, 1.0]
            ]
        },
        {
            "name": "Knee_R",
            "time": [0.0, 0.3],
            "transform": [
                [1.0, 0.0, -0.0, -0.0, -0.0, 0.00567, -0.999984, 0.374726, -0.0, 0.999984, 0.00567, -0.0, 0.0, 0.0, 0.0, 1.0],
                [1.0, 0.0, -0.0, 0.0, -0.0, 0.00567, -0.999984, 0.374726, -0.0, 0.999984, 0.00567, -0.0, 0.0, 0.0, 0.0, 1.0]
            ]
        },
        {
            "name": "Thigh_L",
            "time": [0.0, 0.0833, 0.1667, 0.3],
            "transform": [
                [0.999863, -0.012574, -0.010774, -0.125006, -0.011607, -0.996263, 0.085579, -0.002831, -0.011809, -0.085442, -0.996273, -1.2e-05, 0.0, 0.0, 0.0, 1.0],
                [0.926392, -0.279392, -0.252463, -0.125006, -0.180736, -0.918075, 0.352804, -0.002831, -0.330351, -0.281206, -0.900994, -1.2e-05, 0.0, 0.0, 0.0, 1.0],
                [0.874018, -0.315094, -0.369875, -0.125006, -0.196986, -0.925646, 0.323071, -0.002831, -0.444171, -0.20951, -0.871101, -1.2e-05, 0.0, 0.0, 0.0, 1.0],
                [0.999863, -0.012574, -0.010774, -0.125006, -0.011607, -0.996263, 0.085579, -0.002831, -0.011809, -0.085442, -0.996273, -1.2e-05, 0.0, 0.0, 0.0, 1.0]
            ]
        },
        {
            "name": "Leg_L",
            "time": [0.0, 0.0833, 0.1667, 0.3],
            "transform": [
                [1.0, -0.0, 1e-06, -0.0, -0.0, 0.985294, 0.170875, 0.374726, -1e-06, -0.170875, 0.985293, -0.0, 0.0, 0.0, 0.0, 1.0],
                [1.0, -0.0, 1e-06, 0.0, -0.0, 0.793051, 0.609155, 0.374726, -1e-06, -0.609156, 0.793051, -0.0, 0.0, 0.0, 0.0, 1.0],
                [1.0, -0.0, 1e-06, 0.0, -0.0, 0.849634, 0.527374, 0.374726, -1e-06, -0.527375, 0.849633, -0.0, 0.0, 0.0, 0.0, 1.0],
                [1.0, -0.0, 1e-06, 0.0, -0.0, 0.985294, 0.170875, 0.374726, -1e-06, -0.170875, 0.985293, 0.0, 0.0, 0.0, 0.0, 1.0]
            ]
        },
        {
            "name": "Knee_L",
            "time": [0.0, 0.3],
            "transform": [
                [1.0, -0.0, -0.0, 0.0, -0.0, 0.00567, -0.999984, 0.374726, 0.0, 0.999984, 0.00567, -0.0, 0.0, 0.0, 0.0, 1.0],
                [1.0, 0.0, -0.0, -0.0, -0.0, 0.00567, -0.999984, 0.374726, -0.0, 0.999984, 0.00567, 0.0, 0.0, 0.0, 0.0, 1.0]
            ]
        },
        {
            "name": "Torso",
            "time": [0.0, 0.3],
            "transform": [
                [1.0, 0.0, 0.0, 0.0, 0.0, 1.0, -0.000689, 0.05, 0.0, 0.000689, 1.0, 0.0, 0.0, 0.0, 0.0, 1.0],
                [1.0, 0.0, -0.0, 0.0, -0.0, 1.0, -0.000689, 0.05, -0.0, 0.000689, 1.0, 0.0, 0.0, 0.0, 0.0, 1.0]
            ]
        },
        {
            "name": "Chest",
            "time": [0.0, 0.0833, 0.1167, 0.3],
            "transform": [
                [0.999846, -0.002503, -0.017346, -0.0, -0.000429, 0.985958, -0.166994, 0.3, 0.017521, 0.166976, 0.985805, 0.0, 0.0, 0.0, 0.0, 1.0],
                [0.999081, 0.038014, -0.019822, -0.0, -0.037045, 0.998202, 0.04713, 0.3, 0.021578, -0.046352, 0.998692, -0.0, 0.0, 0.0, 0.0, 1.0],
                [0.993342, 0.11347, -0.019925, -0.0, -0.112766, 0.993058, 0.033466, 0.3, 0.023584, -0.030997, 0.999241, -0.0, 0.0, 0.0, 0.0, 1.0],
                [0.999846, -0.002503, -0.017346, -0.0, -0.000429, 0.985958, -0.166994, 0.3, 0.017521, 0.166976, 0.985805, -0.0, 0.0, 0.0, 0.0, 1.0]
            ]
        },
        {
            "name": "Head",
            "time": [0.0, 0.1167, 0.3],
            "transform": [
                [0.999928, -0.009919, 0.006807, -0.0, 0.008689, 0.986829, 0.16153, 0.4, -0.008319, -0.16146, 0.986844, 0.0, 0.0, 0.0, 0.0, 1.0],
                [0.999928, -0.008118, 0.008877, -0.0, 0.008689, 0.997762, -0.066305, 0.4, -0.008319, 0.066378, 0.99776, 0.0, 0.0, 0.0, 0.0, 1.0],
                [0.999928, -0.009919, 0.006807, -0.0, 0.008689, 0.986829, 0.16153, 0.4, -0.008319, -0.16146, 0.986844, -0.0, 0.0, 0.0, 0.0, 1.0]
            ]
        },
        {
            "name": "Shoulder_R",
            "time": [0.0, 0.3],
            "transform": [
                [0.0, 0.952114, 0.305743, 8.9e-05, 0.0, -0.305743, 0.952114, 0.511173, 1.0, 0.0, -0.0, 0.001871, 0.0, 0.0, 0.0, 1.0],
                [0.0, 0.952114, 0.305743, 8.9e-05, 0.0, -0.305743, 0.952114, 0.511173, 1.0, -0.0, -0.0, 0.001871, 0.0, 0.0, 0.0, 1.0]
            ]
        },
        {
            "name": "Arm_R",
            "time": [0.0, 0.0833, 0.1667, 0.2167, 0.25, 0.3],
            "transform": [
                [0.680027, 0.280597, -0.67737, 0.0, -0.73105, 0.188997, -0.655627, 0.39386, -0.055945, 0.941035, 0.333654, -0.0, 0.0, 0.0, 0.0, 1.0],
                [0.954737, 0.072305, -0.28853, -0.0, -0.29586, 0.130581, -0.946264, 0.39386, -0.030742, 0.988798, 0.146063, 0.0, 0.0, 0.0, 0.0, 1.0],
                [0.97611, -0.181166, -0.119951, 0.0, -0.149224, -0.157688, -0.976149, 0.393861, 0.157931, 0.970729, -0.180956, -0.0, 0.0, 0.0, 0.0, 1.0],
                [0.95329, -0.280366, -0.112402, -0.0, -0.107953, 0.031315, -0.993663, 0.39386, 0.28211, 0.959383, -0.000414, 0.0, 0.0, 0.0, 0.0, 1.0],
                [0.864173, -0.502499, -0.026471, -0.0, -0.040097, -0.016327, -0.999062, 0.393861, 0.501596, 0.864424, -0.034258, 0.0, 0.0, 0.0, 0.0, 1.0],
                [0.864962, -0.496606, -0.07228, 0.0, -0.090921, -0.01343, -0.995768, 0.39386, 0.493534, 0.867873, -0.056768, -0.0, 0.0, 0.0, 0.0, 1.0]
            ]
        },
        {
            "name": "Hand_R",
            "time": [0.0, 0.0833, 0.1667, 0.2167, 0.25, 0.3],
            "transform": [
                [0.999999, -2e-06, 1e-06, 0.0, 2e-06, 0.828083, -0.560605, 0.300003, 1e-06, 0.560605, 0.828083, -0.0, 0.0, 0.0, 0.0, 1.0],
                [0.999999, 1e-06, -0.0, -0.0, -1e-06, 0.932636, -0.360818, 0.300003, -0.0, 0.360819, 0.932636, 0.0, 0.0, 0.0, 0.0, 1.0],
                [1.0, -3e-06, 1e-06, 0.0, 3e-06, 0.891349, -0.453317, 0.300003, 1e-06, 0.453318, 0.891349, -0.0, 0.0, 0.0, 0.0, 1.0],
                [0.999999, -4e-06, 2e-06, -0.0, 4e-06, 0.780634, -0.624988, 0.300003, 1e-06, 0.624988, 0.780634, -0.0, 0.0, 0.0, 0.0, 1.0],
                [0.999999, 0.0, 0.0, -0.0, 0.0, 0.93827, -0.345904, 0.300003, -0.0, 0.345905, 0.938269, 0.0, 0.0, 0.0, 0.0, 1.0],
                [1.0, -3e-06, 1e-06, 0.0, 3e-06, 0.954807, -0.297225, 0.300003, 0.0, 0.297226, 0.954807, -0.0, 0.0, 0.0, 0.0, 1.0]
            ]
        },
        {
            "name": "Tool_R",
            "time": [0.0, 0.3],
            "transform": [
                [1.0, -0.0, 0.0, 0.0, 0.0, -0.999559, -0.029689, 0.271711, 0.0, 0.029689, -0.99956, -0.028915, 0.0, 0.0, 0.0, 1.0],
                [1.0, 0.0, 0.0, 0.0, -0.0, -0.999559, -0.029689, 0.271711, 0.0, 0.029689, -0.99956, -0.028915, 0.0, 0.0, 0.0, 1.0]
            ]
        },
        {
            "name": "Elbow_R",
            "time": [0.0, 0.3],
            "transform": [
                [-1.0, 0.0, -0.0, 0.0, 0.0, 0.003946, -0.999992, 0.354967, -0.0, -0.999992, -0.003946, -0.001035, 0.0, 0.0, 0.0, 1.0],
                [-1.0, 0.0, -0.0, 0.0, -0.0, 0.003946, -0.999992, 0.327479, -0.0, -0.999992, -0.003946, -0.001144, 0.0, 0.0, 0.0, 1.0]
            ]
        },
        {
            "name": "Shoulder_L",
            "time": [0.0, 0.3],
            "transform": [
                [0.0, -0.952114, -0.305743, 8.9e-05, 0.0, -0.305743, 0.952114, 0.511173, -1.0, 0.0, 0.0, 0.001871, 0.0, 0.0, 0.0, 1.0],
                [-0.0, -0.952114, -0.305743, 8.9e-05, 0.0, -0.305743, 0.952114, 0.511173, -1.0, -0.0, 0.0, 0.001871, 0.0, 0.0, 0.0, 1.0]
            ]
        },
        {
            "name": "Arm_L",
            "time": [0.0, 0.1167, 0.1667, 0.3],
            "transform": [
                [0.665807, -0.289219, 0.687789, 0.0, 0.744206, 0.191363, -0.639951, 0.39386, 0.053469, 0.937941, 0.342649, -0.0, 0.0, 0.0, 0.0, 1.0],
                [0.782407, 0.622007, -0.030766, -0.0, -0.242399, 0.258658, -0.935061, 0.39386, -0.573656, 0.739056, 0.35315, 0.0, 0.0, 0.0, 0.0, 1.0],
                [0.849919, 0.522696, 0.066532, 0.0, -0.204137, 0.443049, -0.872947, 0.39386, -0.485762, 0.728353, 0.483257, -0.0, 0.0, 0.0, 0.0, 1.0],
                [0.876301, 0.471061, 0.100988, -0.0, 0.130363, -0.030053, -0.99101, 0.39386, -0.463791, 0.881589, -0.087745, 0.0, 0.0, 0.0, 0.0, 1.0]
            ]
        },
        {
            "name": "Hand_L",
            "time": [0.0, 0.1167, 0.1667, 0.3],
            "transform": [
                [1.0, -0.0, 0.0, -0.0, 0.0, 0.810471, -0.58578, 0.300003, 0.0, 0.58578, 0.810471, 0.0, 0.0, 0.0, 0.0, 1.0],
                [1.0, -0.0, 0.0, 0.0, 0.0, 0.548095, -0.836417, 0.300003, -0.0, 0.836417, 0.548095, 0.0, 0.0, 0.0, 0.0, 1.0],
                [1.0, 3e-06, -1e-06, 0.0, -3e-06, 0.59917, -0.800622, 0.300003, -1e-06, 0.800622, 0.59917, -0.0, 0.0, 0.0, 0.0, 1.0],
                [1.0, -1e-06, 0.0, -0.0, 1e-06, 0.986877, -0.161476, 0.300003, 0.0, 0.161476, 0.986877, 0.0, 0.0, 0.0, 0.0, 1.0]
            ]
        },
        {
            "name": "Tool_L",
            "time": [0.0, 0.3],
            "transform": [
                [1.0, -0.0, 0.0, 0.0, 0.0, -0.999559, -0.029689, 0.271711, 0.0, 0.029689, -0.99956, -0.028915, 0.0, 0.0, 0.0, 1.0],
                [1.0, 0.0, 0.0, 0.0, 0.0, -0.999559, -0.029689, 0.271711, 0.0, 0.029689, -0.999559, -0.028915, 0.0, 0.0, 0.0, 1.0]
            ]
        },
        {
            "name": "Elbow_L",
            "time": [0.0, 0.3],
            "transform": [
                [-1.0, 0.0, -0.0, -0.0, 0.0, 0.003946, -0.999992, 0.357846, -0.0, -0.999993, -0.003946, -0.001024, 0.0, 0.0, 0.0, 1.0],
                [-1.0, 0.0, -0.0, 0.0, 0.0, 0.003946, -0.999992, 0.314397, -0.0, -0.999993, -0.003946, -0.001196, 0.0, 0.0, 0.0, 1.0]
            ]
        }
    ]
}