{
    "animation": [
        {
            "name": "Root",
            "time": [0.0, 1.3333, 2.6667],
            "transform": [
                [0.999942, 0.0, 0.010809, -5e-06, 0.010809, 0.0, -0.999942, 0.250946, 0.0, 1.0, 0.0, 0.762794, 0.0, 0.0, 0.0, 1.0],
                [0.999942, 0.0, 0.010809, -5e-06, 0.010809, -0.00113, -0.999941, 0.250946, 1.2e-05, 0.999999, -0.00113, 0.771689, 0.0, 0.0, 0.0, 1.0],
                [0.999942, 0.0, 0.010809, -5e-06, 0.010809, 0.0, -0.999942, 0.250946, 0.0, 1.0, 0.0, 0.762794, 0.0, 0.0, 0.0, 1.0]
            ]
        },
        {
            "name": "Thigh_R",
            "time": [0.0, 1.3333, 2.6667],
            "transform": [
                [0.999461, 0.025219, 0.020984, 0.124994, 0.025061, -0.999653, 0.007783, -0.002831, 0.021173, -0.007253, -0.99975, -1.2e-05, 0.0, 0.0, 0.0, 1.0],
                [0.999509, 0.019786, 0.024296, 0.124994, 0.018714, -0.998872, 0.043583, -0.002831, 0.025131, -0.043107, -0.998755, -1.2e-05, 0.0, 0.0, 0.0, 1.0],
                [0.999461, 0.025219, 0.020984, 0.124994, 0.025061, -0.999653, 0.007783, -0.002831, 0.021173, -0.007253, -0.99975, -1.2e-05, 0.0, 0.0, 0.0, 1.0]
            ]
        },
        {
            "name": "Leg_R",
            "time": [0.0, 1.3333, 2.6667],
            "transform": [
                [1.0, 0.0, 1e-06, -0.0, -0.0, 0.999993, 0.00468, 0.374726, -1e-06, -0.00468, 0.999985, -0.0, 0.0, 0.0, 0.0, 1.0],
                [1.0, -0.0, 1e-06, 0.0, -0.0, 0.984913, 0.173069, 0.374726, -1e-06, -0.17307, 0.984906, 0.0, 0.0, 0.0, 0.0, 1.0],
                [1.0, 0.0, 1e-06, -0.0, -0.0, 0.999993, 0.00468, 0.374726, -1e-06, -0.00468, 0.999985, -0.0, 0.0, 0.0, 0.0, 1.0]
            ]
        },
        {
            "name": "Knee_R",
            "time": [0.0, 2.6667],
            "transform": [
                [1.0, 0.0, -0.0, 0.0, -0.0, 0.00567, -0.999984, 0.374726, -0.0, 0.999984, 0.00567, -0.0, 0.0, 0.0, 0.0, 1.0],
                [1.0, 0.0, -0.0, 0.0, -0.0, 0.00567, -0.999984, 0.374726, -0.0, 0.999984, 0.00567, -0.0, 0.0, 0.0, 0.0, 1.0]
            ]
        },
        {
            "name": "Thigh_L",
            "time": [0.0, 1.3333, 2.6667],
            "transform": [
                [0.999798, -0.018659, -0.007432, -0.125006, -0.018634, -0.99982, 0.003434, -0.002831, -0.007495, -0.003295, -0.999966, -1.2e-05, 0.0, 0.0, 0.0, 1.0],
                [0.999863, -0.012574, -0.010774, -0.125006, -0.011607, -0.996263, 0.085579, -0.002831, -0.011809, -0.085442, -0.996273, -1.2e-05, 0.0, 0.0, 0.0, 1.0],
                [0.999798, -0.018659, -0.007432, -0.125006, -0.018634, -0.99982, 0.003434, -0.002831, -0.007495, -0.003295, -0.999966, -1.2e-05, 0.0, 0.0, 0.0, 1.0]
            ]
        },
        {
            "name": "Leg_L",
            "time": [0.0, 1.3333, 2.6667],
            "transform": [
                [1.0, 0.0, 1e-06, -0.0, -0.0, 0.99999, 0.004681, 0.374726, -1e-06, -0.004681, 0.999989, 0.0, 0.0, 0.0, 0.0, 1.0],
                [1.0, -0.0, 1e-06, -0.0, -0.0, 0.985294, 0.170875, 0.374726, -1e-06, -0.170875, 0.985293, 0.0, 0.0, 0.0, 0.0, 1.0],
                [1.0, 0.0, 1e-06, -0.0, -0.0, 0.99999, 0.004681, 0.374726, -1e-06, -0.004681, 0.999989, 0.0, 0.0, 0.0, 0.0, 1.0]
            ]
        },
        {
            "name": "Knee_L",
            "time": [0.0, 2.6667],
            "transform": [
                [1.0, 0.0, -0.0, -0.0, -0.0, 0.00567, -0.999984, 0.374726, -0.0, 0.999984, 0.00567, 0.0, 0.0, 0.0, 0.0, 1.0],
                [1.0, 0.0, -0.0, -0.0, -0.0, 0.00567, -0.999984, 0.374726, -0.0, 0.999984, 0.00567, 0.0, 0.0, 0.0, 0.0, 1.0]
            ]
        },
        {
            "name": "Torso",
            "time": [0.0, 1.3333, 2.6667],
            "transform": [
                [1.0, 0.0, 0.0, 0.0, 0.0, 1.0, -0.000689, 0.05, 0.0, 0.000689, 1.0, 0.0, 0.0, 0.0, 0.0, 1.0],
                [1.0, 0.0, -0.0, -0.0, -0.0, 1.0, -0.000689, 0.05, 0.0, 0.000689, 1.0, 0.0, 0.0, 0.0, 0.0, 1.0],
                [1.0, 0.0, 0.0, 0.0, 0.0, 1.0, -0.000689, 0.05, 0.0, 0.000689, 1.0, 0.0, 0.0, 0.0, 0.0, 1.0]
            ]
        },
        {
            "name": "Chest",
            "time": [0.0, 1.3333, 2.6667],
            "transform": [
                [0.999846, -0.002503, -0.017346, -0.0, -0.000429, 0.985958, -0.166994, 0.3, 0.017521, 0.166976, 0.985805, -0.0, 0.0, 0.0, 0.0, 1.0],
                [0.999847, -0.002767, -0.017298, 0.0, -0.000595, 0.981512, -0.191399, 0.3, 0.017508, 0.19138, 0.98136, 0.0, 0.0, 0.0, 0.0, 1.0],
                [0.999846, -0.002503, -0.017346, -0.0, -0.000429, 0.985958, -0.166994, 0.3, 0.017521, 0.166976, 0.985805, -0.0, 0.0, 0.0, 0.0, 1.0]
            ]
        },
        {
            "name": "Head",
            "time": [0.0, 2.6667],
            "transform": [
                [0.999928, -0.009919, 0.006807, 0.0, 0.008689, 0.986829, 0.16153, 0.4, -0.008319, -0.16146, 0.986844, 0.0, 0.0, 0.0, 0.0, 1.0],
                [0.999928, -0.009919, 0.006807, 0.0, 0.008689, 0.986829, 0.16153, 0.4, -0.008319, -0.16146, 0.986844, 0.0, 0.0, 0.0, 0.0, 1.0]
            ]
        },
        {
            "name": "Shoulder_R",
            "time": [0.0, 2.6667],
            "transform": [
                [0.0, 0.952114, 0.305743, -0.001009, 0.0, -0.305743, 0.952114, 0.483726, 1.0, -0.0, -0.0, -0.159503, 0.0, 0.0, 0.0, 1.0],
                [0.0, 0.952114, 0.305743, -0.001009, 0.0, -0.305743, 0.952114, 0.483726, 1.0, -0.0, -0.0, -0.159503, 0.0, 0.0, 0.0, 1.0]
            ]
        },
        {
            "name": "Arm_R",
            "time": [0.0, 1.3333, 2.6667],
            "transform": [
                [0.365077, -0.928485, 0.068095, 0.0, 0.437438, 0.106513, -0.892918, 0.39386, 0.821808, 0.355771, 0.445041, 0.0, 0.0, 0.0, 0.0, 1.0],
                [0.320878, -0.946329, 0.038723, 0.0, 0.450851, 0.116662, -0.884943, 0.393861, 0.832929, 0.301417, 0.464088, -0.0, 0.0, 0.0, 0.0, 1.0],
                [0.365077, -0.928485, 0.068095, 0.0, 0.437438, 0.106513, -0.892918, 0.39386, 0.821808, 0.355771, 0.445041, 0.0, 0.0, 0.0, 0.0, 1.0]
            ]
        },
        {
            "name": "Hand_R",
            "time": [0.0, 1.3333, 2.6667],
            "transform": [
                [0.999999, 0.0, 0.0, 0.0, 0.0, 0.723624, -0.690194, 0.300003, -0.0, 0.690195, 0.723624, 0.0, 0.0, 0.0, 0.0, 1.0],
                [0.999999, 0.0, 0.0, 0.0, 0.0, 0.72684, -0.686806, 0.300003, -0.0, 0.686805, 0.72684, 0.0, 0.0, 0.0, 0.0, 1.0],
                [0.999999, 0.0, 0.0, 0.0, 0.0, 0.723624, -0.690194, 0.300003, -0.0, 0.690195, 0.723624, 0.0, 0.0, 0.0, 0.0, 1.0]
            ]
        },
        {
            "name": "Tool_R",
            "time": [0.0, 2.6667],
            "transform": [
                [1.0, 0.0, 0.0, 0.0, 0.0, -0.999559, -0.029689, 0.271711, 0.0, 0.029689, -0.99956, -0.028915, 0.0, 0.0, 0.0, 1.0],
                [1.0, 0.0, 0.0, 0.0, 0.0, -0.999559, -0.029689, 0.271711, 0.0, 0.029689, -0.99956, -0.028915, 0.0, 0.0, 0.0, 1.0]
            ]
        },
        {
            "name": "Elbow_R",
            "time": [0.0, 2.6667],
            "transform": [
                [-1.0, 0.0, -0.0, 0.0, 0.0, 0.003946, -0.999992, 0.370583, -0.0, -0.999992, -0.003946, -0.000974, 0.0, 0.0, 0.0, 1.0],
                [-1.0, 0.0, -0.0, 0.0, 0.0, 0.003946, -0.999992, 0.370583, -0.0, -0.999992, -0.003946, -0.000974, 0.0, 0.0, 0.0, 1.0]
            ]
        },
        {
            "name": "Shoulder_L",
            "time": [0.0, 2.6667],
            "transform": [
                [-0.0, -0.952114, -0.305743, -0.001009, 0.0, -0.305743, 0.952114, 0.483726, -1.0, -0.0, 0.0, -0.159503, 0.0, 0.0, 0.0, 1.0],
                [-0.0, -0.952114, -0.305743, -0.001009, 0.0, -0.305743, 0.952114, 0.483726, -1.0, -0.0, 0.0, -0.159503, 0.0, 0.0, 0.0, 1.0]
            ]
        },
        {
            "name": "Arm_L",
            "time": [0.0, 1.3333, 2.6667],
            "transform": [
                [0.407149, 0.91219, -0.04625, -0.0, -0.425352, 0.144555, -0.893408, 0.39386, -0.808272, 0.383423, 0.446857, -0.0, 0.0, 0.0, 0.0, 1.0],
                [0.362889, 0.931697, -0.015877, -0.0, -0.440239, 0.156403, -0.884153, 0.39386, -0.821279, 0.32784, 0.466925, 0.0, 0.0, 0.0, 0.0, 1.0],
                [0.407149, 0.91219, -0.04625, -0.0, -0.425352, 0.144555, -0.893408, 0.39386, -0.808272, 0.383423, 0.446857, -0.0, 0.0, 0.0, 0.0, 1.0]
            ]
        },
        {
            "name": "Hand_L",
            "time": [0.0, 1.3333, 2.6667],
            "transform": [
                [1.0, 5e-06, -2e-06, -0.0, -5e-06, 0.701617, -0.712553, 0.300003, -2e-06, 0.712556, 0.701617, -0.0, 0.0, 0.0, 0.0, 1.0],
                [1.0, -3e-06, 1e-06, -0.0, 2e-06, 0.701742, -0.712431, 0.300003, 1e-06, 0.712433, 0.701742, -0.0, 0.0, 0.0, 0.0, 1.0],
                [1.0, 5e-06, -2e-06, -0.0, -5e-06, 0.701617, -0.712553, 0.300003, -2e-06, 0.712556, 0.701617, -0.0, 0.0, 0.0, 0.0, 1.0]
            ]
        },
        {
            "name": "Tool_L",
            "time": [0.0, 2.6667],
            "transform": [
                [1.0, -0.0, 0.0, -0.0, 0.0, -0.999559, -0.029689, 0.271711, 0.0, 0.029689, -0.99956, -0.028915, 0.0, 0.0, 0.0, 1.0],
                [1.0, -0.0, 0.0, -0.0, 0.0, -0.999559, -0.029689, 0.271711, 0.0, 0.029689, -0.99956, -0.028915, 0.0, 0.0, 0.0, 1.0]
            ]
        },
        {
            "name": "Elbow_L",
            "time": [0.0, 2.6667],
            "transform": [
                [-1.0, 0.0, 0.0, -0.0, 0.0, 0.003946, -0.999992, 0.373523, -0.0, -0.999992, -0.003946, -0.000962, 0.0, 0.0, 0.0, 1.0],
                [-1.0, 0.0, 0.0, -0.0, 0.0, 0.003946, -0.999992, 0.373523, -0.0, -0.999992, -0.003946, -0.000962, 0.0, 0.0, 0.0, 1.0]
            ]
        }
    ]
}