{
    "animation": [
        {
            "name": "Root",
            "time": [0.0, 0.8333, 1.6667],
            "transform": [
                [0.999942, 0.0, 0.010809, -5e-06, 0.010809, 0.0, -0.999942, 0.000946, 0.0, 1.0, 0.0, 0.760649, 0.0, 0.0, 0.0, 1.0],
                [0.999942, -0.0, 0.010809, -5e-06, 0.010801, -0.038916, -0.999184, 0.000946, 0.000421, 0.999242, -0.038914, 0.760649, 0.0, 0.0, 0.0, 1.0],
                [0.999942, 0.0, 0.010809, -5e-06, 0.010809, 0.0, -0.999942, 0.000946, 0.0, 1.0, 0.0, 0.760649, 0.0, 0.0, 0.0, 1.0]
            ]
        },
        {
            "name": "Thigh_R",
            "time": [0.0, 1.6667],
            "transform": [
                [0.999509, 0.019786, 0.024296, 0.124994, 0.018714, -0.998873, 0.043565, -0.002831, 0.025131, -0.043089, -0.998756, -1.2e-05, 0.0, 0.0, 0.0, 1.0],
                [0.999509, 0.019786, 0.024296, 0.124994, 0.018714, -0.998873, 0.043565, -0.002831, 0.025131, -0.043089, -0.998756, -1.2e-05, 0.0, 0.0, 0.0, 1.0]
            ]
        },
        {
            "name": "Leg_R",
            "time": [0.0, 1.6667],
            "transform": [
                [1.0, -0.0, 1e-06, 0.0, -0.0, 0.984918, 0.173034, 0.374726, -1e-06, -0.173035, 0.984913, 0.0, 0.0, 0.0, 0.0, 1.0],
                [1.0, -0.0, 1e-06, 0.0, -0.0, 0.984918, 0.173034, 0.374726, -1e-06, -0.173035, 0.984913, 0.0, 0.0, 0.0, 0.0, 1.0]
            ]
        },
        {
            "name": "Knee_R",
            "time": [0.0, 1.6667],
            "transform": [
                [1.0, 0.0, -0.0, 0.0, -0.0, 0.00567, -0.999984, 0.374726, -0.0, 0.999984, 0.00567, -0.0, 0.0, 0.0, 0.0, 1.0],
                [1.0, 0.0, -0.0, 0.0, -0.0, 0.00567, -0.999984, 0.374726, -0.0, 0.999984, 0.00567, -0.0, 0.0, 0.0, 0.0, 1.0]
            ]
        },
        {
            "name": "Thigh_L",
            "time": [0.0, 1.6667],
            "transform": [
                [0.999863, -0.012574, -0.010774, -0.125006, -0.011607, -0.996264, 0.08557, -0.002831, -0.011809, -0.085434, -0.996274, -1.2e-05, 0.0, 0.0, 0.0, 1.0],
                [0.999863, -0.012574, -0.010774, -0.125006, -0.011607, -0.996264, 0.08557, -0.002831, -0.011809, -0.085434, -0.996274, -1.2e-05, 0.0, 0.0, 0.0, 1.0]
            ]
        },
        {
            "name": "Leg_L",
            "time": [0.0, 1.6667],
            "transform": [
                [1.0, -0.0, 1e-06, 0.0, -0.0, 0.985296, 0.170859, 0.374726, -1e-06, -0.170859, 0.985295, 0.0, 0.0, 0.0, 0.0, 1.0],
                [1.0, -0.0, 1e-06, 0.0, -0.0, 0.985296, 0.170859, 0.374726, -1e-06, -0.170859, 0.985295, 0.0, 0.0, 0.0, 0.0, 1.0]
            ]
        },
        {
            "name": "Knee_L",
            "time": [0.0, 1.6667],
            "transform": [
                [1.0, 0.0, -0.0, -0.0, -0.0, 0.00567, -0.999984, 0.374726, -0.0, 0.999984, 0.00567, 0.0, 0.0, 0.0, 0.0, 1.0],
                [1.0, 0.0, -0.0, -0.0, -0.0, 0.00567, -0.999984, 0.374726, -0.0, 0.999984, 0.00567, 0.0, 0.0, 0.0, 0.0, 1.0]
            ]
        },
        {
            "name": "Torso",
            "time": [0.0, 1.6667],
            "transform": [
                [1.0, 0.0, 0.0, 0.0, 0.0, 1.0, -0.000689, 0.05, 0.0, 0.000689, 1.0, -0.0, 0.0, 0.0, 0.0, 1.0],
                [1.0, 0.0, 0.0, 0.0, 0.0, 1.0, -0.000689, 0.05, 0.0, 0.000689, 1.0, -0.0, 0.0, 0.0, 0.0, 1.0]
            ]
        },
        {
            "name": "Chest",
            "time": [0.0, 0.5, 0.8333, 1.6667],
            "transform": [
                [0.998266, -0.001273, -0.058856, 0.0, -0.005669, 0.993041, -0.117631, 0.3, 0.058596, 0.11776, 0.991312, -0.0, 0.0, 0.0, 0.0, 1.0],
                [0.998275, -0.003877, -0.058581, -0.0, -0.000722, 0.99693, -0.078288, 0.3, 0.058705, 0.078195, 0.995208, -0.0, 0.0, 0.0, 0.0, 1.0],
                [0.998263, -0.000613, -0.058914, 0.0, -0.002729, 0.998391, -0.056636, 0.3, 0.058854, 0.056698, 0.996655, 0.0, 0.0, 0.0, 0.0, 1.0],
                [0.998266, -0.001273, -0.058856, 0.0, -0.005669, 0.993041, -0.117631, 0.3, 0.058596, 0.11776, 0.991312, -0.0, 0.0, 0.0, 0.0, 1.0]
            ]
        },
        {
            "name": "Head",
            "time": [0.0, 0.8333, 1.6667],
            "transform": [
                [0.998328, 0.014619, 0.055933, -0.0, 0.007192, 0.928578, -0.371068, 0.4, -0.057362, 0.37085, 0.92692, 0.0, 0.0, 0.0, 0.0, 1.0],
                [0.99832, 0.013643, 0.05631, -0.0, 0.00699, 0.936419, -0.350813, 0.4, -0.057516, 0.350617, 0.934751, 0.0, 0.0, 0.0, 0.0, 1.0],
                [0.998328, 0.014619, 0.055933, -0.0, 0.007192, 0.928578, -0.371068, 0.4, -0.057362, 0.37085, 0.92692, 0.0, 0.0, 0.0, 0.0, 1.0]
            ]
        },
        {
            "name": "Shoulder_R",
            "time": [0.0, 1.6667],
            "transform": [
                [0.173397, 0.981897, 0.076229, -0.0, -0.005024, -0.076519, 0.997055, 0.4, 0.984839, -0.173269, -0.008335, 0.0, 0.0, 0.0, 0.0, 1.0],
                [0.173397, 0.981897, 0.076229, -0.0, -0.005024, -0.076519, 0.997055, 0.4, 0.984839, -0.173269, -0.008335, 0.0, 0.0, 0.0, 0.0, 1.0]
            ]
        },
        {
            "name": "Arm_R",
            "time": [0.0, 1.6667],
            "transform": [
                [0.876731, -0.339718, 0.34049, 0.0, 0.406155, 0.143704, -0.902434, 0.39386, 0.257644, 0.929484, 0.263968, 0.0, 0.0, 0.0, 0.0, 1.0],
                [0.876731, -0.339718, 0.34049, 0.0, 0.406155, 0.143704, -0.902434, 0.39386, 0.257644, 0.929484, 0.263968, 0.0, 0.0, 0.0, 0.0, 1.0]
            ]
        },
        {
            "name": "Hand_R",
            "time": [0.0, 1.6667],
            "transform": [
                [1.0, -0.0, 0.0, -0.0, 0.0, 0.985569, -0.169272, 0.300002, 0.0, 0.169272, 0.985569, -0.0, 0.0, 0.0, 0.0, 1.0],
                [1.0, -0.0, 0.0, -0.0, 0.0, 0.985569, -0.169272, 0.300002, 0.0, 0.169272, 0.985569, -0.0, 0.0, 0.0, 0.0, 1.0]
            ]
        },
        {
            "name": "Tool_R",
            "time": [0.0, 1.6667],
            "transform": [
                [1.0, -0.0, 0.0, 0.0, 0.0, -0.999559, -0.029689, 0.271711, 0.0, 0.029689, -0.99956, -0.028915, 0.0, 0.0, 0.0, 1.0],
                [1.0, -0.0, 0.0, 0.0, 0.0, -0.999559, -0.029689, 0.271711, 0.0, 0.029689, -0.99956, -0.028915, 0.0, 0.0, 0.0, 1.0]
            ]
        },
        {
            "name": "Elbow_R",
            "time": [0.0, 1.6667],
            "transform": [
                [-1.0, 0.0, 0.0, 0.0, 0.0, 0.003946, -0.999992, 0.315138, -0.0, -0.999992, -0.003946, -0.001193, 0.0, 0.0, 0.0, 1.0],
                [-1.0, 0.0, 0.0, 0.0, 0.0, 0.003946, -0.999992, 0.315138, -0.0, -0.999992, -0.003946, -0.001193, 0.0, 0.0, 0.0, 1.0]
            ]
        },
        {
            "name": "Shoulder_L",
            "time": [0.0, 1.6667],
            "transform": [
                [0.076493, -0.996537, -0.032596, -0.0, -0.017625, -0.034038, 0.999265, 0.4, -0.996914, -0.075863, -0.020167, 0.0, 0.0, 0.0, 0.0, 1.0],
                [0.076493, -0.996537, -0.032596, -0.0, -0.017625, -0.034038, 0.999265, 0.4, -0.996914, -0.075863, -0.020167, 0.0, 0.0, 0.0, 0.0, 1.0]
            ]
        },
        {
            "name": "Arm_L",
            "time": [0.0, 1.6667],
            "transform": [
                [0.88554, 0.309456, -0.346492, -0.0, -0.416253, 0.197353, -0.887573, 0.39386, -0.206283, 0.930208, 0.303575, 0.0, 0.0, 0.0, 0.0, 1.0],
                [0.88554, 0.309456, -0.346492, -0.0, -0.416253, 0.197353, -0.887573, 0.39386, -0.206283, 0.930208, 0.303575, 0.0, 0.0, 0.0, 0.0, 1.0]
            ]
        },
        {
            "name": "Hand_L",
            "time": [0.0, 1.6667],
            "transform": [
                [1.0, -0.0, 0.0, 0.0, -0.0, 0.986268, -0.165152, 0.300002, 0.0, 0.165151, 0.986268, -0.0, 0.0, 0.0, 0.0, 1.0],
                [1.0, -0.0, 0.0, 0.0, -0.0, 0.986268, -0.165152, 0.300002, 0.0, 0.165151, 0.986268, -0.0, 0.0, 0.0, 0.0, 1.0]
            ]
        },
        {
            "name": "Tool_L",
            "time": [0.0, 1.6667],
            "transform": [
                [1.0, -0.0, 0.0, 0.0, -0.0, -0.999559, -0.029689, 0.271711, 0.0, 0.029689, -0.99956, -0.028915, 0.0, 0.0, 0.0, 1.0],
                [1.0, -0.0, 0.0, 0.0, -0.0, -0.999559, -0.029689, 0.271711, 0.0, 0.029689, -0.99956, -0.028915, 0.0, 0.0, 0.0, 1.0]
            ]
        },
        {
            "name": "Elbow_L",
            "time": [0.0, 1.6667],
            "transform": [
                [-1.0, 0.0, -0.0, -0.0, 0.0, 0.003946, -0.999992, 0.314746, -0.0, -0.999993, -0.003946, -0.001194, 0.0, 0.0, 0.0, 1.0],
                [-1.0, 0.0, -0.0, -0.0, 0.0, 0.003946, -0.999992, 0.314746, -0.0, -0.999993, -0.003946, -0.001194, 0.0, 0.0, 0.0, 1.0]
            ]
        }
    ]
}