{
    "animation": [
        {
            "name": "Coord",
            "time": [0.0, 0.3],
            "transform": [
                [0.707107, 0.0, -0.707107, -0.30092, -0.707107, 0.0, -0.707107, -0.301939, 0.0, 1.0, 0.0, -1.686246, 0.0, 0.0, 0.0, 1.0],
                [1.0, 0.0, 0.0, -0.499497, 0.0, 0.0, -1.0, -0.300092, 0.0, 1.0, 0.0, -1.686245, 0.0, 0.0, 0.0, 1.0]
            ]
        },
        {
            "name": "Root",
            "time": [0.0, 0.0833, 0.3],
            "transform": [
                [0.999942, 0.0, 0.010809, 0.0, 0.0, 1.0, 0.0, 0.599004, -0.010809, 0.0, 0.999942, 0.073983, 0.0, 0.0, 0.0, 1.0],
                [0.999942, 0.0, 0.010809, -0.106425, 0.0, 1.0, -0.0, 0.530574, -0.010809, 0.0, 0.999942, 0.12169, 0.0, 0.0, 0.0, 1.0],
                [0.999942, -0.0, 0.010809, 0.0, 0.0, 1.0, -1e-06, 0.528511, -0.010809, 1e-06, 0.999942, -0.156225, 0.0, 0.0, 0.0, 1.0]
            ]
        },
        {
            "name": "Thigh_R",
            "time": [0.0, 0.0833, 0.1667, 0.3],
            "transform": [
                [0.999459, 0.0264, 0.019595, 0.124994, 0.025121, -0.997703, 0.062872, -0.002831, 0.02121, -0.062346, -0.99783, -1.2e-05, 0.0, 0.0, 0.0, 1.0],
                [0.952903, 0.269931, -0.13825, 0.124994, 0.302657, -0.817313, 0.490302, -0.002831, 0.019355, -0.509052, -0.860518, -1.2e-05, 0.0, 0.0, 0.0, 1.0],
                [0.974682, 0.206438, -0.085889, 0.124994, 0.223454, -0.912923, 0.341521, -0.002831, -0.007907, -0.352066, -0.935941, -1.2e-05, 0.0, 0.0, 0.0, 1.0],
                [0.999803, 0.014704, 0.013294, 0.124994, 0.013723, -0.997373, 0.071104, -0.00283, 0.014305, -0.070908, -0.997381, -1.2e-05, 0.0, 0.0, 0.0, 1.0]
            ]
        },
        {
            "name": "Leg_R",
            "time": [0.0, 0.0833, 0.1667, 0.3],
            "transform": [
                [1.0, -0.0, 1e-06, -0.0, -0.0, 0.993186, 0.116601, 0.374726, -1e-06, -0.116602, 0.993173, -0.0, 0.0, 0.0, 0.0, 1.0],
                [1.0, -0.0, 1e-06, -0.0, -0.0, 0.849431, 0.527706, 0.374726, -1e-06, -0.52771, 0.849421, -0.0, 0.0, 0.0, 0.0, 1.0],
                [1.0, -0.0, 1e-06, -0.0, -0.0, 0.89313, 0.449808, 0.374726, -1e-06, -0.449812, 0.893119, 0.0, 0.0, 0.0, 0.0, 1.0],
                [1.0, -0.0, 1e-06, -0.0, -0.0, 0.992436, 0.122816, 0.374726, -1e-06, -0.122817, 0.992423, -0.0, 0.0, 0.0, 0.0, 1.0]
            ]
        },
        {
            "name": "Knee_R",
            "time": [0.0, 0.3],
            "transform": [
                [1.0, 0.0, -0.0, 0.0, -0.0, 0.00567, -0.999984, 0.374726, -0.0, 0.999984, 0.00567, -0.0, 0.0, 0.0, 0.0, 1.0],
                [1.0, 0.0, -0.0, 0.0, -0.0, 0.00567, -0.999984, 0.374726, -0.0, 0.999984, 0.00567, 0.0, 0.0, 0.0, 0.0, 1.0]
            ]
        },
        {
            "name": "Thigh_L",
            "time": [0.0, 0.0833, 0.1667, 0.3],
            "transform": [
                [0.999797, -0.018961, -0.006815, -0.125006, -0.018689, -0.999104, 0.037945, -0.002831, -0.007528, -0.03781, -0.999256, -1.2e-05, 0.0, 0.0, 0.0, 1.0],
                [0.834306, 0.128666, -0.536076, -0.125006, 0.284582, -0.933328, 0.218888, -0.002831, -0.472172, -0.335177, -0.815297, -1.2e-05, 0.0, 0.0, 0.0, 1.0],
                [0.917838, -0.025475, -0.396137, -0.125006, 0.069943, -0.971946, 0.224562, -0.002831, -0.390745, -0.233818, -0.890307, -1.2e-05, 0.0, 0.0, 0.0, 1.0],
                [0.99945, -0.030416, -0.013255, -0.125006, -0.029938, -0.998941, 0.034921, -0.002831, -0.014303, -0.034505, -0.999302, -1.2e-05, 0.0, 0.0, 0.0, 1.0]
            ]
        },
        {
            "name": "Leg_L",
            "time": [0.0, 0.0833, 0.1667, 0.3],
            "transform": [
                [1.0, -0.0, 1e-06, -0.0, -0.0, 0.99714, 0.075587, 0.374726, -1e-06, -0.075587, 0.997139, 0.0, 0.0, 0.0, 0.0, 1.0],
                [1.0, -0.0, 1e-06, -0.0, -0.0, 0.891328, 0.45336, 0.374726, -1e-06, -0.453361, 0.891327, -0.0, 0.0, 0.0, 0.0, 1.0],
                [1.000001, -0.0, 1e-06, -0.0, -0.0, 0.940136, 0.340803, 0.374726, -1e-06, -0.340804, 0.940135, 0.0, 0.0, 0.0, 0.0, 1.0],
                [1.0, -0.0, 1e-06, -0.0, -0.0, 0.998309, 0.058155, 0.374726, -1e-06, -0.058155, 0.998307, -0.0, 0.0, 0.0, 0.0, 1.0]
            ]
        },
        {
            "name": "Knee_L",
            "time": [0.0, 0.3],
            "transform": [
                [1.0, 0.0, -0.0, -0.0, -0.0, 0.00567, -0.999984, 0.374726, -0.0, 0.999984, 0.00567, -0.0, 0.0, 0.0, 0.0, 1.0],
                [1.0, 0.0, -0.0, 0.0, -0.0, 0.00567, -0.999984, 0.374726, -0.0, 0.999984, 0.00567, 0.0, 0.0, 0.0, 0.0, 1.0]
            ]
        },
        {
            "name": "Torso",
            "time": [0.0, 0.0833, 0.3],
            "transform": [
                [1.0, -0.0, 0.0, 0.0, 0.0, 1.0, -0.000689, 0.05, 0.0, 0.000689, 1.0, 0.0, 0.0, 0.0, 0.0, 1.0],
                [0.999798, -0.006744, 0.018931, -0.0, 0.008397, 0.996028, -0.08865, 0.05, -0.018258, 0.088791, 0.995883, -0.0, 0.0, 0.0, 0.0, 1.0],
                [1.0, 0.0, -0.0, 0.0, -0.0, 1.0, -0.000689, 0.05, -0.0, 0.000689, 1.0, 0.0, 0.0, 0.0, 0.0, 1.0]
            ]
        },
        {
            "name": "Chest",
            "time": [0.0, 0.0833, 0.3],
            "transform": [
                [0.999846, -0.002503, -0.017346, 0.0, -0.000429, 0.985958, -0.166994, 0.3, 0.017521, 0.166976, 0.985805, 0.0, 0.0, 0.0, 0.0, 1.0],
                [0.997013, -0.055145, -0.054066, -0.0, 0.065922, 0.972388, 0.223863, 0.3, 0.040228, -0.226759, 0.97312, 0.0, 0.0, 0.0, 0.0, 1.0],
                [0.999846, -0.002503, -0.017346, 0.0, -0.000429, 0.985958, -0.166994, 0.3, 0.017521, 0.166976, 0.985805, 0.0, 0.0, 0.0, 0.0, 1.0]
            ]
        },
        {
            "name": "Head",
            "time": [0.0, 0.0833, 0.1667, 0.3],
            "transform": [
                [0.999928, -0.009919, 0.006807, -0.0, 0.008689, 0.986829, 0.16153, 0.4, -0.008319, -0.16146, 0.986844, -0.0, 0.0, 0.0, 0.0, 1.0],
                [0.993586, 0.109465, -0.028365, 0.0, -0.11305, 0.967342, -0.226866, 0.4, 0.002604, 0.228618, 0.973513, 0.0, 0.0, 0.0, 0.0, 1.0],
                [0.998689, 0.022152, 0.046142, -0.0, -0.019148, 0.997731, -0.064543, 0.4, -0.047467, 0.063575, 0.996848, -0.0, 0.0, 0.0, 0.0, 1.0],
                [0.999928, -0.009919, 0.006807, 0.0, 0.008689, 0.986829, 0.16153, 0.4, -0.008319, -0.16146, 0.986844, -0.0, 0.0, 0.0, 0.0, 1.0]
            ]
        },
        {
            "name": "Shoulder_R",
            "time": [0.0, 0.3],
            "transform": [
                [0.0, 0.952114, 0.305743, 8.9e-05, 0.0, -0.305743, 0.952114, 0.511173, 1.0, -0.0, -0.0, 0.001871, 0.0, 0.0, 0.0, 1.0],
                [0.0, 0.952114, 0.305743, 8.9e-05, 0.0, -0.305743, 0.952114, 0.511173, 1.0, -0.0, -0.0, 0.001871, 0.0, 0.0, 0.0, 1.0]
            ]
        },
        {
            "name": "Arm_R",
            "time": [0.0, 0.0667, 0.1167, 0.3],
            "transform": [
                [0.680755, 0.280107, -0.67684, -0.0, -0.730448, 0.190284, -0.655925, 0.393861, -0.054937, 0.940921, 0.33414, -0.0, 0.0, 0.0, 0.0, 1.0],
                [0.919472, -0.287346, 0.268337, 0.0, 0.172325, -0.318911, -0.931988, 0.393861, 0.353378, 0.903177, -0.243713, 0.0, 0.0, 0.0, 0.0, 1.0],
                [0.573395, -0.601153, 0.556627, -0.0, 0.414699, -0.37298, -0.830007, 0.39386, 0.706572, 0.706754, 0.035433, -0.0, 0.0, 0.0, 0.0, 1.0],
                [0.86496, -0.496608, -0.072279, -0.0, -0.090922, -0.013431, -0.995768, 0.393861, 0.493536, 0.867872, -0.056769, -0.0, 0.0, 0.0, 0.0, 1.0]
            ]
        },
        {
            "name": "Hand_R",
            "time": [0.0, 0.0667, 0.1167, 0.3],
            "transform": [
                [0.999999, -1e-06, 1e-06, -0.0, 2e-06, 0.824134, -0.566394, 0.300002, 0.0, 0.566394, 0.824135, -0.0, 0.0, 0.0, 0.0, 1.0],
                [0.999999, -1e-06, 0.0, -0.0, 1e-06, 0.928454, -0.371445, 0.300003, 0.0, 0.371446, 0.928454, -0.0, 0.0, 0.0, 0.0, 1.0],
                [1.0, 0.0, 0.0, -0.0, 0.0, 0.999999, -0.001002, 0.300003, -0.0, 0.001002, 0.999999, -0.0, 0.0, 0.0, 0.0, 1.0],
                [0.999999, 1e-06, -0.0, 0.0, -1e-06, 0.954807, -0.297223, 0.300003, -0.0, 0.297223, 0.954808, -0.0, 0.0, 0.0, 0.0, 1.0]
            ]
        },
        {
            "name": "Tool_R",
            "time": [0.0, 0.3],
            "transform": [
                [1.0, -0.0, 0.0, -0.0, -0.0, -0.999559, -0.029689, 0.271711, 0.0, 0.029689, -0.99956, -0.028915, 0.0, 0.0, 0.0, 1.0],
                [1.0, 0.0, 0.0, 0.0, 0.0, -0.999559, -0.029689, 0.271711, 0.0, 0.029689, -0.99956, -0.028915, 0.0, 0.0, 0.0, 1.0]
            ]
        },
        {
            "name": "Elbow_R",
            "time": [0.0, 0.3],
            "transform": [
                [-1.0, 0.0, -0.0, -0.0, 0.0, 0.003946, -0.999992, 0.355623, -0.0, -0.999992, -0.003946, -0.001033, 0.0, 0.0, 0.0, 1.0],
                [-1.0, 0.0, -0.0, 0.0, 0.0, 0.003946, -0.999992, 0.327479, -0.0, -0.999992, -0.003946, -0.001144, 0.0, 0.0, 0.0, 1.0]
            ]
        },
        {
            "name": "Shoulder_L",
            "time": [0.0, 0.3],
            "transform": [
                [0.0, -0.952114, -0.305743, 8.9e-05, 0.0, -0.305743, 0.952114, 0.511173, -1.0, -0.0, 0.0, 0.001871, 0.0, 0.0, 0.0, 1.0],
                [-0.0, -0.952114, -0.305743, 8.9e-05, 0.0, -0.305743, 0.952114, 0.511173, -1.0, -0.0, 0.0, 0.001871, 0.0, 0.0, 0.0, 1.0]
            ]
        },
        {
            "name": "Arm_L",
            "time": [0.0, 0.1667, 0.3],
            "transform": [
                [0.665806, -0.289218, 0.687789, -0.0, 0.744206, 0.191363, -0.639951, 0.39386, 0.053469, 0.937941, 0.342648, -0.0, 0.0, 0.0, 0.0, 1.0],
                [0.839802, 0.076432, 0.537484, -0.0, 0.532969, -0.304491, -0.789448, 0.39386, 0.10332, 0.949443, -0.296448, -0.0, 0.0, 0.0, 0.0, 1.0],
                [0.875692, 0.469423, 0.11316, -0.0, 0.129584, -0.002705, -0.991565, 0.39386, -0.465157, 0.882969, -0.063199, -0.0, 0.0, 0.0, 0.0, 1.0]
            ]
        },
        {
            "name": "Hand_L",
            "time": [0.0, 0.1667, 0.3],
            "transform": [
                [1.0, 0.0, 0.0, 0.0, 0.0, 0.810472, -0.585778, 0.300003, 0.0, 0.585779, 0.810472, 0.0, 0.0, 0.0, 0.0, 1.0],
                [1.0, -0.0, 0.0, 0.0, 0.0, 1.0, -0.000993, 0.300003, -0.0, 0.000993, 1.0, 0.0, 0.0, 0.0, 0.0, 1.0],
                [1.0, 1e-06, -0.0, 0.0, -1e-06, 0.96298, -0.269574, 0.300003, -0.0, 0.269574, 0.96298, 0.0, 0.0, 0.0, 0.0, 1.0]
            ]
        },
        {
            "name": "Tool_L",
            "time": [0.0, 0.3],
            "transform": [
                [1.0, -0.0, 0.0, 0.0, 0.0, -0.999559, -0.029689, 0.271711, 0.0, 0.029689, -0.99956, -0.028915, 0.0, 0.0, 0.0, 1.0],
                [1.0, -0.0, 0.0, 0.0, -0.0, -0.999559, -0.029689, 0.271711, 0.0, 0.029689, -0.999559, -0.028915, 0.0, 0.0, 0.0, 1.0]
            ]
        },
        {
            "name": "Elbow_L",
            "time": [0.0, 0.3],
            "transform": [
                [-1.0, 0.0, -0.0, 0.0, 0.0, 0.003946, -0.999992, 0.357846, -0.0, -0.999993, -0.003946, -0.001024, 0.0, 0.0, 0.0, 1.0],
                [-1.0, 0.0, -0.0, 0.0, -0.0, 0.003946, -0.999992, 0.324777, -0.0, -0.999993, -0.003946, -0.001155, 0.0, 0.0, 0.0, 1.0]
            ]
        }
    ]
}