{
    "animation": [
        {
            "name": "Coord",
            "time": [0.0, 0.4, 0.6],
            "transform": [
                [-0.0, 0.0, -1.0, 0.039217, -1.0, 0.0, 0.0, -0.949288, 0.0, 1.0, 0.0, -2.000216, 0.0, 0.0, 0.0, 1.0],
                [-0.0, 0.0, -1.0, 0.003493, -1.0, 0.0, 0.0, -0.714106, 0.0, 1.0, 0.0, -2.000216, 0.0, 0.0, 0.0, 1.0],
                [-0.0, 0.0, -1.0, 0.003078, -1.0, 0.0, 0.0, -0.714521, 0.0, 1.0, 0.0, -2.000216, 0.0, 0.0, 0.0, 1.0]
            ]
        },
        {
            "name": "Root",
            "time": [0.0, 0.4, 0.6],
            "transform": [
                [0.559077, 0.0, 0.829116, -0.0, 0.0, 1.0, 0.0, 0.76301, -0.829116, 0.0, 0.559077, -0.000944, 0.0, 0.0, 0.0, 1.0],
                [-0.010809, 0.0, 0.999942, 0.0, 0.0, 1.0, 0.0, 0.76301, -0.999942, 0.0, -0.010809, -0.000944, 0.0, 0.0, 0.0, 1.0],
                [-0.010809, 0.0, 0.999942, 0.0, 0.0, 1.0, 0.0, 0.76301, -0.999942, 0.0, -0.010809, -0.000944, 0.0, 0.0, 0.0, 1.0]
            ]
        },
        {
            "name": "Thigh_R",
            "time": [0.0, 0.4, 0.6],
            "transform": [
                [0.99946, 0.025206, 0.021081, 0.124994, 0.025087, -0.999666, 0.00589, -0.002831, 0.021223, -0.005358, -0.999761, -1.2e-05, 0.0, 0.0, 0.0, 1.0],
                [0.99946, 0.025206, 0.021081, 0.124994, 0.025087, -0.999666, 0.00589, -0.002831, 0.021223, -0.005358, -0.999761, -1.2e-05, 0.0, 0.0, 0.0, 1.0],
                [0.99946, 0.025206, 0.021081, 0.124994, 0.025087, -0.999666, 0.00589, -0.002831, 0.021223, -0.005358, -0.999761, -1.2e-05, 0.0, 0.0, 0.0, 1.0]
            ]
        },
        {
            "name": "Leg_R",
            "time": [0.0, 0.4, 0.6],
            "transform": [
                [1.0, -0.0, 1e-06, 0.0, 0.0, 0.999993, 0.00468, 0.374726, -1e-06, -0.00468, 0.999985, -0.0, 0.0, 0.0, 0.0, 1.0],
                [1.0, -0.0, 1e-06, -0.0, 0.0, 0.999993, 0.00468, 0.374726, -1e-06, -0.00468, 0.999985, 0.0, 0.0, 0.0, 0.0, 1.0],
                [1.0, -0.0, 1e-06, -0.0, 0.0, 0.999993, 0.00468, 0.374726, -1e-06, -0.00468, 0.999985, 0.0, 0.0, 0.0, 0.0, 1.0]
            ]
        },
        {
            "name": "Knee_R",
            "time": [0.0, 0.6],
            "transform": [
                [1.0, 0.0, -0.0, 0.0, -0.0, 0.00567, -0.999984, 0.374726, -0.0, 0.999984, 0.00567, -0.0, 0.0, 0.0, 0.0, 1.0],
                [1.0, 0.0, -0.0, -0.0, -0.0, 0.00567, -0.999984, 0.374726, -0.0, 0.999984, 0.00567, -0.0, 0.0, 0.0, 0.0, 1.0]
            ]
        },
        {
            "name": "Thigh_L",
            "time": [0.0, 0.4, 0.6],
            "transform": [
                [0.999797, -0.018685, -0.00755, -0.125006, -0.018674, -0.999824, 0.001541, -0.002831, -0.007578, -0.0014, -0.99997, -1.2e-05, 0.0, 0.0, 0.0, 1.0],
                [0.999797, -0.018685, -0.00755, -0.125006, -0.018674, -0.999824, 0.001541, -0.002831, -0.007578, -0.0014, -0.99997, -1.2e-05, 0.0, 0.0, 0.0, 1.0],
                [0.999797, -0.018685, -0.00755, -0.125006, -0.018674, -0.999824, 0.001541, -0.002831, -0.007578, -0.0014, -0.99997, -1.2e-05, 0.0, 0.0, 0.0, 1.0]
            ]
        },
        {
            "name": "Leg_L",
            "time": [0.0, 0.4, 0.6],
            "transform": [
                [1.0, -0.0, 1e-06, 0.0, 0.0, 0.99999, 0.004681, 0.374726, -1e-06, -0.004681, 0.999989, 0.0, 0.0, 0.0, 0.0, 1.0],
                [1.0, -0.0, 1e-06, -0.0, 0.0, 0.99999, 0.004681, 0.374726, -1e-06, -0.004681, 0.999989, 0.0, 0.0, 0.0, 0.0, 1.0],
                [1.0, -0.0, 1e-06, -0.0, 0.0, 0.99999, 0.004681, 0.374726, -1e-06, -0.004681, 0.999989, 0.0, 0.0, 0.0, 0.0, 1.0]
            ]
        },
        {
            "name": "Knee_L",
            "time": [0.0, 0.6],
            "transform": [
                [1.0, 0.0, -0.0, 0.0, -0.0, 0.00567, -0.999984, 0.374726, 0.0, 0.999984, 0.00567, 0.0, 0.0, 0.0, 0.0, 1.0],
                [1.0, 0.0, -0.0, -0.0, -0.0, 0.00567, -0.999984, 0.374726, -0.0, 0.999984, 0.00567, 0.0, 0.0, 0.0, 0.0, 1.0]
            ]
        },
        {
            "name": "Torso",
            "time": [0.0, 0.4, 0.6],
            "transform": [
                [1.0, 0.0, 0.0, 0.0, -0.0, 1.0, -0.000689, 0.05, -0.0, 0.000689, 1.0, -0.0, 0.0, 0.0, 0.0, 1.0],
                [1.0, 0.0, 0.0, 0.0, 0.0, 1.0, -0.000689, 0.05, 0.0, 0.000689, 1.0, -0.0, 0.0, 0.0, 0.0, 1.0],
                [1.0, 0.0, 0.0, 0.0, 0.0, 1.0, -0.000689, 0.05, 0.0, 0.000689, 1.0, 0.0, 0.0, 0.0, 0.0, 1.0]
            ]
        },
        {
            "name": "Chest",
            "time": [0.0, 0.4, 0.6],
            "transform": [
                [0.999846, -0.002503, -0.017346, 0.0, -0.000429, 0.985958, -0.166994, 0.3, 0.017521, 0.166976, 0.985805, 0.0, 0.0, 0.0, 0.0, 1.0],
                [0.999846, -0.002503, -0.017346, -0.0, -0.000429, 0.985958, -0.166994, 0.3, 0.017521, 0.166976, 0.985805, 0.0, 0.0, 0.0, 0.0, 1.0],
                [0.999846, -0.002503, -0.017346, -0.0, -0.000429, 0.985958, -0.166994, 0.3, 0.017521, 0.166976, 0.985805, -0.0, 0.0, 0.0, 0.0, 1.0]
            ]
        },
        {
            "name": "Head",
            "time": [0.0, 0.4, 0.6],
            "transform": [
                [0.999928, -0.009919, 0.006807, -0.0, 0.008689, 0.986829, 0.16153, 0.4, -0.008319, -0.16146, 0.986844, -0.0, 0.0, 0.0, 0.0, 1.0],
                [0.999928, -0.009919, 0.006807, 0.0, 0.008689, 0.986829, 0.16153, 0.4, -0.008319, -0.16146, 0.986844, 0.0, 0.0, 0.0, 0.0, 1.0],
                [0.999928, -0.009919, 0.006807, 0.0, 0.008689, 0.986829, 0.16153, 0.4, -0.008319, -0.16146, 0.986844, 0.0, 0.0, 0.0, 0.0, 1.0]
            ]
        },
        {
            "name": "Shoulder_R",
            "time": [0.0, 0.4, 0.6],
            "transform": [
                [0.0, 0.952114, 0.305743, 8.9e-05, -0.0, -0.305743, 0.952114, 0.511173, 1.0, 0.0, -0.0, 0.001871, 0.0, 0.0, 0.0, 1.0],
                [0.0, 0.952114, 0.305743, 8.9e-05, -0.0, -0.305743, 0.952114, 0.511173, 1.0, -0.0, -0.0, 0.001871, 0.0, 0.0, 0.0, 1.0],
                [0.0, 0.952114, 0.305743, 8.9e-05, -0.0, -0.305743, 0.952114, 0.511173, 1.0, -0.0, -0.0, 0.001871, 0.0, 0.0, 0.0, 1.0]
            ]
        },
        {
            "name": "Arm_R",
            "time": [0.0, 0.1333, 0.2333, 0.3167, 0.4, 0.6],
            "transform": [
                [0.754158, -0.513227, 0.409689, 0.0, 0.5254, 0.097296, -0.845275, 0.39386, 0.393956, 0.852721, 0.343026, 0.0, 0.0, 0.0, 0.0, 1.0],
                [0.980435, -0.126485, 0.15083, -0.0, 0.174615, 0.205126, -0.963033, 0.393861, 0.09087, 0.970529, 0.223199, -0.0, 0.0, 0.0, 0.0, 1.0],
                [0.969699, 0.184555, -0.160072, 0.0, -0.170747, 0.04337, -0.98436, 0.393861, -0.174726, 0.981865, 0.073568, 0.0, 0.0, 0.0, 0.0, 1.0],
                [0.976533, -0.086687, -0.197153, -0.0, -0.150767, 0.378548, -0.91322, 0.39386, 0.153796, 0.921514, 0.356595, 0.0, 0.0, 0.0, 0.0, 1.0],
                [0.694963, -0.57327, 0.434038, -0.0, 0.528259, -0.002464, -0.84908, 0.393861, 0.487821, 0.819363, 0.301123, -0.0, 0.0, 0.0, 0.0, 1.0],
                [0.694963, -0.57327, 0.434038, 0.0, 0.528259, -0.002464, -0.84908, 0.39386, 0.487821, 0.819363, 0.301123, -0.0, 0.0, 0.0, 0.0, 1.0]
            ]
        },
        {
            "name": "Hand_R",
            "time": [0.0, 0.1333, 0.2333, 0.3167, 0.4, 0.6],
            "transform": [
                [0.999999, -2e-06, 1e-06, -0.0, 2e-06, 0.765287, -0.643688, 0.300003, 1e-06, 0.643688, 0.765287, -0.0, 0.0, 0.0, 0.0, 1.0],
                [0.999999, -3e-06, 1e-06, -0.0, 3e-06, 0.755506, -0.655142, 0.300003, 1e-06, 0.655142, 0.755506, 0.0, 0.0, 0.0, 0.0, 1.0],
                [0.999999, -3e-06, 0.0, 0.0, 2e-06, 0.930532, -0.366209, 0.300002, 0.0, 0.366209, 0.930532, 0.0, 0.0, 0.0, 0.0, 1.0],
                [0.999999, -2e-06, 2e-06, 0.0, 2e-06, 0.338832, -0.940846, 0.300003, 2e-06, 0.940846, 0.338832, -0.0, 0.0, 0.0, 0.0, 1.0],
                [0.999999, -2e-06, 1e-06, 0.0, 2e-06, 0.939241, -0.343257, 0.300002, 0.0, 0.343257, 0.939241, -0.0, 0.0, 0.0, 0.0, 1.0],
                [0.999999, -2e-06, 0.0, 0.0, 2e-06, 0.939241, -0.343257, 0.300003, 0.0, 0.343257, 0.939241, -0.0, 0.0, 0.0, 0.0, 1.0]
            ]
        },
        {
            "name": "Tool_R",
            "time": [0.0, 0.6],
            "transform": [
                [1.0, -0.0, 0.0, -0.0, -0.0, -0.999559, -0.029689, 0.271711, 0.0, 0.029689, -0.99956, -0.028915, 0.0, 0.0, 0.0, 1.0],
                [1.0, 0.0, 0.0, -0.0, -0.0, -0.999559, -0.029689, 0.271711, 0.0, 0.029689, -0.99956, -0.028915, 0.0, 0.0, 0.0, 1.0]
            ]
        },
        {
            "name": "Elbow_R",
            "time": [0.0, 0.6],
            "transform": [
                [-1.0, 0.0, -0.0, -0.0, 0.0, 0.003946, -0.999992, 0.36473, -0.0, -0.999992, -0.003946, -0.000997, 0.0, 0.0, 0.0, 1.0],
                [-1.0, 0.0, 0.0, 0.0, 0.0, 0.003946, -0.999992, 0.332033, -0.0, -0.999992, -0.003946, -0.001126, 0.0, 0.0, 0.0, 1.0]
            ]
        },
        {
            "name": "Shoulder_L",
            "time": [0.0, 0.4, 0.6],
            "transform": [
                [-0.0, -0.952114, -0.305743, 8.9e-05, 0.0, -0.305743, 0.952114, 0.511173, -1.0, 0.0, 0.0, 0.001871, 0.0, 0.0, 0.0, 1.0],
                [-0.0, -0.952114, -0.305743, 8.9e-05, 0.0, -0.305743, 0.952114, 0.511173, -1.0, -0.0, 0.0, 0.001871, 0.0, 0.0, 0.0, 1.0],
                [-0.0, -0.952114, -0.305743, 8.9e-05, 0.0, -0.305743, 0.952114, 0.511173, -1.0, -0.0, 0.0, 0.001871, 0.0, 0.0, 0.0, 1.0]
            ]
        },
        {
            "name": "Arm_L",
            "time": [0.0, 0.1333, 0.2333, 0.4, 0.6],
            "transform": [
                [0.907453, 0.407079, 0.103998, 0.0, -0.084703, 0.419691, -0.903706, 0.39386, -0.411526, 0.811262, 0.41533, -0.0, 0.0, 0.0, 0.0, 1.0],
                [0.918797, 0.368424, -0.141685, 0.0, -0.163173, 0.027664, -0.986209, 0.39386, -0.359423, 0.929246, 0.085534, 0.0, 0.0, 0.0, 0.0, 1.0],
                [0.856899, 0.432626, -0.280282, -0.0, -0.313972, 0.006798, -0.949408, 0.39386, -0.408833, 0.901548, 0.141658, -0.0, 0.0, 0.0, 0.0, 1.0],
                [0.728882, 0.516276, -0.449656, -0.0, -0.506323, -0.035595, -0.861608, 0.39386, -0.460832, 0.855683, 0.235458, 0.0, 0.0, 0.0, 0.0, 1.0],
                [0.728882, 0.516275, -0.449656, -0.0, -0.506323, -0.035596, -0.861608, 0.39386, -0.460833, 0.855683, 0.235457, 0.0, 0.0, 0.0, 0.0, 1.0]
            ]
        },
        {
            "name": "Hand_L",
            "time": [0.0, 0.1333, 0.2333, 0.4, 0.6],
            "transform": [
                [1.0, 1e-06, -1e-06, 0.0, -1e-06, 0.527613, -0.849486, 0.300003, -1e-06, 0.849486, 0.527612, 0.0, 0.0, 0.0, 0.0, 1.0],
                [1.0, -0.0, 0.0, 0.0, 0.0, 1.0, -0.000992, 0.300003, -0.0, 0.000992, 1.0, 0.0, 0.0, 0.0, 0.0, 1.0],
                [1.0, 0.0, -0.0, -0.0, -0.0, 0.995812, -0.091429, 0.300003, -0.0, 0.091429, 0.995812, 0.0, 0.0, 0.0, 0.0, 1.0],
                [1.0, -1e-06, 0.0, 0.0, 1e-06, 0.978246, -0.207453, 0.300003, 0.0, 0.207453, 0.978245, 0.0, 0.0, 0.0, 0.0, 1.0],
                [1.0, -1e-06, 0.0, -0.0, 1e-06, 0.978246, -0.207451, 0.300003, 0.0, 0.207451, 0.978246, 0.0, 0.0, 0.0, 0.0, 1.0]
            ]
        },
        {
            "name": "Tool_L",
            "time": [0.0, 0.6],
            "transform": [
                [1.0, 0.0, 0.0, -0.0, -0.0, -0.999559, -0.029689, 0.271711, 0.0, 0.029689, -0.99956, -0.028915, 0.0, 0.0, 0.0, 1.0],
                [1.0, -0.0, 0.0, -0.0, -0.0, -0.999559, -0.029689, 0.271711, 0.0, 0.029689, -0.99956, -0.028915, 0.0, 0.0, 0.0, 1.0]
            ]
        },
        {
            "name": "Elbow_L",
            "time": [0.0, 0.6],
            "transform": [
                [-1.0, 0.0, -0.0, -0.0, 0.0, 0.003946, -0.999992, 0.394315, -0.0, -0.999992, -0.003946, -0.00088, 0.0, 0.0, 0.0, 1.0],
                [-1.0, 0.0, -0.0, -0.0, 0.0, 0.003946, -0.999992, 0.318781, -0.0, -0.999992, -0.003946, -0.001178, 0.0, 0.0, 0.0, 1.0]
            ]
        }
    ]
}