{
    "animation": [
        {
            "name": "Coord",
            "time": [0.0, 0.4833, 0.6],
            "transform": [
                [1.0, 0.0, 0.0, 0.506464, 0.0, 0.0, -1.0, -0.300517, 0.0, 1.0, 0.0, -1.686245, 0.0, 0.0, 0.0, 1.0],
                [0.707107, 0.0, -0.707107, -0.300067, -0.707107, 0.0, -0.707107, -0.273202, 0.0, 1.0, 0.0, -1.686245, 0.0, 0.0, 0.0, 1.0],
                [0.707107, 0.0, -0.707107, -0.300067, -0.707107, 0.0, -0.707107, -0.273202, 0.0, 1.0, 0.0, -1.686245, 0.0, 0.0, 0.0, 1.0]
            ]
        },
        {
            "name": "Root",
            "time": [0.0, 0.25, 0.4833, 0.6],
            "transform": [
                [0.999942, -0.0, 0.010809, 0.0, 0.0, 1.0, -1e-06, 0.528511, -0.010809, 1e-06, 0.999942, -0.156225, 0.0, 0.0, 0.0, 1.0],
                [0.988275, -0.03413, -0.148821, -0.224134, 0.043761, 0.997121, 0.061929, 0.64576, 0.146279, -0.067715, 0.986923, 0.006521, 0.0, 0.0, 0.0, 1.0],
                [0.999942, 0.0, 0.010809, -0.0, 0.0, 1.0, 0.0, 0.76301, -0.010809, 0.0, 0.999942, -0.250944, 0.0, 0.0, 0.0, 1.0],
                [0.999942, 0.0, 0.010809, -0.0, 0.0, 1.0, 0.0, 0.76301, -0.010809, 0.0, 0.999942, -0.250944, 0.0, 0.0, 0.0, 1.0]
            ]
        },
        {
            "name": "Thigh_R",
            "time": [0.0, 0.2, 0.4, 0.4833, 0.6],
            "transform": [
                [0.999509, 0.019786, 0.024296, 0.124994, 0.018714, -0.998872, 0.043583, -0.002831, 0.025131, -0.043107, -0.998755, -1.2e-05, 0.0, 0.0, 0.0, 1.0],
                [0.979961, 0.199185, -0.000879, 0.124994, 0.192018, -0.943503, 0.27005, -0.002831, 0.052961, -0.264807, -0.962846, -1.2e-05, 0.0, 0.0, 0.0, 1.0],
                [0.986304, -0.071696, 0.148535, 0.124994, -0.09348, -0.98496, 0.1453, -0.002831, 0.135884, -0.157194, -0.978175, -1.2e-05, 0.0, 0.0, 0.0, 1.0],
                [0.999461, 0.025219, 0.020984, 0.124994, 0.025061, -0.999653, 0.007783, -0.002831, 0.021173, -0.007253, -0.99975, -1.2e-05, 0.0, 0.0, 0.0, 1.0],
                [0.999461, 0.025219, 0.020984, 0.124994, 0.025061, -0.999653, 0.007783, -0.002831, 0.021173, -0.007253, -0.99975, -1.2e-05, 0.0, 0.0, 0.0, 1.0]
            ]
        },
        {
            "name": "Leg_R",
            "time": [0.0, 0.2, 0.4, 0.4833, 0.6],
            "transform": [
                [1.0, -0.0, 1e-06, 0.0, -0.0, 0.984913, 0.173069, 0.374726, -1e-06, -0.17307, 0.984906, 0.0, 0.0, 0.0, 0.0, 1.0],
                [1.0, -0.0, 1e-06, -0.0, -0.0, 0.831898, 0.554931, 0.374726, -1e-06, -0.554935, 0.831892, 0.0, 0.0, 0.0, 0.0, 1.0],
                [1.0, -0.0, 1e-06, 0.0, -0.0, 0.928795, 0.370602, 0.374726, -1e-06, -0.370605, 0.928788, 0.0, 0.0, 0.0, 0.0, 1.0],
                [1.0, 0.0, 1e-06, 0.0, -0.0, 0.999993, 0.00468, 0.374726, -1e-06, -0.00468, 0.999985, -0.0, 0.0, 0.0, 0.0, 1.0],
                [1.0, 0.0, 1e-06, 0.0, -0.0, 0.999993, 0.00468, 0.374726, -1e-06, -0.00468, 0.999985, -0.0, 0.0, 0.0, 0.0, 1.0]
            ]
        },
        {
            "name": "Knee_R",
            "time": [0.0, 0.6],
            "transform": [
                [1.0, 0.0, -0.0, 0.0, -0.0, 0.00567, -0.999984, 0.374726, -0.0, 0.999984, 0.00567, -0.0, 0.0, 0.0, 0.0, 1.0],
                [1.0, 0.0, -0.0, 0.0, -0.0, 0.00567, -0.999984, 0.374726, -0.0, 0.999984, 0.00567, -0.0, 0.0, 0.0, 0.0, 1.0]
            ]
        },
        {
            "name": "Thigh_L",
            "time": [0.0, 0.2, 0.4, 0.4833, 0.6],
            "transform": [
                [0.999863, -0.012574, -0.010774, -0.125006, -0.011607, -0.996263, 0.085579, -0.002831, -0.011809, -0.085442, -0.996273, -1.2e-05, 0.0, 0.0, 0.0, 1.0],
                [0.984726, 0.170838, 0.033609, -0.125006, 0.16535, -0.978044, 0.126839, -0.002831, 0.05454, -0.119345, -0.991353, -1.2e-05, 0.0, 0.0, 0.0, 1.0],
                [0.983145, -0.123063, 0.135207, -0.125006, -0.137892, -0.984716, 0.106392, -0.002831, 0.120047, -0.123243, -0.985088, -1.2e-05, 0.0, 0.0, 0.0, 1.0],
                [0.999798, -0.018659, -0.007432, -0.125006, -0.018634, -0.99982, 0.003434, -0.002831, -0.007495, -0.003295, -0.999966, -1.2e-05, 0.0, 0.0, 0.0, 1.0],
                [0.999798, -0.018659, -0.007432, -0.125006, -0.018634, -0.99982, 0.003434, -0.002831, -0.007495, -0.003295, -0.999966, -1.2e-05, 0.0, 0.0, 0.0, 1.0]
            ]
        },
        {
            "name": "Leg_L",
            "time": [0.0, 0.2, 0.4, 0.4833, 0.6],
            "transform": [
                [1.0, -0.0, 1e-06, -0.0, -0.0, 0.985294, 0.170875, 0.374726, -1e-06, -0.170875, 0.985293, 0.0, 0.0, 0.0, 0.0, 1.0],
                [1.0, -0.0, 1e-06, 0.0, -0.0, 0.855672, 0.51752, 0.374726, -1e-06, -0.517521, 0.855671, -0.0, 0.0, 0.0, 0.0, 1.0],
                [1.0, -0.0, 1e-06, -0.0, -0.0, 0.95382, 0.300381, 0.374726, -1e-06, -0.300381, 0.953819, 0.0, 0.0, 0.0, 0.0, 1.0],
                [1.0, 0.0, 1e-06, -0.0, -0.0, 0.99999, 0.004681, 0.374726, -1e-06, -0.004681, 0.999989, -0.0, 0.0, 0.0, 0.0, 1.0],
                [1.0, 0.0, 1e-06, -0.0, -0.0, 0.99999, 0.004681, 0.374726, -1e-06, -0.004681, 0.999989, -0.0, 0.0, 0.0, 0.0, 1.0]
            ]
        },
        {
            "name": "Knee_L",
            "time": [0.0, 0.6],
            "transform": [
                [1.0, 0.0, -0.0, -0.0, -0.0, 0.00567, -0.999984, 0.374726, -0.0, 0.999984, 0.00567, 0.0, 0.0, 0.0, 0.0, 1.0],
                [1.0, 0.0, -0.0, -0.0, -0.0, 0.00567, -0.999984, 0.374726, -0.0, 0.999984, 0.00567, -0.0, 0.0, 0.0, 0.0, 1.0]
            ]
        },
        {
            "name": "Torso",
            "time": [0.0, 0.4833, 0.6],
            "transform": [
                [1.0, 0.0, -0.0, -0.0, -0.0, 1.0, -0.000689, 0.05, -0.0, 0.000689, 1.0, 0.0, 0.0, 0.0, 0.0, 1.0],
                [1.0, 0.0, 0.0, 0.0, 0.0, 1.0, -0.000689, 0.05, 0.0, 0.000689, 1.0, 0.0, 0.0, 0.0, 0.0, 1.0],
                [1.0, 0.0, 0.0, 0.0, 0.0, 1.0, -0.000689, 0.05, 0.0, 0.000689, 1.0, 0.0, 0.0, 0.0, 0.0, 1.0]
            ]
        },
        {
            "name": "Chest",
            "time": [0.0, 0.25, 0.4833, 0.6],
            "transform": [
                [0.999846, -0.002503, -0.017346, -0.0, -0.000429, 0.985958, -0.166994, 0.3, 0.017521, 0.166976, 0.985805, -0.0, 0.0, 0.0, 0.0, 1.0],
                [0.999846, 0.001391, -0.017471, -0.0, -0.000429, 0.99849, 0.054932, 0.3, 0.017521, -0.054916, 0.998337, 0.0, 0.0, 0.0, 0.0, 1.0],
                [0.999846, -0.002503, -0.017346, 0.0, -0.000429, 0.985958, -0.166994, 0.3, 0.017521, 0.166976, 0.985805, -0.0, 0.0, 0.0, 0.0, 1.0],
                [0.999846, -0.002503, -0.017346, 0.0, -0.000429, 0.985958, -0.166994, 0.3, 0.017521, 0.166976, 0.985805, -0.0, 0.0, 0.0, 0.0, 1.0]
            ]
        },
        {
            "name": "Head",
            "time": [0.0, 0.25, 0.4833, 0.6],
            "transform": [
                [0.999928, -0.009919, 0.006807, 0.0, 0.008689, 0.986829, 0.16153, 0.4, -0.008319, -0.16146, 0.986844, -0.0, 0.0, 0.0, 0.0, 1.0],
                [0.999928, -0.006986, 0.009793, 0.0, 0.008689, 0.982446, -0.186345, 0.4, -0.008319, 0.186417, 0.982435, -0.0, 0.0, 0.0, 0.0, 1.0],
                [0.999928, -0.009919, 0.006807, -0.0, 0.008689, 0.986829, 0.16153, 0.4, -0.008319, -0.16146, 0.986844, 0.0, 0.0, 0.0, 0.0, 1.0],
                [0.999928, -0.009919, 0.006807, -0.0, 0.008689, 0.986829, 0.16153, 0.4, -0.008319, -0.16146, 0.986844, 0.0, 0.0, 0.0, 0.0, 1.0]
            ]
        },
        {
            "name": "Shoulder_R",
            "time": [0.0, 0.4833, 0.6],
            "transform": [
                [0.0, 0.952114, 0.305743, 8.9e-05, 0.0, -0.305743, 0.952114, 0.511173, 1.0, -0.0, -0.0, 0.001871, 0.0, 0.0, 0.0, 1.0],
                [0.0, 0.952114, 0.305743, -0.001009, -0.0, -0.305743, 0.952114, 0.483726, 1.0, -0.0, -0.0, -0.159503, 0.0, 0.0, 0.0, 1.0],
                [0.0, 0.952114, 0.305743, -0.001009, -0.0, -0.305743, 0.952114, 0.483726, 1.0, -0.0, -0.0, -0.159503, 0.0, 0.0, 0.0, 1.0]
            ]
        },
        {
            "name": "Arm_R",
            "time": [0.0, 0.1, 0.1833, 0.3167, 0.4833, 0.6],
            "transform": [
                [0.868499, -0.486998, -0.092424, 0.0, -0.103543, 0.004107, -0.994617, 0.39386, 0.484756, 0.873394, -0.046859, -0.0, 0.0, 0.0, 0.0, 1.0],
                [0.980197, -0.170601, -0.100546, -0.0, -0.004121, 0.490057, -0.871681, 0.393861, 0.197983, 0.854834, 0.479649, 0.0, 0.0, 0.0, 0.0, 1.0],
                [0.798212, -0.392559, 0.456899, -0.0, 0.319848, -0.366533, -0.8737, 0.393861, 0.510447, 0.843535, -0.167012, -0.0, 0.0, 0.0, 0.0, 1.0],
                [0.66449, -0.637819, 0.389411, -0.0, 0.421742, -0.110107, -0.900006, 0.393861, 0.616917, 0.762276, 0.195831, 0.0, 0.0, 0.0, 0.0, 1.0],
                [0.369498, -0.927504, 0.056634, -0.0, 0.434553, 0.118602, -0.892803, 0.393861, 0.821362, 0.354499, 0.446873, -0.0, 0.0, 0.0, 0.0, 1.0],
                [0.365077, -0.928484, 0.068094, -0.0, 0.437439, 0.106513, -0.892918, 0.393861, 0.821807, 0.355771, 0.445041, -0.0, 0.0, 0.0, 0.0, 1.0]
            ]
        },
        {
            "name": "Hand_R",
            "time": [0.0, 0.1, 0.1833, 0.3167, 0.4833, 0.6],
            "transform": [
                [0.999999, -2e-06, 0.0, 0.0, 2e-06, 0.952537, -0.304421, 0.300003, 0.0, 0.304421, 0.952537, 0.0, 0.0, 0.0, 0.0, 1.0],
                [1.0, -0.0, 0.0, 0.0, 0.0, 0.192349, -0.981326, 0.300003, 0.0, 0.981326, 0.192349, 0.0, 0.0, 0.0, 0.0, 1.0],
                [0.999999, -0.0, 0.0, -0.0, 0.0, 0.999999, -0.000992, 0.300002, -0.0, 0.000992, 0.999999, -0.0, 0.0, 0.0, 0.0, 1.0],
                [1.0, 0.0, 0.0, 0.0, 0.0, 0.999999, -0.000992, 0.300003, -0.0, 0.000992, 0.999999, -0.0, 0.0, 0.0, 0.0, 1.0],
                [0.999999, -5e-06, 2e-06, -0.0, 5e-06, 0.694946, -0.719062, 0.300003, 2e-06, 0.719062, 0.694946, 0.0, 0.0, 0.0, 0.0, 1.0],
                [0.999999, -2e-06, 1e-06, 0.0, 2e-06, 0.723623, -0.690195, 0.300003, 1e-06, 0.690195, 0.723623, -0.0, 0.0, 0.0, 0.0, 1.0]
            ]
        },
        {
            "name": "Tool_R",
            "time": [0.0, 0.6],
            "transform": [
                [1.0, -0.0, 0.0, 0.0, -0.0, -0.999559, -0.029689, 0.271711, 0.0, 0.029689, -0.99956, -0.028915, 0.0, 0.0, 0.0, 1.0],
                [1.0, -0.0, 0.0, 0.0, -0.0, -0.999559, -0.029689, 0.271711, 0.0, 0.029689, -0.99956, -0.028915, 0.0, 0.0, 0.0, 1.0]
            ]
        },
        {
            "name": "Elbow_R",
            "time": [0.0, 0.6],
            "transform": [
                [-1.0, 0.0, -0.0, 0.0, 0.0, 0.003946, -0.999992, 0.328186, -0.0, -0.999992, -0.003946, -0.001141, 0.0, 0.0, 0.0, 1.0],
                [-1.0, 0.0, -0.0, 0.0, 0.0, 0.003946, -0.999992, 0.370583, -0.0, -0.999993, -0.003946, -0.000974, 0.0, 0.0, 0.0, 1.0]
            ]
        },
        {
            "name": "Shoulder_L",
            "time": [0.0, 0.4833, 0.6],
            "transform": [
                [-0.0, -0.952114, -0.305743, 8.9e-05, 0.0, -0.305743, 0.952114, 0.511173, -1.0, -0.0, 0.0, 0.001871, 0.0, 0.0, 0.0, 1.0],
                [0.0, -0.952114, -0.305743, -0.001009, 0.0, -0.305743, 0.952114, 0.483726, -1.0, -0.0, 0.0, -0.159503, 0.0, 0.0, 0.0, 1.0],
                [0.0, -0.952114, -0.305743, -0.001009, 0.0, -0.305743, 0.952114, 0.483726, -1.0, -0.0, 0.0, -0.159503, 0.0, 0.0, 0.0, 1.0]
            ]
        },
        {
            "name": "Arm_L",
            "time": [0.0, 0.25, 0.35, 0.4833, 0.6],
            "transform": [
                [0.879342, 0.465472, 0.100463, -0.0, 0.141943, -0.054833, -0.988355, 0.39386, -0.454542, 0.883362, -0.114288, -0.0, 0.0, 0.0, 0.0, 1.0],
                [0.512878, -0.24117, 0.823888, -0.0, 0.460731, -0.732467, -0.501218, 0.39386, 0.724349, 0.636655, -0.264552, -0.0, 0.0, 0.0, 0.0, 1.0],
                [0.753812, -0.008318, 0.657037, -0.0, 0.645565, 0.195826, -0.738171, 0.39386, -0.122525, 0.980603, 0.152985, 0.0, 0.0, 0.0, 0.0, 1.0],
                [0.407146, 0.912191, -0.04625, -0.0, -0.425352, 0.144553, -0.893409, 0.39386, -0.808274, 0.383421, 0.446856, 0.0, 0.0, 0.0, 0.0, 1.0],
                [0.407146, 0.912191, -0.04625, -0.0, -0.425352, 0.144553, -0.893409, 0.39386, -0.808274, 0.383421, 0.446856, 0.0, 0.0, 0.0, 0.0, 1.0]
            ]
        },
        {
            "name": "Hand_L",
            "time": [0.0, 0.25, 0.35, 0.4833, 0.6],
            "transform": [
                [1.0, 0.0, 0.0, 0.0, 0.0, 0.989567, -0.144077, 0.300003, -0.0, 0.144077, 0.989567, -0.0, 0.0, 0.0, 0.0, 1.0],
                [1.0, -1e-06, 0.0, 0.0, 1e-06, 0.893892, -0.448284, 0.300003, 0.0, 0.448284, 0.893892, 0.0, 0.0, 0.0, 0.0, 1.0],
                [1.0, 7e-06, -6e-06, 0.0, -7e-06, 0.172079, -0.985084, 0.300003, -6e-06, 0.985084, 0.172078, 0.0, 0.0, 0.0, 0.0, 1.0],
                [1.0, -2e-06, 1e-06, -0.0, 2e-06, 0.701618, -0.712554, 0.300003, 1e-06, 0.712554, 0.701618, 0.0, 0.0, 0.0, 0.0, 1.0],
                [1.0, -2e-06, 1e-06, -0.0, 2e-06, 0.701618, -0.712554, 0.300003, 1e-06, 0.712554, 0.701618, 0.0, 0.0, 0.0, 0.0, 1.0]
            ]
        },
        {
            "name": "Tool_L",
            "time": [0.0, 0.6],
            "transform": [
                [1.0, 0.0, 0.0, 0.0, 0.0, -0.999559, -0.029689, 0.271711, 0.0, 0.029689, -0.99956, -0.028915, 0.0, 0.0, 0.0, 1.0],
                [1.0, -0.0, 0.0, -0.0, 0.0, -0.999559, -0.029689, 0.271711, 0.0, 0.029689, -0.99956, -0.028915, 0.0, 0.0, 0.0, 1.0]
            ]
        },
        {
            "name": "Elbow_L",
            "time": [0.0, 0.6],
            "transform": [
                [-1.0, 0.0, -0.0, 0.0, 0.0, 0.003946, -0.999992, 0.312747, -0.0, -0.999993, -0.003946, -0.001202, 0.0, 0.0, 0.0, 1.0],
                [-1.0, 0.0, -0.0, 0.0, 0.0, 0.003946, -0.999992, 0.373523, -0.0, -0.999993, -0.003946, -0.000962, 0.0, 0.0, 0.0, 1.0]
            ]
        }
    ]
}