{
    "animation": [
        {
            "name": "Coord",
            "time": [0.0, 0.3],
            "transform": [
                [-0.0, 0.0, 1.0, 0.30393, 1.0, 0.0, 0.0, -0.474281, 0.0, 1.0, 0.0, -1.686245, 0.0, 0.0, 0.0, 1.0],
                [0.707107, 0.0, 0.707107, 0.299995, 0.707107, 0.0, -0.707107, -0.299998, 0.0, 1.0, 0.0, -1.686246, 0.0, 0.0, 0.0, 1.0]
            ]
        },
        {
            "name": "Root",
            "time": [0.0, 0.0833, 0.1667, 0.3],
            "transform": [
                [0.999942, -0.0, 0.010809, -0.0, 0.0, 1.0, -1e-06, 0.528511, -0.010809, 1e-06, 0.999942, -0.156225, 0.0, 0.0, 0.0, 1.0],
                [0.909303, -0.055831, -0.412372, -0.057796, 0.0, 0.990959, -0.134165, 0.541807, 0.416134, 0.121997, 0.901082, 0.013486, 0.0, 0.0, 0.0, 1.0],
                [0.960202, 0.016715, -0.278805, -0.040878, -0.043538, 0.994963, -0.090292, 0.611423, 0.275892, 0.098837, 0.956094, 0.087534, 0.0, 0.0, 0.0, 1.0],
                [0.999942, 0.0, 0.010809, 0.0, 0.0, 1.0, 0.0, 0.599004, -0.010809, 0.0, 0.999942, 0.073983, 0.0, 0.0, 0.0, 1.0]
            ]
        },
        {
            "name": "Thigh_R",
            "time": [0.0, 0.0833, 0.1667, 0.3],
            "transform": [
                [0.999509, 0.019786, 0.024296, 0.124994, 0.018714, -0.998872, 0.043583, -0.002831, 0.025131, -0.043107, -0.998755, -1.2e-05, 0.0, 0.0, 0.0, 1.0],
                [0.995838, 0.050352, 0.07597, 0.124994, 0.016654, -0.92003, 0.391488, -0.002831, 0.089607, -0.388593, -0.917042, -1.2e-05, 0.0, 0.0, 0.0, 1.0],
                [0.990481, 0.132173, -0.03843, 0.124994, 0.130093, -0.80768, 0.575088, -0.002831, 0.044972, -0.574612, -0.817189, -1.2e-05, 0.0, 0.0, 0.0, 1.0],
                [0.999509, 0.019786, 0.024296, 0.124994, 0.018714, -0.998872, 0.043583, -0.002831, 0.025131, -0.043107, -0.998755, -1.2e-05, 0.0, 0.0, 0.0, 1.0]
            ]
        },
        {
            "name": "Leg_R",
            "time": [0.0, 0.0833, 0.1667, 0.3],
            "transform": [
                [1.0, -0.0, 1e-06, 0.0, -0.0, 0.984913, 0.173069, 0.374726, -1e-06, -0.17307, 0.984906, 0.0, 0.0, 0.0, 0.0, 1.0],
                [1.0, -0.0, 1e-06, -0.0, -0.0, 0.944842, 0.327536, 0.374726, -1e-06, -0.327539, 0.944835, -0.0, 0.0, 0.0, 0.0, 1.0],
                [1.0, -0.0, 1e-06, 0.0, -0.0, 0.751035, 0.660263, 0.374726, -1e-06, -0.660268, 0.751029, 0.0, 0.0, 0.0, 0.0, 1.0],
                [1.0, -0.0, 1e-06, -0.0, -0.0, 0.984913, 0.173069, 0.374726, -1e-06, -0.17307, 0.984906, 0.0, 0.0, 0.0, 0.0, 1.0]
            ]
        },
        {
            "name": "Knee_R",
            "time": [0.0, 0.3],
            "transform": [
                [1.0, 0.0, -0.0, 0.0, -0.0, 0.00567, -0.999984, 0.374726, -0.0, 0.999984, 0.00567, -0.0, 0.0, 0.0, 0.0, 1.0],
                [1.0, 0.0, -0.0, -0.0, -0.0, 0.00567, -0.999984, 0.374726, -0.0, 0.999984, 0.00567, -0.0, 0.0, 0.0, 0.0, 1.0]
            ]
        },
        {
            "name": "Thigh_L",
            "time": [0.0, 0.0833, 0.1667, 0.3],
            "transform": [
                [0.999863, -0.012574, -0.010774, -0.125006, -0.011607, -0.996263, 0.085579, -0.002831, -0.011809, -0.085442, -0.996273, -1.2e-05, 0.0, 0.0, 0.0, 1.0],
                [0.90743, -0.147955, -0.393294, -0.125006, -0.070781, -0.976406, 0.204011, -0.002831, -0.414199, -0.157288, -0.896493, -1.2e-05, 0.0, 0.0, 0.0, 1.0],
                [0.908778, -0.271928, -0.316507, -0.125006, -0.125112, -0.90117, 0.415015, -0.002831, -0.398081, -0.337558, -0.852986, -1.2e-05, 0.0, 0.0, 0.0, 1.0],
                [0.999863, -0.012574, -0.010774, -0.125006, -0.011607, -0.996263, 0.085579, -0.002831, -0.011809, -0.085442, -0.996273, -1.2e-05, 0.0, 0.0, 0.0, 1.0]
            ]
        },
        {
            "name": "Leg_L",
            "time": [0.0, 0.0833, 0.1667, 0.3],
            "transform": [
                [1.0, -0.0, 1e-06, 0.0, -0.0, 0.985294, 0.170875, 0.374726, -1e-06, -0.170875, 0.985293, 0.0, 0.0, 0.0, 0.0, 1.0],
                [1.0, -0.0, 1e-06, 0.0, -0.0, 0.948455, 0.316913, 0.374726, -1e-06, -0.316913, 0.948455, 0.0, 0.0, 0.0, 0.0, 1.0],
                [1.0, -0.0, 1e-06, 0.0, -0.0, 0.781266, 0.624199, 0.374726, -1e-06, -0.6242, 0.781265, -0.0, 0.0, 0.0, 0.0, 1.0],
                [1.0, -0.0, 1e-06, -0.0, -0.0, 0.985294, 0.170875, 0.374726, -1e-06, -0.170875, 0.985293, -0.0, 0.0, 0.0, 0.0, 1.0]
            ]
        },
        {
            "name": "Knee_L",
            "time": [0.0, 0.3],
            "transform": [
                [1.0, 0.0, -0.0, 0.0, -0.0, 0.00567, -0.999984, 0.374726, -0.0, 0.999984, 0.00567, 0.0, 0.0, 0.0, 0.0, 1.0],
                [1.0, -0.0, -0.0, 0.0, -0.0, 0.00567, -0.999984, 0.374726, 0.0, 0.999984, 0.00567, -0.0, 0.0, 0.0, 0.0, 1.0]
            ]
        },
        {
            "name": "Torso",
            "time": [0.0, 0.3],
            "transform": [
                [1.0, 0.0, -0.0, -0.0, -0.0, 1.0, -0.000689, 0.05, -0.0, 0.000689, 1.0, 0.0, 0.0, 0.0, 0.0, 1.0],
                [1.0, 0.0, 0.0, 0.0, 0.0, 1.0, -0.000689, 0.05, 0.0, 0.000689, 1.0, 0.0, 0.0, 0.0, 0.0, 1.0]
            ]
        },
        {
            "name": "Chest",
            "time": [0.0, 0.1667, 0.3],
            "transform": [
                [0.999846, -0.002503, -0.017346, -0.0, -0.000429, 0.985958, -0.166994, 0.3, 0.017521, 0.166976, 0.985805, 0.0, 0.0, 0.0, 0.0, 1.0],
                [0.999846, 0.000198, -0.017525, 0.0, -0.000429, 0.999913, -0.013166, 0.3, 0.017521, 0.013172, 0.99976, 0.0, 0.0, 0.0, 0.0, 1.0],
                [0.999846, -0.002503, -0.017346, 0.0, -0.000429, 0.985958, -0.166994, 0.3, 0.017521, 0.166976, 0.985805, -0.0, 0.0, 0.0, 0.0, 1.0]
            ]
        },
        {
            "name": "Head",
            "time": [0.0, 0.3],
            "transform": [
                [0.999928, -0.009919, 0.006807, 0.0, 0.008689, 0.986829, 0.16153, 0.4, -0.008319, -0.16146, 0.986844, -0.0, 0.0, 0.0, 0.0, 1.0],
                [0.999928, -0.009919, 0.006807, -0.0, 0.008689, 0.986829, 0.16153, 0.4, -0.008319, -0.16146, 0.986844, -0.0, 0.0, 0.0, 0.0, 1.0]
            ]
        },
        {
            "name": "Shoulder_R",
            "time": [0.0, 0.3],
            "transform": [
                [0.0, 0.952114, 0.305743, 8.9e-05, 0.0, -0.305743, 0.952114, 0.511173, 1.0, -0.0, -0.0, 0.001871, 0.0, 0.0, 0.0, 1.0],
                [0.0, 0.952114, 0.305743, 8.9e-05, 0.0, -0.305743, 0.952114, 0.511173, 1.0, 0.0, -0.0, 0.001871, 0.0, 0.0, 0.0, 1.0]
            ]
        },
        {
            "name": "Arm_R",
            "time": [0.0, 0.0667, 0.1167, 0.1667, 0.3],
            "transform": [
                [0.864962, -0.496605, -0.072282, -0.0, -0.090923, -0.013429, -0.995768, 0.39386, 0.493533, 0.867874, -0.056768, -0.0, 0.0, 0.0, 0.0, 1.0],
                [0.856542, -0.160703, -0.490419, 0.0, -0.387983, 0.426099, -0.817257, 0.39386, 0.340304, 0.890289, 0.302623, 0.0, 0.0, 0.0, 0.0, 1.0],
                [0.729548, -0.050226, -0.682083, 0.0, -0.678785, 0.068923, -0.731096, 0.39386, 0.083732, 0.996358, 0.016191, 0.0, 0.0, 0.0, 0.0, 1.0],
                [0.749054, 0.220786, -0.624637, 0.0, -0.661874, 0.208117, -0.720147, 0.39386, -0.029001, 0.95286, 0.302024, -0.0, 0.0, 0.0, 0.0, 1.0],
                [0.677612, 0.283531, -0.678567, 0.0, -0.733028, 0.186025, -0.654267, 0.39386, -0.059274, 0.940747, 0.333889, -0.0, 0.0, 0.0, 0.0, 1.0]
            ]
        },
        {
            "name": "Hand_R",
            "time": [0.0, 0.0667, 0.1167, 0.1667, 0.3],
            "transform": [
                [1.0, -1e-06, 0.0, 0.0, 1e-06, 0.954806, -0.297226, 0.300003, 0.0, 0.297227, 0.954807, -0.0, 0.0, 0.0, 0.0, 1.0],
                [0.999999, 2e-06, -1e-06, 0.0, -1e-06, 0.491829, -0.870691, 0.300003, -1e-06, 0.870692, 0.491829, -0.0, 0.0, 0.0, 0.0, 1.0],
                [0.999999, -0.0, 0.0, -0.0, -0.0, 1.0, -0.000994, 0.300003, -0.0, 0.000993, 0.999999, 0.0, 0.0, 0.0, 0.0, 1.0],
                [0.999999, -1e-06, 1e-06, -0.0, 2e-06, 0.823123, -0.567864, 0.300003, 0.0, 0.567864, 0.823123, 0.0, 0.0, 0.0, 0.0, 1.0],
                [0.999999, -2e-06, 1e-06, 0.0, 2e-06, 0.829916, -0.557888, 0.300003, 1e-06, 0.557888, 0.829916, 0.0, 0.0, 0.0, 0.0, 1.0]
            ]
        },
        {
            "name": "Tool_R",
            "time": [0.0, 0.3],
            "transform": [
                [1.0, 0.0, 0.0, 0.0, -0.0, -0.999559, -0.029689, 0.271711, 0.0, 0.029689, -0.99956, -0.028915, 0.0, 0.0, 0.0, 1.0],
                [1.0, -0.0, 0.0, -0.0, 0.0, -0.999559, -0.029689, 0.271711, 0.0, 0.029689, -0.99956, -0.028915, 0.0, 0.0, 0.0, 1.0]
            ]
        },
        {
            "name": "Elbow_R",
            "time": [0.0, 0.3],
            "transform": [
                [-1.0, 0.0, -0.0, 0.0, 0.0, 0.003946, -0.999992, 0.327479, -0.0, -0.999992, -0.003946, -0.001144, 0.0, 0.0, 0.0, 1.0],
                [-1.0, 0.0, -0.0, 0.0, 0.0, 0.003946, -0.999992, 0.35466, -0.0, -0.999992, -0.003946, -0.001037, 0.0, 0.0, 0.0, 1.0]
            ]
        },
        {
            "name": "Shoulder_L",
            "time": [0.0, 0.3],
            "transform": [
                [-0.0, -0.952114, -0.305743, 8.9e-05, 0.0, -0.305743, 0.952114, 0.511173, -1.0, -0.0, 0.0, 0.001871, 0.0, 0.0, 0.0, 1.0],
                [0.0, -0.952114, -0.305743, 8.9e-05, 0.0, -0.305743, 0.952114, 0.511173, -1.0, 0.0, 0.0, 0.001871, 0.0, 0.0, 0.0, 1.0]
            ]
        },
        {
            "name": "Arm_L",
            "time": [0.0, 0.0833, 0.1667, 0.2167, 0.25, 0.3],
            "transform": [
                [0.879342, 0.465472, 0.100463, 0.0, 0.141943, -0.054833, -0.988355, 0.39386, -0.454542, 0.883362, -0.114288, -0.0, 0.0, 0.0, 0.0, 1.0],
                [0.760254, 0.46028, 0.458428, -0.0, 0.500993, 0.03381, -0.86479, 0.39386, -0.413545, 0.88713, -0.204892, -0.0, 0.0, 0.0, 0.0, 1.0],
                [0.994791, 0.002406, 0.101904, 0.0, 0.073859, 0.671982, -0.736875, 0.39386, -0.07025, 0.740564, 0.668304, 0.0, 0.0, 0.0, 0.0, 1.0],
                [0.860952, -0.197934, 0.468596, -0.0, 0.502111, 0.478295, -0.720499, 0.39386, -0.081516, 0.855603, 0.511174, -0.0, 0.0, 0.0, 0.0, 1.0],
                [0.817399, -0.168385, 0.550912, 0.0, 0.570317, 0.37136, -0.732687, 0.39386, -0.081213, 0.913093, 0.399582, -0.0, 0.0, 0.0, 0.0, 1.0],
                [0.665807, -0.289219, 0.687789, 0.0, 0.744206, 0.191363, -0.639951, 0.39386, 0.053469, 0.937941, 0.342649, -0.0, 0.0, 0.0, 0.0, 1.0]
            ]
        },
        {
            "name": "Hand_L",
            "time": [0.0, 0.0833, 0.1667, 0.2167, 0.25, 0.3],
            "transform": [
                [1.0, 0.0, 0.0, -0.0, 0.0, 0.989567, -0.144077, 0.300003, -0.0, 0.144077, 0.989567, -0.0, 0.0, 0.0, 0.0, 1.0],
                [1.0, 0.0, 0.0, -0.0, -0.0, 0.996705, -0.081115, 0.300003, -0.0, 0.081115, 0.996705, -0.0, 0.0, 0.0, 0.0, 1.0],
                [1.0, 0.0, 0.0, 0.0, -0.0, 0.523525, -0.85201, 0.300002, -0.0, 0.852011, 0.523525, -0.0, 0.0, 0.0, 0.0, 1.0],
                [1.0, 4e-06, -2e-06, 0.0, -4e-06, 0.558894, -0.82924, 0.300003, -2e-06, 0.82924, 0.558893, -0.0, 0.0, 0.0, 0.0, 1.0],
                [1.0, 0.0, -0.0, 0.0, -0.0, 0.681825, -0.731516, 0.300003, -0.0, 0.731516, 0.681824, 0.0, 0.0, 0.0, 0.0, 1.0],
                [1.0, -0.0, 0.0, -0.0, 0.0, 0.810471, -0.58578, 0.300003, 0.0, 0.58578, 0.810471, 0.0, 0.0, 0.0, 0.0, 1.0]
            ]
        },
        {
            "name": "Tool_L",
            "time": [0.0, 0.3],
            "transform": [
                [1.0, 0.0, 0.0, 0.0, 0.0, -0.999559, -0.029689, 0.271711, 0.0, 0.029689, -0.99956, -0.028915, 0.0, 0.0, 0.0, 1.0],
                [1.0, -0.0, 0.0, 0.0, 0.0, -0.999559, -0.029689, 0.271711, 0.0, 0.029689, -0.99956, -0.028915, 0.0, 0.0, 0.0, 1.0]
            ]
        },
        {
            "name": "Elbow_L",
            "time": [0.0, 0.3],
            "transform": [
                [-1.0, 0.0, -0.0, -0.0, 0.0, 0.003946, -0.999992, 0.312747, -0.0, -0.999993, -0.003946, -0.001202, 0.0, 0.0, 0.0, 1.0],
                [-1.0, 0.0, -0.0, -0.0, 0.0, 0.003946, -0.999992, 0.357846, -0.0, -0.999993, -0.003946, -0.001024, 0.0, 0.0, 0.0, 1.0]
            ]
        }
    ]
}