{
    "animation": [
        {
            "name": "Coord",
            "time": [0.0, 0.4, 0.6],
            "transform": [
                [0.0, 0.0, 1.0, -0.28456, 1.0, 0.0, -0.0, -0.982943, 0.0, 1.0, 0.0, -1.685944, 0.0, 0.0, 0.0, 1.0],
                [0.707107, 0.0, 0.707107, 0.006518, 0.707107, 0.0, -0.707107, -0.976101, 0.0, 1.0, 0.0, -1.68594, 0.0, 0.0, 0.0, 1.0],
                [0.707107, 0.0, 0.707107, 0.006518, 0.707107, 0.0, -0.707107, -0.976101, 0.0, 1.0, 0.0, -1.68594, 0.0, 0.0, 0.0, 1.0]
            ]
        },
        {
            "name": "Root",
            "time": [0.0, 0.1833, 0.4, 0.6],
            "transform": [
                [1.0, 0.0, 0.0, 0.0, 0.0, 1.0, 0.0, 0.928342, 0.0, 0.0, 1.0, -0.000944, 0.0, 0.0, 0.0, 1.0],
                [0.999998, 0.0, 0.002059, -0.0, 0.0, 1.0, 0.0, 0.764187, -0.002059, 0.0, 0.999998, -0.000944, 0.0, 0.0, 0.0, 1.0],
                [1.0, 0.0, 0.0, -0.0, 0.0, 1.0, 0.0, 0.76301, 0.0, 0.0, 1.0, -0.000944, 0.0, 0.0, 0.0, 1.0],
                [1.0, 0.0, 0.0, -0.0, 0.0, 1.0, 0.0, 0.76301, 0.0, 0.0, 1.0, -0.000944, 0.0, 0.0, 0.0, 1.0]
            ]
        },
        {
            "name": "Thigh_R",
            "time": [0.0, 0.4, 0.6],
            "transform": [
                [0.999461, 0.025219, 0.020984, 0.124994, 0.025061, -0.999653, 0.007783, -0.002831, 0.021173, -0.007253, -0.99975, -1.2e-05, 0.0, 0.0, 0.0, 1.0],
                [0.999509, 0.019786, 0.024296, 0.124994, 0.018714, -0.998872, 0.043583, -0.002831, 0.025131, -0.043107, -0.998755, -1.2e-05, 0.0, 0.0, 0.0, 1.0],
                [0.999509, 0.019786, 0.024296, 0.124994, 0.018714, -0.998872, 0.043583, -0.002831, 0.025131, -0.043107, -0.998755, -1.2e-05, 0.0, 0.0, 0.0, 1.0]
            ]
        },
        {
            "name": "Leg_R",
            "time": [0.0, 0.4, 0.6],
            "transform": [
                [1.0, -0.0, 1e-06, -0.0, 0.0, 0.999993, 0.00468, 0.374726, -1e-06, -0.00468, 0.999985, 0.0, 0.0, 0.0, 0.0, 1.0],
                [1.0, -0.0, 1e-06, -0.0, -0.0, 0.984913, 0.173069, 0.374726, -1e-06, -0.17307, 0.984906, 0.0, 0.0, 0.0, 0.0, 1.0],
                [1.0, -0.0, 1e-06, -0.0, -0.0, 0.984913, 0.173069, 0.374726, -1e-06, -0.17307, 0.984906, 0.0, 0.0, 0.0, 0.0, 1.0]
            ]
        },
        {
            "name": "Knee_R",
            "time": [0.0, 0.6],
            "transform": [
                [1.0, 0.0, -0.0, -0.0, -0.0, 0.00567, -0.999984, 0.374726, -0.0, 0.999984, 0.00567, 0.0, 0.0, 0.0, 0.0, 1.0],
                [1.0, 0.0, -0.0, -0.0, -0.0, 0.00567, -0.999984, 0.374726, -0.0, 0.999984, 0.00567, -0.0, 0.0, 0.0, 0.0, 1.0]
            ]
        },
        {
            "name": "Thigh_L",
            "time": [0.0, 0.4, 0.6],
            "transform": [
                [0.999798, -0.018659, -0.007432, -0.125006, -0.018634, -0.99982, 0.003434, -0.002831, -0.007495, -0.003295, -0.999966, -1.2e-05, 0.0, 0.0, 0.0, 1.0],
                [0.999863, -0.012574, -0.010774, -0.125006, -0.011607, -0.996263, 0.085579, -0.002831, -0.011809, -0.085442, -0.996273, -1.2e-05, 0.0, 0.0, 0.0, 1.0],
                [0.999863, -0.012574, -0.010774, -0.125006, -0.011607, -0.996263, 0.085579, -0.002831, -0.011809, -0.085442, -0.996273, -1.2e-05, 0.0, 0.0, 0.0, 1.0]
            ]
        },
        {
            "name": "Leg_L",
            "time": [0.0, 0.4, 0.6],
            "transform": [
                [1.0, -0.0, 1e-06, -0.0, -0.0, 0.99999, 0.004681, 0.374726, -1e-06, -0.004681, 0.999989, 0.0, 0.0, 0.0, 0.0, 1.0],
                [1.0, -0.0, 1e-06, -0.0, -0.0, 0.985293, 0.170875, 0.374726, -1e-06, -0.170875, 0.985293, -0.0, 0.0, 0.0, 0.0, 1.0],
                [1.0, -0.0, 1e-06, -0.0, -0.0, 0.985293, 0.170875, 0.374726, -1e-06, -0.170875, 0.985293, -0.0, 0.0, 0.0, 0.0, 1.0]
            ]
        },
        {
            "name": "Knee_L",
            "time": [0.0, 0.6],
            "transform": [
                [1.0, 0.0, -0.0, 0.0, -0.0, 0.00567, -0.999984, 0.374726, -0.0, 0.999984, 0.00567, 0.0, 0.0, 0.0, 0.0, 1.0],
                [1.0, 0.0, -0.0, -0.0, -0.0, 0.00567, -0.999984, 0.374726, -0.0, 0.999984, 0.00567, -0.0, 0.0, 0.0, 0.0, 1.0]
            ]
        },
        {
            "name": "Torso",
            "time": [0.0, 0.4, 0.6],
            "transform": [
                [1.0, -0.0, -0.0, 0.0, -0.0, 1.0, -0.000689, 0.05, 0.0, 0.000689, 1.0, -0.0, 0.0, 0.0, 0.0, 1.0],
                [1.0, 0.0, 0.0, -0.0, 0.0, 1.0, -0.000689, 0.05, 0.0, 0.000689, 1.0, -0.0, 0.0, 0.0, 0.0, 1.0],
                [1.0, 0.0, 0.0, -0.0, 0.0, 1.0, -0.000689, 0.05, 0.0, 0.000689, 1.0, -0.0, 0.0, 0.0, 0.0, 1.0]
            ]
        },
        {
            "name": "Chest",
            "time": [0.0, 0.4, 0.6],
            "transform": [
                [0.963956, -0.044192, -0.262366, -0.0, -0.000258, 0.985954, -0.167019, 0.3, 0.266061, 0.161066, 0.950405, 0.0, 0.0, 0.0, 0.0, 1.0],
                [0.999846, -0.002503, -0.017346, -0.0, -0.000429, 0.985958, -0.166994, 0.3, 0.017521, 0.166976, 0.985805, 0.0, 0.0, 0.0, 0.0, 1.0],
                [0.999846, -0.002503, -0.017346, -0.0, -0.000429, 0.985958, -0.166994, 0.3, 0.017521, 0.166976, 0.985805, 0.0, 0.0, 0.0, 0.0, 1.0]
            ]
        },
        {
            "name": "Head",
            "time": [0.0, 0.4, 0.6],
            "transform": [
                [0.999928, -0.009919, 0.006807, -0.0, 0.008689, 0.986829, 0.16153, 0.4, -0.008319, -0.16146, 0.986844, 0.0, 0.0, 0.0, 0.0, 1.0],
                [0.999928, -0.009919, 0.006807, 0.0, 0.008689, 0.986829, 0.16153, 0.4, -0.008319, -0.16146, 0.986844, 0.0, 0.0, 0.0, 0.0, 1.0],
                [0.999928, -0.009919, 0.006807, 0.0, 0.008689, 0.986829, 0.16153, 0.4, -0.008319, -0.16146, 0.986844, 0.0, 0.0, 0.0, 0.0, 1.0]
            ]
        },
        {
            "name": "Shoulder_R",
            "time": [0.0, 0.4, 0.6],
            "transform": [
                [0.0, 0.952114, 0.305743, 8.9e-05, 0.0, -0.305743, 0.952114, 0.511173, 1.0, -0.0, -0.0, 0.001871, 0.0, 0.0, 0.0, 1.0],
                [0.0, 0.952114, 0.305743, 8.9e-05, -0.0, -0.305743, 0.952114, 0.511173, 1.0, -0.0, -0.0, 0.001871, 0.0, 0.0, 0.0, 1.0],
                [0.0, 0.952114, 0.305743, 8.9e-05, -0.0, -0.305743, 0.952114, 0.511173, 1.0, -0.0, -0.0, 0.001871, 0.0, 0.0, 0.0, 1.0]
            ]
        },
        {
            "name": "Arm_R",
            "time": [0.0, 0.2333, 0.3167, 0.4, 0.6],
            "transform": [
                [0.275943, 0.775164, -0.568311, 0.0, -0.959497, 0.257065, -0.115253, 0.393861, 0.056753, 0.577096, 0.814702, 0.0, 0.0, 0.0, 0.0, 1.0],
                [0.88499, -0.263353, -0.383977, 0.0, -0.187483, 0.553312, -0.811602, 0.39386, 0.426197, 0.790248, 0.440302, -0.0, 0.0, 0.0, 0.0, 1.0],
                [0.784887, -0.606841, 0.125291, 0.0, 0.394272, 0.333116, -0.856495, 0.393861, 0.478019, 0.72165, 0.500719, -0.0, 0.0, 0.0, 0.0, 1.0],
                [0.728025, -0.515725, 0.451673, 0.0, 0.518597, -0.016606, -0.854858, 0.39386, 0.448371, 0.856594, 0.255364, -0.0, 0.0, 0.0, 0.0, 1.0],
                [0.728025, -0.515725, 0.451673, 0.0, 0.518597, -0.016606, -0.854858, 0.39386, 0.448371, 0.856594, 0.255364, -0.0, 0.0, 0.0, 0.0, 1.0]
            ]
        },
        {
            "name": "Hand_R",
            "time": [0.0, 0.2333, 0.3167, 0.4, 0.6],
            "transform": [
                [0.999999, -0.0, 0.0, -0.0, 0.0, 0.423625, -0.905837, 0.300003, -0.0, 0.905837, 0.423625, 0.0, 0.0, 0.0, 0.0, 1.0],
                [0.999999, -9e-06, 9e-06, -0.0, 9e-06, 0.111577, -0.993755, 0.300003, 8e-06, 0.993756, 0.111577, -0.0, 0.0, 0.0, 0.0, 1.0],
                [0.999999, -6e-06, 3e-06, 0.0, 6e-06, 0.495932, -0.868361, 0.300003, 3e-06, 0.868361, 0.495932, -0.0, 0.0, 0.0, 0.0, 1.0],
                [0.999999, -1e-06, 0.0, 0.0, 1e-06, 0.929425, -0.369009, 0.300003, 0.0, 0.369009, 0.929425, -0.0, 0.0, 0.0, 0.0, 1.0],
                [0.999999, -1e-06, 0.0, 0.0, 1e-06, 0.929425, -0.369009, 0.300003, 0.0, 0.369009, 0.929425, -0.0, 0.0, 0.0, 0.0, 1.0]
            ]
        },
        {
            "name": "Tool_R",
            "time": [0.0, 0.6],
            "transform": [
                [1.0, -0.0, 0.0, -0.0, -0.0, -0.999559, -0.029689, 0.271711, 0.0, 0.029689, -0.99956, -0.028915, 0.0, 0.0, 0.0, 1.0],
                [1.0, 0.0, 0.0, -0.0, -0.0, -0.999559, -0.029689, 0.271711, 0.0, 0.029689, -0.99956, -0.028915, 0.0, 0.0, 0.0, 1.0]
            ]
        },
        {
            "name": "Elbow_R",
            "time": [0.0, 0.6],
            "transform": [
                [-1.0, 0.0, -0.0, 0.0, 0.0, 0.003946, -0.999992, 0.405405, -0.0, -0.999992, -0.003946, -0.000836, 0.0, 0.0, 0.0, 1.0],
                [-1.0, 0.0, -0.0, 0.0, -0.0, 0.003946, -0.999992, 0.334615, -0.0, -0.999992, -0.003946, -0.001116, 0.0, 0.0, 0.0, 1.0]
            ]
        },
        {
            "name": "Shoulder_L",
            "time": [0.0, 0.4, 0.6],
            "transform": [
                [-0.0, -0.952114, -0.305743, 8.9e-05, 0.0, -0.305743, 0.952114, 0.511173, -1.0, 0.0, 0.0, 0.001871, 0.0, 0.0, 0.0, 1.0],
                [-0.0, -0.952114, -0.305743, 8.9e-05, 0.0, -0.305743, 0.952114, 0.511173, -1.0, 0.0, 0.0, 0.001871, 0.0, 0.0, 0.0, 1.0],
                [-0.0, -0.952114, -0.305743, 8.9e-05, 0.0, -0.305743, 0.952114, 0.511173, -1.0, 0.0, 0.0, 0.001871, 0.0, 0.0, 0.0, 1.0]
            ]
        },
        {
            "name": "Arm_L",
            "time": [0.0, 0.2333, 0.3167, 0.4, 0.6],
            "transform": [
                [0.641479, -0.438437, 0.629505, 0.0, 0.765628, 0.417389, -0.489489, 0.39386, -0.048138, 0.795965, 0.603426, -0.0, 0.0, 0.0, 0.0, 1.0],
                [0.909863, 0.410422, 0.06084, 0.0, -0.252201, 0.663517, -0.704372, 0.39386, -0.329458, 0.625539, 0.707218, 0.0, 0.0, 0.0, 0.0, 1.0],
                [0.836815, 0.44816, -0.314472, 0.0, -0.404469, 0.118947, -0.906784, 0.39386, -0.368979, 0.886005, 0.280803, -0.0, 0.0, 0.0, 0.0, 1.0],
                [0.844647, 0.404111, -0.351093, 0.0, -0.395669, 0.029512, -0.917918, 0.39386, -0.360579, 0.914234, 0.184822, 0.0, 0.0, 0.0, 0.0, 1.0],
                [0.844647, 0.404111, -0.351093, 0.0, -0.395669, 0.029512, -0.917918, 0.39386, -0.360579, 0.914234, 0.184822, 0.0, 0.0, 0.0, 0.0, 1.0]
            ]
        },
        {
            "name": "Hand_L",
            "time": [0.0, 0.2333, 0.3167, 0.4, 0.6],
            "transform": [
                [1.0, 0.0, 0.0, -0.0, -0.0, -0.124884, -0.992172, 0.300003, -0.0, 0.992172, -0.124884, -0.0, 0.0, 0.0, 0.0, 1.0],
                [1.0, 3e-06, -1e-06, 0.0, -3e-06, 0.487844, -0.872931, 0.300003, -1e-06, 0.872931, 0.487844, 0.0, 0.0, 0.0, 0.0, 1.0],
                [1.0, 1e-06, -0.0, -0.0, -1e-06, 0.968437, -0.249262, 0.300003, -0.0, 0.249262, 0.968436, 0.0, 0.0, 0.0, 0.0, 1.0],
                [1.0, 1e-06, -0.0, -0.0, -1e-06, 0.938721, -0.34468, 0.300003, -0.0, 0.34468, 0.938721, -0.0, 0.0, 0.0, 0.0, 1.0],
                [1.0, 1e-06, -0.0, -0.0, -1e-06, 0.938721, -0.34468, 0.300003, -0.0, 0.34468, 0.938721, -0.0, 0.0, 0.0, 0.0, 1.0]
            ]
        },
        {
            "name": "Tool_L",
            "time": [0.0, 0.6],
            "transform": [
                [1.0, 0.0, 0.0, 0.0, 0.0, -0.999559, -0.029689, 0.271711, 0.0, 0.029689, -0.99956, -0.028915, 0.0, 0.0, 0.0, 1.0],
                [1.0, -0.0, 0.0, -0.0, 0.0, -0.999559, -0.029689, 0.271711, 0.0, 0.029689, -0.999559, -0.028915, 0.0, 0.0, 0.0, 1.0]
            ]
        },
        {
            "name": "Elbow_L",
            "time": [0.0, 0.6],
            "transform": [
                [-1.0, 0.0, -0.0, -0.0, 0.0, 0.003946, -0.999992, 0.447206, -0.0, -0.999993, -0.003946, -0.000672, 0.0, 0.0, 0.0, 1.0],
                [-1.0, 0.0, -0.0, -0.0, 0.0, 0.003946, -0.999992, 0.332175, -0.0, -0.999993, -0.003946, -0.001125, 0.0, 0.0, 0.0, 1.0]
            ]
        }
    ]
}