{
    "animation": [
        {
            "name": "Coord",
            "time": [0.0, 0.5833, 0.75],
            "transform": [
                [0.707107, 0.0, 0.707107, 0.305809, 0.707107, 0.0, -0.707107, -0.273202, 0.0, 1.0, 0.0, -1.686245, 0.0, 0.0, 0.0, 1.0],
                [-0.0, 0.0, 1.0, 0.301452, 1.0, 0.0, 0.0, 0.500047, 0.0, 1.0, 0.0, -1.686245, 0.0, 0.0, 0.0, 1.0],
                [-0.0, 0.0, 1.0, 0.301452, 1.0, 0.0, 0.0, 0.500047, 0.0, 1.0, 0.0, -1.686245, 0.0, 0.0, 0.0, 1.0]
            ]
        },
        {
            "name": "Root",
            "time": [0.0, 0.1667, 0.3167, 0.5833, 0.75],
            "transform": [
                [0.999942, 0.0, 0.010809, 0.0, 0.0, 1.0, 0.0, 0.76301, -0.010809, 0.0, 0.999942, -0.250944, 0.0, 0.0, 0.0, 1.0],
                [0.981686, 0.031508, 0.18788, 0.170062, -0.037429, 0.998906, 0.028049, 0.758755, -0.186791, -0.034568, 0.981791, -0.042156, 0.0, 0.0, 0.0, 1.0],
                [0.942175, -0.004051, 0.335096, 0.279864, -0.012203, 0.998849, 0.046387, 0.714272, -0.334898, -0.047794, 0.941041, -0.048853, 0.0, 0.0, 0.0, 1.0],
                [0.999942, -0.0, 0.010809, 0.0, 0.0, 1.0, -1e-06, 0.528511, -0.010809, 1e-06, 0.999942, -0.156225, 0.0, 0.0, 0.0, 1.0],
                [0.999942, -0.0, 0.010809, 0.0, 0.0, 1.0, -1e-06, 0.528511, -0.010809, 1e-06, 0.999942, -0.156225, 0.0, 0.0, 0.0, 1.0]
            ]
        },
        {
            "name": "Thigh_R",
            "time": [0.0, 0.2, 0.3667, 0.4833, 0.6, 0.75],
            "transform": [
                [0.999461, 0.025219, 0.020984, 0.124994, 0.025061, -0.999653, 0.007783, -0.002831, 0.021173, -0.007253, -0.99975, -1.2e-05, 0.0, 0.0, 0.0, 1.0],
                [0.936826, -0.283761, 0.204537, 0.124994, -0.311515, -0.942776, 0.118861, -0.002831, 0.159105, -0.175068, -0.971616, -1.2e-05, 0.0, 0.0, 0.0, 1.0],
                [0.986307, -0.160209, 0.039126, 0.124994, -0.153865, -0.979322, -0.131336, -0.00283, 0.059358, 0.123518, -0.990566, -1.2e-05, 0.0, 0.0, 0.0, 1.0],
                [0.986996, 0.136765, -0.084458, 0.124994, 0.13232, -0.989611, -0.056182, -0.002831, -0.091264, 0.044276, -0.994842, -1.2e-05, 0.0, 0.0, 0.0, 1.0],
                [0.999406, 0.034451, -0.000954, 0.124994, 0.03441, -0.995902, 0.083609, -0.00283, 0.001931, -0.083592, -0.996499, -1.2e-05, 0.0, 0.0, 0.0, 1.0],
                [0.999509, 0.019786, 0.024296, 0.124994, 0.018714, -0.998872, 0.043583, -0.002831, 0.025131, -0.043107, -0.998755, -1.2e-05, 0.0, 0.0, 0.0, 1.0]
            ]
        },
        {
            "name": "Leg_R",
            "time": [0.0, 0.2, 0.3667, 0.4833, 0.6, 0.75],
            "transform": [
                [1.0, -0.0, 1e-06, -0.0, -0.0, 0.999993, 0.00468, 0.374726, -1e-06, -0.00468, 0.999985, 0.0, 0.0, 0.0, 0.0, 1.0],
                [1.0, -0.0, 1e-06, -0.0, -0.0, 0.878494, 0.477757, 0.374726, -1e-06, -0.477761, 0.878488, 0.0, 0.0, 0.0, 0.0, 1.0],
                [1.0, -0.0, 1e-06, 0.0, -0.0, 0.989718, 0.14306, 0.374726, -1e-06, -0.143062, 0.98971, -0.0, 0.0, 0.0, 0.0, 1.0],
                [1.0, -0.0, 1e-06, 0.0, -0.0, 0.996877, 0.079019, 0.374726, -1e-06, -0.07902, 0.996869, -0.0, 0.0, 0.0, 0.0, 1.0],
                [1.0, -0.0, 1e-06, -0.0, -0.0, 0.988927, 0.148427, 0.374726, -1e-06, -0.148428, 0.98892, 0.0, 0.0, 0.0, 0.0, 1.0],
                [1.0, -0.0, 1e-06, -0.0, -0.0, 0.984913, 0.173069, 0.374726, -1e-06, -0.17307, 0.984906, -0.0, 0.0, 0.0, 0.0, 1.0]
            ]
        },
        {
            "name": "Knee_R",
            "time": [0.0, 0.75],
            "transform": [
                [1.0, 0.0, -0.0, 0.0, -0.0, 0.00567, -0.999984, 0.374726, -0.0, 0.999984, 0.00567, 0.0, 0.0, 0.0, 0.0, 1.0],
                [1.0, 0.0, -0.0, 0.0, -0.0, 0.00567, -0.999984, 0.374726, -0.0, 0.999984, 0.00567, 0.0, 0.0, 0.0, 0.0, 1.0]
            ]
        },
        {
            "name": "Thigh_L",
            "time": [0.0, 0.2, 0.3667, 0.4833, 0.6, 0.75],
            "transform": [
                [0.999798, -0.018659, -0.007432, -0.125006, -0.018634, -0.99982, 0.003434, -0.002831, -0.007495, -0.003295, -0.999966, -1.2e-05, 0.0, 0.0, 0.0, 1.0],
                [0.933511, -0.296226, 0.202005, -0.125006, -0.327095, -0.934348, 0.141425, -0.002831, 0.146849, -0.198097, -0.969119, -1.2e-05, 0.0, 0.0, 0.0, 1.0],
                [0.983708, -0.162137, 0.077646, -0.125006, -0.170302, -0.978814, 0.113662, -0.00283, 0.057572, -0.125034, -0.99048, -1.2e-05, 0.0, 0.0, 0.0, 1.0],
                [0.989645, 0.089201, -0.112455, -0.125006, 0.097208, -0.992949, 0.067836, -0.002831, -0.105611, -0.078065, -0.991338, -1.2e-05, 0.0, 0.0, 0.0, 1.0],
                [0.999604, -0.011262, -0.025791, -0.125006, -0.009385, -0.997377, 0.071767, -0.00283, -0.026532, -0.071496, -0.997088, -1.2e-05, 0.0, 0.0, 0.0, 1.0],
                [0.999863, -0.012574, -0.010774, -0.125006, -0.011607, -0.996263, 0.085579, -0.002831, -0.011809, -0.085442, -0.996273, -1.2e-05, 0.0, 0.0, 0.0, 1.0]
            ]
        },
        {
            "name": "Leg_L",
            "time": [0.0, 0.2, 0.3667, 0.4833, 0.6, 0.75],
            "transform": [
                [1.0, 0.0, 1e-06, 0.0, -0.0, 0.99999, 0.004681, 0.374726, -1e-06, -0.004681, 0.999989, -0.0, 0.0, 0.0, 0.0, 1.0],
                [1.0, -0.0, 1e-06, 0.0, -0.0, 0.920374, 0.39104, 0.374726, -1e-06, -0.391041, 0.920373, -0.0, 0.0, 0.0, 0.0, 1.0],
                [1.0, -0.0, 1e-06, 0.0, -0.0, 0.925067, 0.379805, 0.374726, -1e-06, -0.379806, 0.925066, -0.0, 0.0, 0.0, 0.0, 1.0],
                [1.0, -0.0, 1e-06, 0.0, -0.0, 0.971249, 0.23807, 0.374726, -1e-06, -0.23807, 0.971248, 0.0, 0.0, 0.0, 0.0, 1.0],
                [1.0, -0.0, 1e-06, 0.0, -0.0, 0.991207, 0.132327, 0.374726, -1e-06, -0.132327, 0.991206, 0.0, 0.0, 0.0, 0.0, 1.0],
                [1.0, -0.0, 1e-06, -0.0, -0.0, 0.985294, 0.170875, 0.374726, -1e-06, -0.170875, 0.985293, 0.0, 0.0, 0.0, 0.0, 1.0]
            ]
        },
        {
            "name": "Knee_L",
            "time": [0.0, 0.75],
            "transform": [
                [1.0, 0.0, -0.0, -0.0, -0.0, 0.00567, -0.999984, 0.374726, -0.0, 0.999984, 0.00567, 0.0, 0.0, 0.0, 0.0, 1.0],
                [1.0, 0.0, -0.0, -0.0, -0.0, 0.00567, -0.999984, 0.374726, -0.0, 0.999984, 0.00567, 0.0, 0.0, 0.0, 0.0, 1.0]
            ]
        },
        {
            "name": "Torso",
            "time": [0.0, 0.5833, 0.75],
            "transform": [
                [1.0, 0.0, 0.0, 0.0, 0.0, 1.0, -0.000689, 0.05, 0.0, 0.000689, 1.0, 0.0, 0.0, 0.0, 0.0, 1.0],
                [1.0, 0.0, -0.0, -0.0, -0.0, 1.0, -0.000689, 0.05, -0.0, 0.000689, 1.0, -0.0, 0.0, 0.0, 0.0, 1.0],
                [1.0, 0.0, -0.0, -0.0, -0.0, 1.0, -0.000689, 0.05, -0.0, 0.000689, 1.0, -0.0, 0.0, 0.0, 0.0, 1.0]
            ]
        },
        {
            "name": "Chest",
            "time": [0.0, 0.3167, 0.5833, 0.75],
            "transform": [
                [0.999846, -0.002503, -0.017346, 0.0, -0.000429, 0.985958, -0.166994, 0.3, 0.017521, 0.166976, 0.985805, 0.0, 0.0, 0.0, 0.0, 1.0],
                [0.997768, -0.060892, -0.027404, 0.0, 0.063748, 0.990787, 0.119487, 0.3, 0.019875, -0.120967, 0.992457, -0.0, 0.0, 0.0, 0.0, 1.0],
                [0.999846, -0.002503, -0.017346, -0.0, -0.000429, 0.985958, -0.166994, 0.3, 0.017521, 0.166976, 0.985805, -0.0, 0.0, 0.0, 0.0, 1.0],
                [0.999846, -0.002503, -0.017346, -0.0, -0.000429, 0.985958, -0.166994, 0.3, 0.017521, 0.166976, 0.985805, -0.0, 0.0, 0.0, 0.0, 1.0]
            ]
        },
        {
            "name": "Head",
            "time": [0.0, 0.3167, 0.5833, 0.75],
            "transform": [
                [0.999928, -0.009919, 0.006807, -0.0, 0.008689, 0.986829, 0.16153, 0.4, -0.008319, -0.16146, 0.986844, 0.0, 0.0, 0.0, 0.0, 1.0],
                [0.999833, -0.012983, 0.012888, 0.0, 0.015516, 0.975043, -0.221471, 0.4, -0.009691, 0.221634, 0.975082, -0.0, 0.0, 0.0, 0.0, 1.0],
                [0.999928, -0.009919, 0.006807, -0.0, 0.008689, 0.986829, 0.16153, 0.4, -0.008319, -0.16146, 0.986844, -0.0, 0.0, 0.0, 0.0, 1.0],
                [0.999928, -0.009919, 0.006807, -0.0, 0.008689, 0.986829, 0.16153, 0.4, -0.008319, -0.16146, 0.986844, -0.0, 0.0, 0.0, 0.0, 1.0]
            ]
        },
        {
            "name": "Shoulder_R",
            "time": [0.0, 0.5833, 0.75],
            "transform": [
                [0.0, 0.952114, 0.305743, -0.001009, 0.0, -0.305743, 0.952114, 0.483726, 1.0, 0.0, -0.0, -0.159503, 0.0, 0.0, 0.0, 1.0],
                [0.0, 0.952114, 0.305743, 8.9e-05, 0.0, -0.305743, 0.952114, 0.511173, 1.0, -0.0, -0.0, 0.001871, 0.0, 0.0, 0.0, 1.0],
                [0.0, 0.952114, 0.305743, 8.9e-05, 0.0, -0.305743, 0.952114, 0.511173, 1.0, -0.0, -0.0, 0.001871, 0.0, 0.0, 0.0, 1.0]
            ]
        },
        {
            "name": "Arm_R",
            "time": [0.0, 0.0833, 0.1667, 0.3167, 0.4, 0.4833, 0.5833, 0.75],
            "transform": [
                [0.365077, -0.928484, 0.068094, 0.0, 0.437439, 0.106513, -0.892918, 0.39386, 0.821807, 0.355771, 0.445041, -0.0, 0.0, 0.0, 0.0, 1.0],
                [0.284552, -0.828012, 0.483143, 0.0, 0.470154, -0.318673, -0.823045, 0.393861, 0.835455, 0.461351, 0.298614, 0.0, 0.0, 0.0, 0.0, 1.0],
                [0.409488, -0.706146, 0.577648, -0.0, 0.371861, -0.448994, -0.81248, 0.39386, 0.83309, 0.547506, 0.078731, -0.0, 0.0, 0.0, 0.0, 1.0],
                [0.925617, -0.378078, 0.017061, 0.0, -0.095066, -0.275903, -0.956473, 0.393861, 0.366328, 0.883705, -0.291323, 0.0, 0.0, 0.0, 0.0, 1.0],
                [0.853651, 0.164955, -0.494034, 0.0, -0.50824, 0.056396, -0.859367, 0.39386, -0.113895, 0.984688, 0.131979, 0.0, 0.0, 0.0, 0.0, 1.0],
                [0.907012, -0.245011, -0.34249, -0.0, -0.273425, 0.275892, -0.921479, 0.39386, 0.320262, 0.929437, 0.183245, 0.0, 0.0, 0.0, 0.0, 1.0],
                [0.868499, -0.486998, -0.092424, 0.0, -0.103543, 0.004107, -0.994617, 0.39386, 0.484756, 0.873394, -0.046859, 0.0, 0.0, 0.0, 0.0, 1.0],
                [0.868499, -0.486998, -0.092424, 0.0, -0.103543, 0.004107, -0.994617, 0.39386, 0.484756, 0.873394, -0.046859, 0.0, 0.0, 0.0, 0.0, 1.0]
            ]
        },
        {
            "name": "Hand_R",
            "time": [0.0, 0.0833, 0.1667, 0.3167, 0.4, 0.4833, 0.5833, 0.75],
            "transform": [
                [0.999999, -2e-06, 1e-06, -0.0, 2e-06, 0.723623, -0.690195, 0.300003, 1e-06, 0.690195, 0.723623, 0.0, 0.0, 0.0, 0.0, 1.0],
                [0.999999, -0.0, 0.0, 0.0, 0.0, 0.999999, -0.000993, 0.300003, -0.0, 0.000993, 0.999999, -0.0, 0.0, 0.0, 0.0, 1.0],
                [0.999999, 0.0, 0.0, 0.0, -0.0, 0.999999, -0.000993, 0.300003, -0.0, 0.000993, 0.999999, 0.0, 0.0, 0.0, 0.0, 1.0],
                [0.999999, 0.0, -0.0, -0.0, -0.0, 0.681564, -0.731759, 0.300003, -0.0, 0.731759, 0.681563, -0.0, 0.0, 0.0, 0.0, 1.0],
                [0.999999, -1e-05, 8e-06, 0.0, 1e-05, 0.244359, -0.969685, 0.300003, 8e-06, 0.969685, 0.244359, -0.0, 0.0, 0.0, 0.0, 1.0],
                [0.999999, -4e-06, 3e-06, 0.0, 4e-06, 0.519501, -0.854469, 0.300003, 2e-06, 0.854469, 0.519501, 0.0, 0.0, 0.0, 0.0, 1.0],
                [0.999999, -2e-06, 0.0, -0.0, 2e-06, 0.952537, -0.304421, 0.300003, 0.0, 0.304421, 0.952537, -0.0, 0.0, 0.0, 0.0, 1.0],
                [0.999999, -2e-06, 0.0, -0.0, 2e-06, 0.952537, -0.304421, 0.300003, 0.0, 0.304421, 0.952537, -0.0, 0.0, 0.0, 0.0, 1.0]
            ]
        },
        {
            "name": "Tool_R",
            "time": [0.0, 0.75],
            "transform": [
                [1.0, -0.0, 0.0, -0.0, -0.0, -0.999559, -0.029689, 0.271711, 0.0, 0.029689, -0.99956, -0.028915, 0.0, 0.0, 0.0, 1.0],
                [1.0, -0.0, 0.0, 0.0, 0.0, -0.999559, -0.029689, 0.271711, 0.0, 0.029689, -0.99956, -0.028915, 0.0, 0.0, 0.0, 1.0]
            ]
        },
        {
            "name": "Elbow_R",
            "time": [0.0, 0.75],
            "transform": [
                [-1.0, 0.0, -0.0, -0.0, -0.0, 0.003946, -0.999992, 0.370583, -0.0, -0.999992, -0.003946, -0.000974, 0.0, 0.0, 0.0, 1.0],
                [-1.0, 0.0, 0.0, -0.0, 0.0, 0.003946, -0.999992, 0.328186, -0.0, -0.999992, -0.003946, -0.001141, 0.0, 0.0, 0.0, 1.0]
            ]
        },
        {
            "name": "Shoulder_L",
            "time": [0.0, 0.5833, 0.75],
            "transform": [
                [0.0, -0.952114, -0.305743, -0.001009, 0.0, -0.305743, 0.952114, 0.483726, -1.0, 0.0, 0.0, -0.159503, 0.0, 0.0, 0.0, 1.0],
                [-0.0, -0.952114, -0.305743, 8.9e-05, 0.0, -0.305743, 0.952114, 0.511173, -1.0, -0.0, 0.0, 0.001871, 0.0, 0.0, 0.0, 1.0],
                [-0.0, -0.952114, -0.305743, 8.9e-05, 0.0, -0.305743, 0.952114, 0.511173, -1.0, -0.0, 0.0, 0.001871, 0.0, 0.0, 0.0, 1.0]
            ]
        },
        {
            "name": "Arm_L",
            "time": [0.0, 0.0833, 0.1667, 0.3167, 0.5833, 0.75],
            "transform": [
                [0.407146, 0.912191, -0.04625, 0.0, -0.425352, 0.144553, -0.893409, 0.39386, -0.808274, 0.383421, 0.446856, 0.0, 0.0, 0.0, 0.0, 1.0],
                [0.495006, 0.864395, 0.088267, 0.0, -0.307509, 0.269293, -0.912644, 0.39386, -0.812654, 0.424621, 0.39911, 0.0, 0.0, 0.0, 0.0, 1.0],
                [0.849575, 0.161675, 0.502078, -0.0, 0.523531, -0.142401, -0.840022, 0.39386, -0.064314, 0.976516, -0.205622, 0.0, 0.0, 0.0, 0.0, 1.0],
                [0.958965, 0.269181, 0.089033, -0.0, -0.019581, 0.376154, -0.92635, 0.39386, -0.282846, 0.886595, 0.365989, 0.0, 0.0, 0.0, 0.0, 1.0],
                [0.879342, 0.465472, 0.100463, -0.0, 0.141943, -0.054833, -0.988355, 0.39386, -0.454542, 0.883362, -0.114288, -0.0, 0.0, 0.0, 0.0, 1.0],
                [0.879342, 0.465472, 0.100463, -0.0, 0.141943, -0.054833, -0.988355, 0.39386, -0.454542, 0.883362, -0.114288, -0.0, 0.0, 0.0, 0.0, 1.0]
            ]
        },
        {
            "name": "Hand_L",
            "time": [0.0, 0.0833, 0.1667, 0.3167, 0.5833, 0.75],
            "transform": [
                [1.0, -2e-06, 1e-06, -0.0, 2e-06, 0.701618, -0.712554, 0.300002, 1e-06, 0.712554, 0.701618, 0.0, 0.0, 0.0, 0.0, 1.0],
                [1.0, 6e-06, -4e-06, 0.0, -6e-06, 0.426151, -0.904652, 0.300003, -4e-06, 0.904653, 0.426151, -0.0, 0.0, 0.0, 0.0, 1.0],
                [1.0, 3e-06, -3e-06, 0.0, -3e-06, 0.059033, -0.998256, 0.300003, -3e-06, 0.998257, 0.059033, 0.0, 0.0, 0.0, 0.0, 1.0],
                [1.0, -7e-06, 6e-06, 0.0, 7e-06, 0.142105, -0.989852, 0.300003, 6e-06, 0.989852, 0.142105, -0.0, 0.0, 0.0, 0.0, 1.0],
                [1.0, 0.0, 0.0, 0.0, 0.0, 0.989567, -0.144077, 0.300003, -0.0, 0.144077, 0.989567, 0.0, 0.0, 0.0, 0.0, 1.0],
                [1.0, 0.0, 0.0, 0.0, 0.0, 0.989567, -0.144077, 0.300003, -0.0, 0.144077, 0.989567, 0.0, 0.0, 0.0, 0.0, 1.0]
            ]
        },
        {
            "name": "Tool_L",
            "time": [0.0, 0.75],
            "transform": [
                [1.0, -0.0, 0.0, -0.0, 0.0, -0.999559, -0.029689, 0.271711, 0.0, 0.029689, -0.99956, -0.028915, 0.0, 0.0, 0.0, 1.0],
                [1.0, 0.0, 0.0, 0.0, 0.0, -0.999559, -0.029689, 0.271711, 0.0, 0.029689, -0.99956, -0.028915, 0.0, 0.0, 0.0, 1.0]
            ]
        },
        {
            "name": "Elbow_L",
            "time": [0.0, 0.75],
            "transform": [
                [-1.0, 0.0, -0.0, -0.0, 0.0, 0.003946, -0.999992, 0.373522, -0.0, -0.999993, -0.003946, -0.000962, 0.0, 0.0, 0.0, 1.0],
                [-1.0, 0.0, -0.0, -0.0, 0.0, 0.003946, -0.999992, 0.312747, -0.0, -0.999993, -0.003946, -0.001202, 0.0, 0.0, 0.0, 1.0]
            ]
        }
    ]
}