{
    "animation": [
        {
            "name": "Coord",
            "time": [0.0, 0.4, 0.6],
            "transform": [
                [1.0, 0.0, 0.0, 0.282937, 0.0, 0.0, -1.0, -0.984557, 0.0, 1.0, 0.0, -1.68595, 0.0, 0.0, 0.0, 1.0],
                [1.0, 0.0, 0.0, -0.000154, 0.0, 0.0, -1.0, -0.970435, 0.0, 1.0, 0.0, -1.685946, 0.0, 0.0, 0.0, 1.0],
                [1.0, 0.0, 0.0, 0.004359, 0.0, 0.0, -1.0, -0.977242, 0.0, 1.0, 0.0, -1.685946, 0.0, 0.0, 0.0, 1.0]
            ]
        },
        {
            "name": "Root",
            "time": [0.0, 0.05, 0.1833, 0.3, 0.4, 0.6],
            "transform": [
                [0.158257, -0.083803, -0.983835, -0.026018, -0.077002, 0.99231, -0.096911, 0.853691, 0.984391, 0.091095, 0.150587, -0.027437, 0.0, 0.0, 0.0, 1.0],
                [0.233468, -0.120313, -0.964892, 0.038052, -0.109826, 0.982703, -0.149107, 0.899031, 0.966142, 0.140782, 0.216217, -0.040683, 0.0, 0.0, 0.0, 1.0],
                [0.468773, -0.155234, -0.869572, 0.034815, 0.059642, 0.987753, -0.144179, 0.891134, 0.881303, 0.015725, 0.47229, -0.026372, 0.0, 0.0, 0.0, 1.0],
                [0.707107, 0.0, -0.707107, 0.0, 0.0, 1.0, 0.0, 0.76301, 0.707107, 0.0, 0.707107, -0.000944, 0.0, 0.0, 0.0, 1.0],
                [0.739709, 0.0, -0.672927, 0.0, 0.0, 1.0, 0.0, 0.777763, 0.672927, 0.0, 0.739709, -0.000944, 0.0, 0.0, 0.0, 1.0],
                [0.714708, 0.0, -0.699423, 0.0, 0.0, 1.0, 0.0, 0.76301, 0.699423, 0.0, 0.714708, -0.000944, 0.0, 0.0, 0.0, 1.0]
            ]
        },
        {
            "name": "Thigh_R",
            "time": [0.0, 0.05, 0.1833, 0.4, 0.6],
            "transform": [
                [0.988592, 0.105027, 0.107956, 0.124994, 0.10399, -0.99446, 0.015206, -0.002831, 0.108956, -0.003806, -0.99404, -1.2e-05, 0.0, 0.0, 0.0, 1.0],
                [0.977936, 0.144505, 0.150862, 0.124994, 0.1429, -0.989502, 0.021486, -0.002831, 0.152383, 0.000547, -0.988322, -1.2e-05, 0.0, 0.0, 0.0, 1.0],
                [0.946297, 0.054843, 0.318612, 0.124994, 0.034117, -0.996942, 0.070276, -0.002831, 0.321492, -0.055632, -0.945277, -1.2e-05, 0.0, 0.0, 0.0, 1.0],
                [0.999659, 0.024245, 0.009667, 0.124994, 0.024168, -0.999673, 0.008038, -0.002831, 0.009859, -0.007801, -0.999921, -1.2e-05, 0.0, 0.0, 0.0, 1.0],
                [0.99946, 0.025206, 0.021081, 0.124994, 0.025087, -0.999666, 0.00589, -0.002831, 0.021223, -0.005358, -0.999761, -1.2e-05, 0.0, 0.0, 0.0, 1.0]
            ]
        },
        {
            "name": "Leg_R",
            "time": [0.0, 0.05, 0.1833, 0.4, 0.6],
            "transform": [
                [1.0, -0.0, 1e-06, -0.0, -0.0, 0.996096, 0.088316, 0.374726, -1e-06, -0.088317, 0.996089, 0.0, 0.0, 0.0, 0.0, 1.0],
                [1.0, -0.0, 1e-06, 0.0, -0.0, 0.991527, 0.12993, 0.374726, -1e-06, -0.129931, 0.99152, -0.0, 0.0, 0.0, 0.0, 1.0],
                [1.0, -0.0, 1e-06, 0.0, -0.0, 0.875566, 0.483102, 0.374726, -1e-06, -0.483106, 0.87556, 0.0, 0.0, 0.0, 0.0, 1.0],
                [1.0, -0.0, 1e-06, -0.0, 0.0, 0.999993, 0.00468, 0.374726, -1e-06, -0.00468, 0.999985, 0.0, 0.0, 0.0, 0.0, 1.0],
                [1.0, -0.0, 1e-06, 0.0, 0.0, 0.999993, 0.00468, 0.374726, -1e-06, -0.00468, 0.999985, -0.0, 0.0, 0.0, 0.0, 1.0]
            ]
        },
        {
            "name": "Knee_R",
            "time": [0.0, 0.6],
            "transform": [
                [1.0, 0.0, -0.0, 0.0, -0.0, 0.00567, -0.999984, 0.374726, -0.0, 0.999984, 0.00567, 0.0, 0.0, 0.0, 0.0, 1.0],
                [1.0, -0.0, -0.0, 0.0, -0.0, 0.00567, -0.999984, 0.374726, -0.0, 0.999984, 0.00567, -0.0, 0.0, 0.0, 0.0, 1.0]
            ]
        },
        {
            "name": "Thigh_L",
            "time": [0.0, 0.05, 0.1833, 0.4, 0.6],
            "transform": [
                [0.99333, 0.068554, 0.092709, -0.125006, 0.058424, -0.992445, 0.107884, -0.002831, 0.099405, -0.101748, -0.989831, -1.2e-05, 0.0, 0.0, 0.0, 1.0],
                [0.983568, 0.115458, 0.138794, -0.125006, 0.092406, -0.982391, 0.162379, -0.002831, 0.155098, -0.146885, -0.976918, -1.2e-05, 0.0, 0.0, 0.0, 1.0],
                [0.948475, 0.094868, 0.302315, -0.125006, 0.002889, -0.956673, 0.291147, -0.002831, 0.316837, -0.275273, -0.907655, -1.2e-05, 0.0, 0.0, 0.0, 1.0],
                [0.999629, -0.01958, -0.018932, -0.125006, -0.019581, -0.999808, 0.000137, -0.002831, -0.018931, 0.000234, -0.99982, -1.2e-05, 0.0, 0.0, 0.0, 1.0],
                [0.999797, -0.018685, -0.00755, -0.125006, -0.018674, -0.999824, 0.001541, -0.002831, -0.007578, -0.0014, -0.99997, -1.2e-05, 0.0, 0.0, 0.0, 1.0]
            ]
        },
        {
            "name": "Leg_L",
            "time": [0.0, 0.05, 0.1833, 0.4, 0.6],
            "transform": [
                [1.0, -0.0, 1e-06, -0.0, -0.0, 0.9843, 0.176508, 0.374726, -1e-06, -0.176508, 0.984299, -0.0, 0.0, 0.0, 0.0, 1.0],
                [1.0, -0.0, 1e-06, 0.0, -0.0, 0.965424, 0.260688, 0.374726, -1e-06, -0.260688, 0.965423, -0.0, 0.0, 0.0, 0.0, 1.0],
                [1.0, -1e-06, 1e-06, 0.0, -0.0, 0.661452, 0.749988, 0.374726, -1e-06, -0.749989, 0.661451, 0.0, 0.0, 0.0, 0.0, 1.0],
                [1.0, -0.0, 1e-06, -0.0, 0.0, 0.99999, 0.004681, 0.374726, -1e-06, -0.004681, 0.999989, 0.0, 0.0, 0.0, 0.0, 1.0],
                [1.0, -0.0, 1e-06, -0.0, 0.0, 0.99999, 0.004681, 0.374726, -1e-06, -0.004681, 0.999989, 0.0, 0.0, 0.0, 0.0, 1.0]
            ]
        },
        {
            "name": "Knee_L",
            "time": [0.0, 0.6],
            "transform": [
                [1.0, 0.0, -0.0, -0.0, -0.0, 0.00567, -0.999984, 0.374726, -0.0, 0.999984, 0.00567, 0.0, 0.0, 0.0, 0.0, 1.0],
                [1.0, 0.0, -0.0, -0.0, -0.0, 0.00567, -0.999984, 0.374726, -0.0, 0.999984, 0.00567, -0.0, 0.0, 0.0, 0.0, 1.0]
            ]
        },
        {
            "name": "Torso",
            "time": [0.0, 0.6],
            "transform": [
                [1.0, 0.0, 0.0, 0.0, 0.0, 1.0, 0.0, 0.05, 0.0, 0.0, 1.0, 0.0, 0.0, 0.0, 0.0, 1.0],
                [1.0, -0.0, 0.0, 0.0, 0.0, 1.0, -0.000689, 0.05, 0.0, 0.000689, 1.0, -0.0, 0.0, 0.0, 0.0, 1.0]
            ]
        },
        {
            "name": "Chest",
            "time": [0.0, 0.1833, 0.4, 0.6],
            "transform": [
                [0.998274, 0.057875, -0.009947, 0.0, -0.057349, 0.997256, 0.046814, 0.3, 0.012629, -0.046162, 0.998854, -0.0, 0.0, 0.0, 0.0, 1.0],
                [0.862392, 0.187365, 0.470292, 0.0, -0.073257, 0.965398, -0.250282, 0.3, -0.500912, 0.181389, 0.846277, -0.0, 0.0, 0.0, 0.0, 1.0],
                [0.993179, 0.06217, 0.098644, 0.0, -0.041151, 0.97845, -0.202341, 0.3, -0.109098, 0.196902, 0.974334, -0.0, 0.0, 0.0, 0.0, 1.0],
                [0.999846, -0.002503, -0.017346, 0.0, -0.000429, 0.985958, -0.166994, 0.3, 0.017521, 0.166976, 0.985805, 0.0, 0.0, 0.0, 0.0, 1.0]
            ]
        },
        {
            "name": "Head",
            "time": [0.0, 0.05, 0.1833, 0.3, 0.4, 0.6],
            "transform": [
                [0.99572, -0.084544, 0.037341, -0.0, 0.08254, 0.995214, 0.052302, 0.4, -0.041585, -0.048996, 0.997933, -0.0, 0.0, 0.0, 0.0, 1.0],
                [0.991184, -0.120267, 0.055594, -0.0, 0.120545, 0.992706, -0.001674, 0.4, -0.054988, 0.008361, 0.998452, -0.0, 0.0, 0.0, 0.0, 1.0],
                [0.943338, -0.019661, -0.331251, -0.0, 0.024066, 0.999668, 0.009203, 0.4, 0.33096, -0.016653, 0.943498, 0.0, 0.0, 0.0, 0.0, 1.0],
                [0.983245, -0.039958, -0.177856, -0.0, 0.056931, 0.994188, 0.091374, 0.4, 0.173171, -0.099969, 0.979805, -0.0, 0.0, 0.0, 0.0, 1.0],
                [0.979117, -0.028643, -0.201271, -0.0, 0.052019, 0.992365, 0.11183, 0.4, 0.196531, -0.119965, 0.973131, -0.0, 0.0, 0.0, 0.0, 1.0],
                [0.999928, -0.009919, 0.006807, -0.0, 0.008689, 0.986829, 0.16153, 0.4, -0.008319, -0.16146, 0.986844, 0.0, 0.0, 0.0, 0.0, 1.0]
            ]
        },
        {
            "name": "Shoulder_R",
            "time": [0.0, 0.6],
            "transform": [
                [0.0, 0.952114, 0.305743, -0.059392, 0.0, -0.305743, 0.952114, 0.528804, 1.0, 0.0, -0.0, -0.000723, 0.0, 0.0, 0.0, 1.0],
                [0.0, 0.952114, 0.305743, 8.9e-05, -0.0, -0.305743, 0.952114, 0.511173, 1.0, -0.0, 0.0, 0.001871, 0.0, 0.0, 0.0, 1.0]
            ]
        },
        {
            "name": "Arm_R",
            "time": [0.0, 0.05, 0.1833, 0.2333, 0.35, 0.45, 0.6],
            "transform": [
                [0.891172, -0.449008, 0.064844, -0.0, 0.216504, 0.295323, -0.930543, 0.39386, 0.398671, 0.843313, 0.360396, -0.0, 0.0, 0.0, 0.0, 1.0],
                [0.931933, -0.341006, -0.123354, -0.0, 0.033466, 0.419589, -0.907098, 0.39386, 0.361084, 0.841226, 0.402441, 0.0, 0.0, 0.0, 0.0, 1.0],
                [0.733109, 0.351593, -0.58218, 0.0, -0.65921, 0.577928, -0.481084, 0.393861, 0.167313, 0.736466, 0.655458, -0.0, 0.0, 0.0, 0.0, 1.0],
                [0.718953, 0.276094, -0.637871, 0.0, -0.693023, 0.354936, -0.627487, 0.39386, 0.053158, 0.893193, 0.446522, 0.0, 0.0, 0.0, 0.0, 1.0],
                [0.93553, -0.095781, -0.340014, 0.0, -0.32319, 0.156457, -0.933312, 0.39386, 0.142591, 0.98303, 0.115415, -0.0, 0.0, 0.0, 0.0, 1.0],
                [0.807861, -0.529519, 0.258788, 0.0, 0.367176, 0.108712, -0.923777, 0.393861, 0.461024, 0.841304, 0.282251, -0.0, 0.0, 0.0, 0.0, 1.0],
                [0.69807, -0.571712, 0.431097, 0.0, 0.525815, 0.00064, -0.850599, 0.39386, 0.486022, 0.820454, 0.301062, 0.0, 0.0, 0.0, 0.0, 1.0]
            ]
        },
        {
            "name": "Hand_R",
            "time": [0.0, 0.05, 0.1833, 0.2333, 0.35, 0.45, 0.6],
            "transform": [
                [0.999999, 2e-06, -1e-06, 0.0, -2e-06, 0.593594, -0.804764, 0.300002, -1e-06, 0.804764, 0.593594, 0.0, 0.0, 0.0, 0.0, 1.0],
                [0.999999, 3e-06, -2e-06, 0.0, -2e-06, 0.327728, -0.944772, 0.300003, -2e-06, 0.944772, 0.327728, 0.0, 0.0, 0.0, 0.0, 1.0],
                [0.999999, 2e-06, -1e-06, -0.0, -2e-06, 0.584578, -0.811338, 0.300002, -1e-06, 0.811338, 0.584578, 0.0, 0.0, 0.0, 0.0, 1.0],
                [0.999999, -1e-06, 0.0, 0.0, 1e-06, 0.794199, -0.607657, 0.300002, 0.0, 0.607657, 0.794199, 0.0, 0.0, 0.0, 0.0, 1.0],
                [0.999999, -2e-06, 1e-06, 0.0, 2e-06, 0.867462, -0.497503, 0.300003, 1e-06, 0.497503, 0.867462, 0.0, 0.0, 0.0, 0.0, 1.0],
                [0.999999, -1e-06, 0.0, -0.0, 1e-06, 0.848081, -0.529866, 0.300003, 0.0, 0.529866, 0.848081, 0.0, 0.0, 0.0, 0.0, 1.0],
                [0.999999, -1e-06, 0.0, 0.0, 1e-06, 0.939121, -0.343584, 0.300003, 0.0, 0.343584, 0.939121, 0.0, 0.0, 0.0, 0.0, 1.0]
            ]
        },
        {
            "name": "Tool_R",
            "time": [0.0, 0.6],
            "transform": [
                [1.0, -0.0, 0.0, 0.0, 0.0, -0.999559, -0.029689, 0.271711, 0.0, 0.029689, -0.99956, -0.028915, 0.0, 0.0, 0.0, 1.0],
                [1.0, 0.0, 0.0, -0.0, -0.0, -0.999559, -0.029689, 0.271711, 0.0, 0.029689, -0.99956, -0.028915, 0.0, 0.0, 0.0, 1.0]
            ]
        },
        {
            "name": "Elbow_R",
            "time": [0.0, 0.6],
            "transform": [
                [-1.0, 0.0, -0.0, -0.0, 0.0, 0.003946, -0.999992, 0.386843, -0.0, -0.999992, -0.003946, -0.000909, 0.0, 0.0, 0.0, 1.0],
                [-1.0, 0.0, -0.0, -0.0, 0.0, 0.003946, -0.999992, 0.332065, -0.0, -0.999992, -0.003946, -0.001126, 0.0, 0.0, 0.0, 1.0]
            ]
        },
        {
            "name": "Shoulder_L",
            "time": [0.0, 0.05, 0.1833, 0.6],
            "transform": [
                [-0.355616, -0.905797, -0.230366, 0.032794, -0.025911, -0.236828, 0.971206, 0.523691, -0.934273, 0.351345, 0.06075, -0.000481, 0.0, 0.0, 0.0, 1.0],
                [-0.518864, -0.834513, -0.185383, 0.049146, -0.02875, -0.199701, 0.979435, 0.52995, -0.854373, 0.513524, 0.079625, -0.001657, 0.0, 0.0, 0.0, 1.0],
                [-0.039553, -0.965508, -0.257351, 0.037254, 0.092395, -0.259983, 0.961182, 0.525398, -0.994936, 0.01424, 0.099491, -0.000802, 0.0, 0.0, 0.0, 1.0],
                [0.0, -0.952114, -0.305743, 8.9e-05, 0.0, -0.305743, 0.952114, 0.511173, -1.0, -0.0, 0.0, 0.001871, 0.0, 0.0, 0.0, 1.0]
            ]
        },
        {
            "name": "Arm_L",
            "time": [0.0, 0.05, 0.1333, 0.1833, 0.3, 0.4, 0.6],
            "transform": [
                [0.984795, 0.171938, 0.024802, 0.0, -0.162036, 0.960636, -0.225662, 0.39386, -0.062625, 0.218213, 0.973889, 0.0, 0.0, 0.0, 0.0, 1.0],
                [0.65705, 0.665932, 0.353297, -0.0, -0.431238, 0.716435, -0.548411, 0.39386, -0.618318, 0.207979, 0.757909, -0.0, 0.0, 0.0, 0.0, 1.0],
                [0.632452, 0.735116, 0.244151, 0.0, -0.35004, 0.552412, -0.756513, 0.39386, -0.690996, 0.392996, 0.606694, -0.0, 0.0, 0.0, 0.0, 1.0],
                [0.492349, 0.849752, 0.188449, -0.0, -0.328871, 0.382076, -0.863632, 0.39386, -0.805875, 0.363234, 0.467574, -0.0, 0.0, 0.0, 0.0, 1.0],
                [0.537586, 0.745179, -0.394601, 0.0, -0.634167, 0.048883, -0.771649, 0.39386, -0.555727, 0.665071, 0.498847, -0.0, 0.0, 0.0, 0.0, 1.0],
                [0.544229, 0.736656, -0.401437, -0.0, -0.648944, 0.066398, -0.757933, 0.39386, -0.531681, 0.673, 0.514184, 0.0, 0.0, 0.0, 0.0, 1.0],
                [0.727905, 0.518871, -0.448248, -0.0, -0.507172, -0.032515, -0.861231, 0.39386, -0.461443, 0.854234, 0.239489, 0.0, 0.0, 0.0, 0.0, 1.0]
            ]
        },
        {
            "name": "Hand_L",
            "time": [0.0, 0.05, 0.1333, 0.1833, 0.3, 0.4, 0.6],
            "transform": [
                [1.0, 1e-06, -1e-06, 0.0, -1e-06, 0.251737, -0.967796, 0.300003, -0.0, 0.967796, 0.251737, 0.0, 0.0, 0.0, 0.0, 1.0],
                [1.0, -3e-06, 1e-06, -0.0, 3e-06, 0.621013, -0.783801, 0.300003, 1e-06, 0.783801, 0.621013, 0.0, 0.0, 0.0, 0.0, 1.0],
                [1.0, 3e-06, -1e-06, 0.0, -3e-06, 0.581277, -0.813706, 0.300003, -1e-06, 0.813707, 0.581276, 0.0, 0.0, 0.0, 0.0, 1.0],
                [1.0, 1e-06, -0.0, 0.0, -1e-06, 0.706272, -0.707941, 0.300003, -0.0, 0.707941, 0.706272, -0.0, 0.0, 0.0, 0.0, 1.0],
                [1.0, -0.0, 0.0, -0.0, 0.0, 1.0, -0.000994, 0.300003, -0.0, 0.000994, 1.0, -0.0, 0.0, 0.0, 0.0, 1.0],
                [1.0, 0.0, -0.0, -0.0, -0.0, 0.957979, -0.286841, 0.300003, -0.0, 0.286841, 0.957979, 0.0, 0.0, 0.0, 0.0, 1.0],
                [1.0, -0.0, 0.0, -0.0, 0.0, 0.975082, -0.221849, 0.300003, -0.0, 0.221849, 0.975081, 0.0, 0.0, 0.0, 0.0, 1.0]
            ]
        },
        {
            "name": "Tool_L",
            "time": [0.0, 0.6],
            "transform": [
                [1.0, 0.0, 0.0, -0.0, 0.0, -0.999559, -0.029689, 0.271711, 0.0, 0.029689, -0.99956, -0.028915, 0.0, 0.0, 0.0, 1.0],
                [1.0, -0.0, 0.0, 0.0, -0.0, -0.999559, -0.029689, 0.271711, 0.0, 0.029689, -0.99956, -0.028915, 0.0, 0.0, 0.0, 1.0]
            ]
        },
        {
            "name": "Elbow_L",
            "time": [0.0, 0.6],
            "transform": [
                [-1.0, 0.0, -0.0, 0.0, 0.0, 0.003946, -0.999992, 0.422551, -0.0, -0.999993, -0.003946, -0.000769, 0.0, 0.0, 0.0, 1.0],
                [-1.0, 0.0, -0.0, -0.0, 0.0, 0.003946, -0.999992, 0.320162, -0.0, -0.999993, -0.003946, -0.001173, 0.0, 0.0, 0.0, 1.0]
            ]
        }
    ]
}