{
    "animation": [
        {
            "name": "Coord",
            "time": [0.0, 0.4833, 0.6],
            "transform": [
                [1.0, 0.0, 0.0, -0.493536, 0.0, 0.0, -1.0, -0.303497, 0.0, 1.0, 0.0, -1.686245, 0.0, 0.0, 0.0, 1.0],
                [0.707107, 0.0, 0.707107, 0.305809, 0.707107, 0.0, -0.707107, -0.273202, 0.0, 1.0, 0.0, -1.686245, 0.0, 0.0, 0.0, 1.0],
                [0.707107, 0.0, 0.707107, 0.305809, 0.707107, 0.0, -0.707107, -0.273202, 0.0, 1.0, 0.0, -1.686245, 0.0, 0.0, 0.0, 1.0]
            ]
        },
        {
            "name": "Root",
            "time": [0.0, 0.25, 0.4833, 0.6],
            "transform": [
                [0.999942, -0.0, 0.010809, 0.0, 0.0, 1.0, -1e-06, 0.528511, -0.010809, 1e-06, 0.999942, -0.156225, 0.0, 0.0, 0.0, 1.0],
                [0.949073, 0.0653, 0.308215, 0.170817, -0.068642, 0.997641, -0.0, 0.752356, -0.307488, -0.021156, 0.951317, -0.018522, 0.0, 0.0, 0.0, 1.0],
                [0.999942, 0.0, 0.010809, 0.0, 0.0, 1.0, 0.0, 0.76301, -0.010809, 0.0, 0.999942, -0.250944, 0.0, 0.0, 0.0, 1.0],
                [0.999942, 0.0, 0.010809, 0.0, 0.0, 1.0, 0.0, 0.76301, -0.010809, 0.0, 0.999942, -0.250944, 0.0, 0.0, 0.0, 1.0]
            ]
        },
        {
            "name": "Thigh_R",
            "time": [0.0, 0.2, 0.3, 0.4, 0.5, 0.6],
            "transform": [
                [0.999509, 0.019786, 0.024296, 0.124994, 0.018714, -0.998872, 0.043583, -0.002831, 0.025131, -0.043107, -0.998755, -1.2e-05, 0.0, 0.0, 0.0, 1.0],
                [0.979694, -0.055891, 0.192549, 0.124994, -0.120949, -0.930685, 0.345243, -0.002831, 0.159907, -0.36152, -0.91855, -1.2e-05, 0.0, 0.0, 0.0, 1.0],
                [0.997888, 0.010895, 0.064033, 0.124994, 0.011771, -0.99984, -0.01332, -0.002831, 0.063878, 0.014045, -0.997859, -1.2e-05, 0.0, 0.0, 0.0, 1.0],
                [0.975716, 0.162616, -0.146742, 0.124994, 0.194204, -0.952098, 0.2362, -0.002831, -0.101303, -0.258961, -0.960561, -1.2e-05, 0.0, 0.0, 0.0, 1.0],
                [0.998104, 0.047979, -0.03854, 0.124994, 0.053113, -0.987905, 0.145665, -0.002831, -0.031085, -0.147436, -0.988584, -1.2e-05, 0.0, 0.0, 0.0, 1.0],
                [0.999461, 0.025219, 0.020984, 0.124994, 0.025061, -0.999653, 0.007783, -0.002831, 0.021173, -0.007253, -0.99975, -1.2e-05, 0.0, 0.0, 0.0, 1.0]
            ]
        },
        {
            "name": "Leg_R",
            "time": [0.0, 0.2, 0.3, 0.4, 0.5, 0.6],
            "transform": [
                [1.0, -0.0, 1e-06, -0.0, -0.0, 0.984913, 0.173069, 0.374726, -1e-06, -0.17307, 0.984906, 0.0, 0.0, 0.0, 0.0, 1.0],
                [1.0, -1e-06, 1e-06, 0.0, -0.0, 0.735782, 0.677219, 0.374726, -1e-06, -0.677224, 0.735777, -0.0, 0.0, 0.0, 0.0, 1.0],
                [1.0, -0.0, 1e-06, -0.0, -0.0, 0.903642, 0.428294, 0.374726, -1e-06, -0.428297, 0.903635, -0.0, 0.0, 0.0, 0.0, 1.0],
                [1.0, -0.0, 1e-06, 0.0, -0.0, 0.950339, 0.311227, 0.374726, -1e-06, -0.311229, 0.950332, 0.0, 0.0, 0.0, 0.0, 1.0],
                [1.0, -0.0, 1e-06, -0.0, -0.0, 0.981004, 0.194005, 0.374726, -1e-06, -0.194007, 0.980997, 0.0, 0.0, 0.0, 0.0, 1.0],
                [1.0, -0.0, 1e-06, -0.0, -0.0, 0.999993, 0.00468, 0.374726, -1e-06, -0.00468, 0.999985, 0.0, 0.0, 0.0, 0.0, 1.0]
            ]
        },
        {
            "name": "Knee_R",
            "time": [0.0, 0.6],
            "transform": [
                [1.0, 0.0, -0.0, -0.0, -0.0, 0.00567, -0.999984, 0.374726, -0.0, 0.999984, 0.00567, -0.0, 0.0, 0.0, 0.0, 1.0],
                [1.0, 0.0, -0.0, 0.0, -0.0, 0.00567, -0.999984, 0.374726, -0.0, 0.999984, 0.00567, 0.0, 0.0, 0.0, 0.0, 1.0]
            ]
        },
        {
            "name": "Thigh_L",
            "time": [0.0, 0.2, 0.3, 0.4, 0.5, 0.6],
            "transform": [
                [0.999863, -0.012574, -0.010774, -0.125006, -0.011607, -0.996263, 0.085579, -0.002831, -0.011809, -0.085442, -0.996273, -1.2e-05, 0.0, 0.0, 0.0, 1.0],
                [0.978722, -0.07913, 0.18932, -0.125006, -0.136563, -0.939827, 0.313169, -0.002831, 0.153147, -0.332359, -0.930635, -1.2e-05, 0.0, 0.0, 0.0, 1.0],
                [0.998363, 0.002954, 0.057119, -0.125006, 0.001901, -0.999827, 0.018486, -0.002831, 0.057164, -0.018347, -0.998196, -1.2e-05, 0.0, 0.0, 0.0, 1.0],
                [0.977938, 0.136603, -0.158037, -0.125006, 0.169246, -0.961584, 0.216129, -0.002831, -0.122442, -0.238107, -0.96349, -1.2e-05, 0.0, 0.0, 0.0, 1.0],
                [0.997885, 0.006873, -0.064641, -0.125006, 0.016489, -0.988634, 0.14943, -0.002831, -0.06288, -0.15018, -0.986657, -1.2e-05, 0.0, 0.0, 0.0, 1.0],
                [0.999798, -0.018659, -0.007432, -0.125006, -0.018634, -0.99982, 0.003434, -0.002831, -0.007495, -0.003295, -0.999966, -1.2e-05, 0.0, 0.0, 0.0, 1.0]
            ]
        },
        {
            "name": "Leg_L",
            "time": [0.0, 0.2, 0.3, 0.4, 0.5, 0.6],
            "transform": [
                [1.0, -0.0, 1e-06, 0.0, -0.0, 0.985294, 0.170875, 0.374726, -1e-06, -0.170875, 0.985293, 0.0, 0.0, 0.0, 0.0, 1.0],
                [1.0, -0.0, 1e-06, 0.0, -0.0, 0.828915, 0.559375, 0.374726, -1e-06, -0.559376, 0.828915, 0.0, 0.0, 0.0, 0.0, 1.0],
                [1.0, -0.0, 1e-06, 0.0, -0.0, 0.934481, 0.356014, 0.374726, -1e-06, -0.356015, 0.93448, 0.0, 0.0, 0.0, 0.0, 1.0],
                [1.0, -0.0, 1e-06, -0.0, -0.0, 0.977908, 0.209038, 0.374726, -1e-06, -0.209038, 0.977908, 0.0, 0.0, 0.0, 0.0, 1.0],
                [1.0, -0.0, 1e-06, 0.0, -0.0, 0.981484, 0.19155, 0.374726, -1e-06, -0.19155, 0.981483, 0.0, 0.0, 0.0, 0.0, 1.0],
                [1.0, 0.0, 1e-06, 0.0, -0.0, 0.99999, 0.004681, 0.374726, -1e-06, -0.004681, 0.999989, -0.0, 0.0, 0.0, 0.0, 1.0]
            ]
        },
        {
            "name": "Knee_L",
            "time": [0.0, 0.6],
            "transform": [
                [1.0, 0.0, -0.0, 0.0, -0.0, 0.00567, -0.999984, 0.374726, -0.0, 0.999984, 0.00567, 0.0, 0.0, 0.0, 0.0, 1.0],
                [1.0, 0.0, -0.0, -0.0, -0.0, 0.00567, -0.999984, 0.374726, -0.0, 0.999984, 0.00567, 0.0, 0.0, 0.0, 0.0, 1.0]
            ]
        },
        {
            "name": "Torso",
            "time": [0.0, 0.4833, 0.6],
            "transform": [
                [1.0, 0.0, -0.0, -0.0, -0.0, 1.0, -0.000689, 0.05, -0.0, 0.000689, 1.0, 0.0, 0.0, 0.0, 0.0, 1.0],
                [1.0, 0.0, 0.0, 0.0, 0.0, 1.0, -0.000689, 0.05, 0.0, 0.000689, 1.0, 0.0, 0.0, 0.0, 0.0, 1.0],
                [1.0, 0.0, 0.0, 0.0, 0.0, 1.0, -0.000689, 0.05, 0.0, 0.000689, 1.0, 0.0, 0.0, 0.0, 0.0, 1.0]
            ]
        },
        {
            "name": "Chest",
            "time": [0.0, 0.25, 0.4833, 0.6],
            "transform": [
                [0.999846, -0.002503, -0.017346, -0.0, -0.000429, 0.985958, -0.166994, 0.3, 0.017521, 0.166976, 0.985805, -0.0, 0.0, 0.0, 0.0, 1.0],
                [0.999846, 0.002533, -0.017342, -0.0, -0.000429, 0.992737, 0.120299, 0.3, 0.017521, -0.120273, 0.992586, 0.0, 0.0, 0.0, 0.0, 1.0],
                [0.999846, -0.002503, -0.017346, 0.0, -0.000429, 0.985958, -0.166994, 0.3, 0.017521, 0.166976, 0.985805, 0.0, 0.0, 0.0, 0.0, 1.0],
                [0.999846, -0.002503, -0.017346, 0.0, -0.000429, 0.985958, -0.166994, 0.3, 0.017521, 0.166976, 0.985805, 0.0, 0.0, 0.0, 0.0, 1.0]
            ]
        },
        {
            "name": "Head",
            "time": [0.0, 0.25, 0.4833, 0.6],
            "transform": [
                [0.999928, -0.009919, 0.006807, 0.0, 0.008689, 0.986829, 0.16153, 0.4, -0.008319, -0.16146, 0.986844, -0.0, 0.0, 0.0, 0.0, 1.0],
                [0.999928, -0.007411, 0.009476, -0.0, 0.008689, 0.9897, -0.142891, 0.4, -0.008319, 0.142963, 0.989693, -0.0, 0.0, 0.0, 0.0, 1.0],
                [0.999928, -0.009919, 0.006807, -0.0, 0.008689, 0.986829, 0.16153, 0.4, -0.008319, -0.16146, 0.986844, 0.0, 0.0, 0.0, 0.0, 1.0],
                [0.999928, -0.009919, 0.006807, -0.0, 0.008689, 0.986829, 0.16153, 0.4, -0.008319, -0.16146, 0.986844, 0.0, 0.0, 0.0, 0.0, 1.0]
            ]
        },
        {
            "name": "Shoulder_R",
            "time": [0.0, 0.4833, 0.6],
            "transform": [
                [0.0, 0.952114, 0.305743, 8.9e-05, 0.0, -0.305743, 0.952114, 0.511173, 1.0, -0.0, -0.0, 0.00187, 0.0, 0.0, 0.0, 1.0],
                [0.0, 0.952114, 0.305743, -0.001009, 0.0, -0.305743, 0.952114, 0.483726, 1.0, 0.0, -0.0, -0.159503, 0.0, 0.0, 0.0, 1.0],
                [0.0, 0.952114, 0.305743, -0.001009, 0.0, -0.305743, 0.952114, 0.483726, 1.0, 0.0, -0.0, -0.159503, 0.0, 0.0, 0.0, 1.0]
            ]
        },
        {
            "name": "Arm_R",
            "time": [0.0, 0.1667, 0.2667, 0.3333, 0.4, 0.4833, 0.6],
            "transform": [
                [0.868499, -0.486998, -0.092424, -0.0, -0.103543, 0.004107, -0.994617, 0.39386, 0.484756, 0.873394, -0.046859, 0.0, 0.0, 0.0, 0.0, 1.0],
                [0.84144, -0.460772, 0.282256, -0.0, 0.139742, -0.319026, -0.937387, 0.39386, 0.521969, 0.828198, -0.204052, -0.0, 0.0, 0.0, 0.0, 1.0],
                [0.757926, -0.556983, 0.339585, -0.0, -0.095241, -0.609467, -0.787071, 0.39386, 0.645351, 0.564199, -0.514978, -0.0, 0.0, 0.0, 0.0, 1.0],
                [0.71328, -0.698232, -0.060855, -0.0, 0.025762, 0.112886, -0.993274, 0.39386, 0.700406, 0.706915, 0.098507, -0.0, 0.0, 0.0, 0.0, 1.0],
                [0.362188, -0.879778, 0.307914, 0.0, 0.465733, -0.115339, -0.877376, 0.39386, 0.807411, 0.461181, 0.367968, 0.0, 0.0, 0.0, 0.0, 1.0],
                [0.365077, -0.928484, 0.068094, 0.0, 0.437439, 0.106513, -0.892918, 0.39386, 0.821807, 0.355771, 0.445041, -0.0, 0.0, 0.0, 0.0, 1.0],
                [0.365077, -0.928484, 0.068094, 0.0, 0.437439, 0.106513, -0.892918, 0.39386, 0.821807, 0.355771, 0.445041, -0.0, 0.0, 0.0, 0.0, 1.0]
            ]
        },
        {
            "name": "Hand_R",
            "time": [0.0, 0.1667, 0.2667, 0.3333, 0.4, 0.4833, 0.6],
            "transform": [
                [0.999999, -2e-06, 0.0, 0.0, 2e-06, 0.952537, -0.304421, 0.300003, 0.0, 0.304421, 0.952537, -0.0, 0.0, 0.0, 0.0, 1.0],
                [0.999999, -0.0, 0.0, 0.0, -0.0, 0.385953, -0.922518, 0.300003, -0.0, 0.922518, 0.385953, 0.0, 0.0, 0.0, 0.0, 1.0],
                [0.999999, -2e-06, 0.0, 0.0, 2e-06, 0.887192, -0.461399, 0.300003, 0.0, 0.461399, 0.887192, 0.0, 0.0, 0.0, 0.0, 1.0],
                [0.999999, 9e-06, -5e-06, -0.0, -9e-06, 0.519129, -0.854696, 0.300003, -5e-06, 0.854696, 0.519129, -0.0, 0.0, 0.0, 0.0, 1.0],
                [0.999999, -1e-06, 0.0, -0.0, 2e-06, 0.885635, -0.464381, 0.300003, 0.0, 0.464381, 0.885635, 0.0, 0.0, 0.0, 0.0, 1.0],
                [0.999999, -2e-06, 1e-06, -0.0, 2e-06, 0.723623, -0.690195, 0.300003, 1e-06, 0.690195, 0.723623, 0.0, 0.0, 0.0, 0.0, 1.0],
                [0.999999, -2e-06, 1e-06, -0.0, 2e-06, 0.723623, -0.690195, 0.300003, 1e-06, 0.690195, 0.723623, 0.0, 0.0, 0.0, 0.0, 1.0]
            ]
        },
        {
            "name": "Tool_R",
            "time": [0.0, 0.6],
            "transform": [
                [1.0, -0.0, 0.0, -0.0, -0.0, -0.999559, -0.029689, 0.271711, 0.0, 0.029689, -0.99956, -0.028915, 0.0, 0.0, 0.0, 1.0],
                [1.0, -0.0, 0.0, -0.0, -0.0, -0.999559, -0.029689, 0.271711, 0.0, 0.029689, -0.99956, -0.028915, 0.0, 0.0, 0.0, 1.0]
            ]
        },
        {
            "name": "Elbow_R",
            "time": [0.0, 0.6],
            "transform": [
                [-1.0, 0.0, -0.0, 0.0, 0.0, 0.003946, -0.999992, 0.328186, -0.0, -0.999992, -0.003946, -0.001141, 0.0, 0.0, 0.0, 1.0],
                [-1.0, 0.0, -0.0, -0.0, -0.0, 0.003946, -0.999992, 0.370583, -0.0, -0.999992, -0.003946, -0.000974, 0.0, 0.0, 0.0, 1.0]
            ]
        },
        {
            "name": "Shoulder_L",
            "time": [0.0, 0.4833, 0.6],
            "transform": [
                [-0.0, -0.952114, -0.305743, 8.9e-05, 0.0, -0.305743, 0.952114, 0.511173, -1.0, -0.0, 0.0, 0.00187, 0.0, 0.0, 0.0, 1.0],
                [0.0, -0.952114, -0.305743, -0.001009, 0.0, -0.305743, 0.952114, 0.483726, -1.0, 0.0, 0.0, -0.159503, 0.0, 0.0, 0.0, 1.0],
                [0.0, -0.952114, -0.305743, -0.001009, 0.0, -0.305743, 0.952114, 0.483726, -1.0, 0.0, 0.0, -0.159503, 0.0, 0.0, 0.0, 1.0]
            ]
        },
        {
            "name": "Arm_L",
            "time": [0.0, 0.0833, 0.1667, 0.3333, 0.4833, 0.6],
            "transform": [
                [0.879342, 0.465472, 0.100463, 0.0, 0.141943, -0.054833, -0.988355, 0.39386, -0.454542, 0.883362, -0.114288, 0.0, 0.0, 0.0, 0.0, 1.0],
                [0.83377, 0.538042, -0.123845, 0.0, -0.245667, 0.160658, -0.955948, 0.39386, -0.494443, 0.827466, 0.266131, 0.0, 0.0, 0.0, 0.0, 1.0],
                [0.745834, 0.626409, -0.226592, -0.0, -0.262632, -0.036087, -0.964221, 0.39386, -0.612173, 0.778659, 0.1376, -0.0, 0.0, 0.0, 0.0, 1.0],
                [0.533018, 0.773176, -0.343641, -0.0, -0.490076, -0.048958, -0.870304, 0.39386, -0.689722, 0.632299, 0.35282, -0.0, 0.0, 0.0, 0.0, 1.0],
                [0.407146, 0.912191, -0.04625, 0.0, -0.425352, 0.144553, -0.893409, 0.39386, -0.808274, 0.383421, 0.446856, 0.0, 0.0, 0.0, 0.0, 1.0],
                [0.407146, 0.912191, -0.04625, 0.0, -0.425352, 0.144553, -0.893409, 0.39386, -0.808274, 0.383421, 0.446856, 0.0, 0.0, 0.0, 0.0, 1.0]
            ]
        },
        {
            "name": "Hand_L",
            "time": [0.0, 0.0833, 0.1667, 0.3333, 0.4833, 0.6],
            "transform": [
                [1.0, 0.0, 0.0, 0.0, 0.0, 0.989567, -0.144077, 0.300002, -0.0, 0.144077, 0.989567, -0.0, 0.0, 0.0, 0.0, 1.0],
                [1.0, 0.0, 0.0, 0.0, 0.0, 0.320837, -0.947135, 0.300003, -0.0, 0.947135, 0.320837, -0.0, 0.0, 0.0, 0.0, 1.0],
                [1.0, -0.0, -0.0, 0.0, 0.0, 0.587507, -0.80922, 0.300003, 0.0, 0.80922, 0.587507, -0.0, 0.0, 0.0, 0.0, 1.0],
                [1.0, 0.0, 0.0, 0.0, -0.0, 0.97882, -0.204723, 0.300003, -0.0, 0.204723, 0.97882, -0.0, 0.0, 0.0, 0.0, 1.0],
                [1.0, -2e-06, 1e-06, -0.0, 2e-06, 0.701618, -0.712554, 0.300002, 1e-06, 0.712554, 0.701618, 0.0, 0.0, 0.0, 0.0, 1.0],
                [1.0, -2e-06, 1e-06, -0.0, 2e-06, 0.701618, -0.712554, 0.300002, 1e-06, 0.712554, 0.701618, 0.0, 0.0, 0.0, 0.0, 1.0]
            ]
        },
        {
            "name": "Tool_L",
            "time": [0.0, 0.6],
            "transform": [
                [1.0, 0.0, 0.0, 0.0, 0.0, -0.999559, -0.029689, 0.271711, 0.0, 0.029689, -0.99956, -0.028915, 0.0, 0.0, 0.0, 1.0],
                [1.0, -0.0, 0.0, -0.0, 0.0, -0.999559, -0.029689, 0.271711, 0.0, 0.029689, -0.99956, -0.028915, 0.0, 0.0, 0.0, 1.0]
            ]
        },
        {
            "name": "Elbow_L",
            "time": [0.0, 0.6],
            "transform": [
                [-1.0, 0.0, -0.0, 0.0, 0.0, 0.003946, -0.999992, 0.312747, -0.0, -0.999993, -0.003946, -0.001202, 0.0, 0.0, 0.0, 1.0],
                [-1.0, 0.0, -0.0, -0.0, 0.0, 0.003946, -0.999992, 0.373522, -0.0, -0.999993, -0.003946, -0.000962, 0.0, 0.0, 0.0, 1.0]
            ]
        }
    ]
}