{
    "animation": [
        {
            "name": "Root",
            "time": [0.0, 1.3333, 2.6667],
            "transform": [
                [0.999942, 0.0, 0.010809, -5e-06, 0.010809, 0.0, -0.999942, -0.073981, 0.0, 1.0, 0.0, 0.598788, 0.0, 0.0, 0.0, 1.0],
                [0.999942, 0.0, 0.010809, -5e-06, 0.010807, 0.018243, -0.999775, -0.074784, -0.000197, 0.999834, 0.018242, 0.598785, 0.0, 0.0, 0.0, 1.0],
                [0.999942, 0.0, 0.010809, -5e-06, 0.010809, 0.0, -0.999942, -0.073981, 0.0, 1.0, 0.0, 0.598788, 0.0, 0.0, 0.0, 1.0]
            ]
        },
        {
            "name": "Thigh_R",
            "time": [0.0, 1.3333, 2.6667],
            "transform": [
                [0.999459, 0.0264, 0.019595, 0.124994, 0.025121, -0.997705, 0.062851, -0.002831, 0.02121, -0.062325, -0.997831, -1.2e-05, 0.0, 0.0, 0.0, 1.0],
                [0.999454, 0.026609, 0.019565, 0.124994, 0.024927, -0.996346, 0.081665, -0.002831, 0.021666, -0.081132, -0.996468, -1.2e-05, 0.0, 0.0, 0.0, 1.0],
                [0.999459, 0.0264, 0.019595, 0.124994, 0.025121, -0.997705, 0.062851, -0.002831, 0.02121, -0.062325, -0.997831, -1.2e-05, 0.0, 0.0, 0.0, 1.0]
            ]
        },
        {
            "name": "Leg_R",
            "time": [0.0, 1.3333, 2.6667],
            "transform": [
                [1.0, -0.0, 1e-06, -0.0, -0.0, 0.99319, 0.116559, 0.374726, -1e-06, -0.11656, 0.993177, 0.0, 0.0, 0.0, 0.0, 1.0],
                [1.0, -0.0, 1e-06, -0.0, -0.0, 0.993061, 0.117653, 0.374726, -1e-06, -0.117654, 0.993048, -0.0, 0.0, 0.0, 0.0, 1.0],
                [1.0, -0.0, 1e-06, -0.0, -0.0, 0.99319, 0.116559, 0.374726, -1e-06, -0.11656, 0.993177, 0.0, 0.0, 0.0, 0.0, 1.0]
            ]
        },
        {
            "name": "Knee_R",
            "time": [0.0, 2.6667],
            "transform": [
                [1.0, 0.0, -0.0, -0.0, -0.0, 0.00567, -0.999984, 0.374726, -0.0, 0.999984, 0.00567, -0.0, 0.0, 0.0, 0.0, 1.0],
                [1.0, 0.0, -0.0, -0.0, -0.0, 0.00567, -0.999984, 0.374726, -0.0, 0.999984, 0.00567, -0.0, 0.0, 0.0, 0.0, 1.0]
            ]
        },
        {
            "name": "Thigh_L",
            "time": [0.0, 1.3333, 2.6667],
            "transform": [
                [0.999797, -0.018961, -0.006815, -0.125006, -0.018689, -0.999105, 0.037924, -0.002831, -0.007528, -0.037789, -0.999257, -1.2e-05, 0.0, 0.0, 0.0, 1.0],
                [0.999801, -0.018757, -0.006839, -0.125006, -0.01835, -0.998298, 0.055337, -0.002831, -0.007865, -0.0552, -0.998444, -1.2e-05, 0.0, 0.0, 0.0, 1.0],
                [0.999797, -0.018961, -0.006815, -0.125006, -0.018689, -0.999105, 0.037924, -0.002831, -0.007528, -0.037789, -0.999257, -1.2e-05, 0.0, 0.0, 0.0, 1.0]
            ]
        },
        {
            "name": "Leg_L",
            "time": [0.0, 1.3333, 2.6667],
            "transform": [
                [1.0, -0.0, 1e-06, 0.0, -0.0, 0.997143, 0.075545, 0.374726, -1e-06, -0.075545, 0.997142, -0.0, 0.0, 0.0, 0.0, 1.0],
                [1.0, -0.0, 1e-06, 0.0, -0.0, 0.997275, 0.073795, 0.374726, -1e-06, -0.073796, 0.997273, -0.0, 0.0, 0.0, 0.0, 1.0],
                [1.0, -0.0, 1e-06, 0.0, -0.0, 0.997143, 0.075545, 0.374726, -1e-06, -0.075545, 0.997142, -0.0, 0.0, 0.0, 0.0, 1.0]
            ]
        },
        {
            "name": "Knee_L",
            "time": [0.0, 2.6667],
            "transform": [
                [1.0, 0.0, -0.0, -0.0, -0.0, 0.00567, -0.999984, 0.374726, -0.0, 0.999984, 0.00567, 0.0, 0.0, 0.0, 0.0, 1.0],
                [1.0, 0.0, -0.0, -0.0, -0.0, 0.00567, -0.999984, 0.374726, -0.0, 0.999984, 0.00567, 0.0, 0.0, 0.0, 0.0, 1.0]
            ]
        },
        {
            "name": "Torso",
            "time": [0.0, 1.3333, 2.6667],
            "transform": [
                [1.0, 0.0, 0.0, -0.0, 0.0, 1.0, -0.000689, 0.05, 0.0, 0.000689, 1.0, 0.0, 0.0, 0.0, 0.0, 1.0],
                [1.0, 0.0, -0.0, 0.0, -0.0, 1.0, -0.000689, 0.05, -0.0, 0.000689, 1.0, -0.0, 0.0, 0.0, 0.0, 1.0],
                [1.0, 0.0, 0.0, -0.0, 0.0, 1.0, -0.000689, 0.05, 0.0, 0.000689, 1.0, 0.0, 0.0, 0.0, 0.0, 1.0]
            ]
        },
        {
            "name": "Chest",
            "time": [0.0, 1.3333, 2.6667],
            "transform": [
                [0.999846, -0.002503, -0.017346, -0.0, -0.000429, 0.985958, -0.166994, 0.3, 0.017521, 0.166976, 0.985805, 0.0, 0.0, 0.0, 0.0, 1.0],
                [0.999847, -0.002767, -0.017298, -0.0, -0.000595, 0.981512, -0.191399, 0.3, 0.017508, 0.19138, 0.98136, -0.0, 0.0, 0.0, 0.0, 1.0],
                [0.999846, -0.002503, -0.017346, -0.0, -0.000429, 0.985958, -0.166994, 0.3, 0.017521, 0.166976, 0.985805, 0.0, 0.0, 0.0, 0.0, 1.0]
            ]
        },
        {
            "name": "Head",
            "time": [0.0, 1.3333, 2.6667],
            "transform": [
                [0.999928, -0.009919, 0.006807, 0.0, 0.008689, 0.986829, 0.16153, 0.4, -0.008319, -0.16146, 0.986844, -0.0, 0.0, 0.0, 0.0, 1.0],
                [0.999928, -0.009919, 0.006807, 0.0, 0.008689, 0.98683, 0.16153, 0.4, -0.008319, -0.16146, 0.986844, -0.0, 0.0, 0.0, 0.0, 1.0],
                [0.999928, -0.009919, 0.006807, 0.0, 0.008689, 0.986829, 0.16153, 0.4, -0.008319, -0.16146, 0.986844, -0.0, 0.0, 0.0, 0.0, 1.0]
            ]
        },
        {
            "name": "Shoulder_R",
            "time": [0.0, 1.3333, 2.6667],
            "transform": [
                [0.0, 0.952114, 0.305743, 8.9e-05, 0.0, -0.305743, 0.952114, 0.511173, 1.0, -0.0, -0.0, 0.001871, 0.0, 0.0, 0.0, 1.0],
                [0.0, 0.952114, 0.305743, 8.9e-05, 0.0, -0.305743, 0.952114, 0.511173, 1.0, -0.0, -0.0, 0.001871, 0.0, 0.0, 0.0, 1.0],
                [0.0, 0.952114, 0.305743, 8.9e-05, 0.0, -0.305743, 0.952114, 0.511173, 1.0, -0.0, -0.0, 0.001871, 0.0, 0.0, 0.0, 1.0]
            ]
        },
        {
            "name": "Arm_R",
            "time": [0.0, 1.3333, 2.6667],
            "transform": [
                [0.680755, 0.280111, -0.676839, -0.0, -0.730448, 0.190284, -0.655925, 0.39386, -0.05494, 0.94092, 0.334144, 0.0, 0.0, 0.0, 0.0, 1.0],
                [0.676937, 0.275419, -0.682571, 0.0, -0.734024, 0.183982, -0.653728, 0.393861, -0.054468, 0.943555, 0.326708, -0.0, 0.0, 0.0, 0.0, 1.0],
                [0.680756, 0.280111, -0.676839, -0.0, -0.730449, 0.190286, -0.655925, 0.39386, -0.054938, 0.94092, 0.334144, 0.0, 0.0, 0.0, 0.0, 1.0]
            ]
        },
        {
            "name": "Hand_R",
            "time": [0.0, 1.3333, 2.6667],
            "transform": [
                [1.0, -7e-06, 2e-06, -0.0, 7e-06, 0.82413, -0.5664, 0.300003, 2e-06, 0.5664, 0.824131, 0.0, 0.0, 0.0, 0.0, 1.0],
                [0.999999, -4e-06, 1e-06, -0.0, 4e-06, 0.832321, -0.554293, 0.300003, 1e-06, 0.554293, 0.832321, 0.0, 0.0, 0.0, 0.0, 1.0],
                [0.999999, -4e-06, 1e-06, -0.0, 4e-06, 0.82413, -0.5664, 0.300002, 1e-06, 0.5664, 0.82413, -0.0, 0.0, 0.0, 0.0, 1.0]
            ]
        },
        {
            "name": "Tool_R",
            "time": [0.0, 2.6667],
            "transform": [
                [1.0, -0.0, 0.0, -0.0, 0.0, -0.999559, -0.029689, 0.271711, 0.0, 0.029689, -0.99956, -0.028915, 0.0, 0.0, 0.0, 1.0],
                [1.0, -0.0, 0.0, 0.0, 0.0, -0.999559, -0.029689, 0.271711, 0.0, 0.029689, -0.99956, -0.028915, 0.0, 0.0, 0.0, 1.0]
            ]
        },
        {
            "name": "Elbow_R",
            "time": [0.0, 2.6667],
            "transform": [
                [-1.0, 0.0, -0.0, 0.0, 0.0, 0.003946, -0.999992, 0.355624, -0.0, -0.999992, -0.003946, -0.001033, 0.0, 0.0, 0.0, 1.0],
                [-1.0, 0.0, -0.0, 0.0, 0.0, 0.003946, -0.999992, 0.355624, -0.0, -0.999992, -0.003946, -0.001033, 0.0, 0.0, 0.0, 1.0]
            ]
        },
        {
            "name": "Shoulder_L",
            "time": [0.0, 1.3333, 2.6667],
            "transform": [
                [-0.0, -0.952114, -0.305743, 8.9e-05, 0.0, -0.305743, 0.952114, 0.511173, -1.0, -0.0, 0.0, 0.001871, 0.0, 0.0, 0.0, 1.0],
                [-0.0, -0.952114, -0.305743, 8.9e-05, 0.0, -0.305743, 0.952114, 0.511173, -1.0, -0.0, 0.0, 0.001871, 0.0, 0.0, 0.0, 1.0],
                [-0.0, -0.952114, -0.305743, 8.9e-05, 0.0, -0.305743, 0.952114, 0.511173, -1.0, -0.0, 0.0, 0.001871, 0.0, 0.0, 0.0, 1.0]
            ]
        },
        {
            "name": "Arm_L",
            "time": [0.0, 1.3333, 2.6667],
            "transform": [
                [0.665807, -0.28922, 0.687788, -0.0, 0.744205, 0.191364, -0.639951, 0.39386, 0.053469, 0.93794, 0.34265, -0.0, 0.0, 0.0, 0.0, 1.0],
                [0.661922, -0.284877, 0.693328, 0.0, 0.747694, 0.185496, -0.637608, 0.393861, 0.053031, 0.940445, 0.335784, 0.0, 0.0, 0.0, 0.0, 1.0],
                [0.665807, -0.28922, 0.687788, -0.0, 0.744205, 0.191364, -0.639951, 0.39386, 0.05347, 0.937939, 0.34265, -0.0, 0.0, 0.0, 0.0, 1.0]
            ]
        },
        {
            "name": "Hand_L",
            "time": [0.0, 1.3333, 2.6667],
            "transform": [
                [1.0, -1e-06, 0.0, 0.0, 1e-06, 0.810469, -0.585782, 0.300002, 0.0, 0.585782, 0.810469, -0.0, 0.0, 0.0, 0.0, 1.0],
                [1.0, 0.0, -0.0, 0.0, -1e-06, 0.818294, -0.5748, 0.300003, -0.0, 0.574802, 0.818293, -0.0, 0.0, 0.0, 0.0, 1.0],
                [1.0, 1e-06, -0.0, -0.0, -1e-06, 0.810469, -0.585782, 0.300003, -0.0, 0.585783, 0.810469, 0.0, 0.0, 0.0, 0.0, 1.0]
            ]
        },
        {
            "name": "Tool_L",
            "time": [0.0, 2.6667],
            "transform": [
                [1.0, -0.0, 0.0, 0.0, -0.0, -0.999559, -0.029689, 0.271711, 0.0, 0.029689, -0.999559, -0.028915, 0.0, 0.0, 0.0, 1.0],
                [1.0, -0.0, 0.0, 0.0, 0.0, -0.999559, -0.029689, 0.271711, 0.0, 0.029689, -0.999559, -0.028915, 0.0, 0.0, 0.0, 1.0]
            ]
        },
        {
            "name": "Elbow_L",
            "time": [0.0, 2.6667],
            "transform": [
                [-1.0, 0.0, -0.0, 0.0, 0.0, 0.003946, -0.999992, 0.357846, -0.0, -0.999992, -0.003946, -0.001024, 0.0, 0.0, 0.0, 1.0],
                [-1.0, 0.0, -0.0, -0.0, 0.0, 0.003946, -0.999992, 0.357846, -0.0, -0.999992, -0.003946, -0.001024, 0.0, 0.0, 0.0, 1.0]
            ]
        }
    ]
}