{
    "animation": [
        {
            "name": "Coord",
            "time": [0.0, 0.5833, 0.75],
            "transform": [
                [0.707107, 0.0, -0.707107, -0.300067, -0.707107, 0.0, -0.707107, -0.273202, 0.0, 1.0, 0.0, -1.686245, 0.0, 0.0, 0.0, 1.0],
                [-0.0, 0.0, -1.0, -0.301272, -1.0, 0.0, 0.0, 0.500596, 0.0, 1.0, 0.0, -1.686245, 0.0, 0.0, 0.0, 1.0],
                [-0.0, 0.0, -1.0, -0.301272, -1.0, 0.0, 0.0, 0.500596, 0.0, 1.0, 0.0, -1.686245, 0.0, 0.0, 0.0, 1.0]
            ]
        },
        {
            "name": "Root",
            "time": [0.0, 0.2, 0.25, 0.3833, 0.5833, 0.75],
            "transform": [
                [0.999942, 0.0, 0.010809, -0.0, 0.0, 1.0, 0.0, 0.76301, -0.010809, 0.0, 0.999942, -0.250944, 0.0, 0.0, 0.0, 1.0],
                [0.999942, 0.0, 0.010809, -0.05256, 0.0, 1.0, -0.0, 0.688813, -0.010809, 0.0, 0.999942, -0.056254, 0.0, 0.0, 0.0, 1.0],
                [0.999942, 0.0, 0.010809, -0.063681, 0.0, 1.0, -0.0, 0.660383, -0.010809, 0.0, 0.999942, 0.051498, 0.0, 0.0, 0.0, 1.0],
                [0.999942, 0.0, 0.010809, -0.081367, 0.0, 1.0, -0.0, 0.57672, -0.010809, 0.0, 0.999942, -0.120515, 0.0, 0.0, 0.0, 1.0],
                [0.999942, -0.0, 0.010809, -0.0, 0.0, 1.0, -1e-06, 0.528511, -0.010809, 1e-06, 0.999942, -0.156225, 0.0, 0.0, 0.0, 1.0],
                [0.999942, -0.0, 0.010809, -0.0, 0.0, 1.0, -1e-06, 0.528511, -0.010809, 1e-06, 0.999942, -0.156225, 0.0, 0.0, 0.0, 1.0]
            ]
        },
        {
            "name": "Thigh_R",
            "time": [0.0, 0.1333, 0.25, 0.3833, 0.5833, 0.75],
            "transform": [
                [0.999461, 0.025219, 0.020984, 0.124994, 0.025061, -0.999653, 0.007783, -0.002831, 0.021173, -0.007253, -0.99975, -1.2e-05, 0.0, 0.0, 0.0, 1.0],
                [0.986548, 0.135337, -0.091685, 0.124994, 0.158962, -0.92505, 0.344979, -0.002831, -0.038124, -0.354912, -0.934122, -1.2e-05, 0.0, 0.0, 0.0, 1.0],
                [0.997044, 0.038954, 0.066229, 0.124994, 0.009003, -0.915244, 0.402795, -0.002831, 0.076306, -0.401007, -0.912891, -1.2e-05, 0.0, 0.0, 0.0, 1.0],
                [0.908414, -0.290656, 0.300504, 0.124994, -0.293689, -0.955217, -0.036106, -0.00283, 0.297541, -0.055455, -0.953098, -1.2e-05, 0.0, 0.0, 0.0, 1.0],
                [0.999509, 0.019786, 0.024296, 0.124994, 0.018714, -0.998872, 0.043583, -0.002831, 0.025131, -0.043107, -0.998755, -1.2e-05, 0.0, 0.0, 0.0, 1.0],
                [0.999509, 0.019786, 0.024296, 0.124994, 0.018714, -0.998872, 0.043583, -0.002831, 0.025131, -0.043107, -0.998755, -1.2e-05, 0.0, 0.0, 0.0, 1.0]
            ]
        },
        {
            "name": "Leg_R",
            "time": [0.0, 0.1333, 0.25, 0.3833, 0.5833, 0.75],
            "transform": [
                [1.0, 0.0, 1e-06, 0.0, -0.0, 0.999993, 0.00468, 0.374726, -1e-06, -0.00468, 0.999985, -0.0, 0.0, 0.0, 0.0, 1.0],
                [1.0, -0.0, 1e-06, 0.0, -0.0, 0.877442, 0.479687, 0.374726, -1e-06, -0.479691, 0.877435, -0.0, 0.0, 0.0, 0.0, 1.0],
                [1.0, -0.0, 1e-06, 0.0, -0.0, 0.694749, 0.719252, 0.374726, -1e-06, -0.719258, 0.694743, -0.0, 0.0, 0.0, 0.0, 1.0],
                [1.0, -0.0, 1e-06, -0.0, 0.0, 0.999993, 0.004688, 0.374726, -1e-06, -0.004688, 0.999985, -0.0, 0.0, 0.0, 0.0, 1.0],
                [1.0, -0.0, 1e-06, -0.0, 0.0, 0.984913, 0.173069, 0.374726, -1e-06, -0.17307, 0.984906, 0.0, 0.0, 0.0, 0.0, 1.0],
                [1.0, -0.0, 1e-06, -0.0, 0.0, 0.984913, 0.173069, 0.374726, -1e-06, -0.17307, 0.984906, 0.0, 0.0, 0.0, 0.0, 1.0]
            ]
        },
        {
            "name": "Knee_R",
            "time": [0.0, 0.75],
            "transform": [
                [1.0, 0.0, -0.0, 0.0, -0.0, 0.00567, -0.999984, 0.374726, -0.0, 0.999984, 0.00567, -0.0, 0.0, 0.0, 0.0, 1.0],
                [1.0, 0.0, -0.0, -0.0, -0.0, 0.00567, -0.999984, 0.374726, -0.0, 0.999984, 0.00567, -0.0, 0.0, 0.0, 0.0, 1.0]
            ]
        },
        {
            "name": "Thigh_L",
            "time": [0.0, 0.1333, 0.25, 0.3833, 0.5833, 0.75],
            "transform": [
                [0.999798, -0.018659, -0.007432, -0.125006, -0.018634, -0.99982, 0.003434, -0.002831, -0.007495, -0.003295, -0.999966, -1.2e-05, 0.0, 0.0, 0.0, 1.0],
                [0.992136, 0.093346, -0.08338, -0.125006, 0.115922, -0.936522, 0.33089, -0.002831, -0.0472, -0.337954, -0.939978, -1.2e-05, 0.0, 0.0, 0.0, 1.0],
                [0.998345, 0.035081, 0.045563, -0.125006, 0.012177, -0.903358, 0.428712, -0.002831, 0.056199, -0.427448, -0.902291, -1.2e-05, 0.0, 0.0, 0.0, 1.0],
                [0.906134, -0.314799, 0.282529, -0.125006, -0.317029, -0.94761, -0.039061, -0.002831, 0.280024, -0.054176, -0.958463, -1.2e-05, 0.0, 0.0, 0.0, 1.0],
                [0.999863, -0.012574, -0.010774, -0.125006, -0.011607, -0.996263, 0.085579, -0.002831, -0.011809, -0.085442, -0.996273, -1.2e-05, 0.0, 0.0, 0.0, 1.0],
                [0.999863, -0.012574, -0.010774, -0.125006, -0.011607, -0.996263, 0.085579, -0.002831, -0.011809, -0.085442, -0.996273, -1.2e-05, 0.0, 0.0, 0.0, 1.0]
            ]
        },
        {
            "name": "Leg_L",
            "time": [0.0, 0.1333, 0.25, 0.3833, 0.5833, 0.75],
            "transform": [
                [1.0, 0.0, 1e-06, -0.0, -0.0, 0.99999, 0.004681, 0.374726, -1e-06, -0.004681, 0.999989, -0.0, 0.0, 0.0, 0.0, 1.0],
                [1.0, -0.0, 1e-06, -0.0, -0.0, 0.844204, 0.536023, 0.374726, -1e-06, -0.536024, 0.844203, -0.0, 0.0, 0.0, 0.0, 1.0],
                [1.0, -0.0, 1e-06, -0.0, -0.0, 0.70254, 0.711645, 0.374726, -1e-06, -0.711646, 0.702539, 0.0, 0.0, 0.0, 0.0, 1.0],
                [1.0, 0.0, 1e-06, -0.0, 0.0, 0.99999, 0.004699, 0.374726, -1e-06, -0.004699, 0.999989, -0.0, 0.0, 0.0, 0.0, 1.0],
                [1.0, -0.0, 1e-06, -0.0, -0.0, 0.985294, 0.170875, 0.374726, -1e-06, -0.170875, 0.985293, 0.0, 0.0, 0.0, 0.0, 1.0],
                [1.0, -0.0, 1e-06, -0.0, -0.0, 0.985294, 0.170875, 0.374726, -1e-06, -0.170875, 0.985293, 0.0, 0.0, 0.0, 0.0, 1.0]
            ]
        },
        {
            "name": "Knee_L",
            "time": [0.0, 0.75],
            "transform": [
                [1.0, 0.0, -0.0, -0.0, -0.0, 0.00567, -0.999984, 0.374726, -0.0, 0.999984, 0.00567, -0.0, 0.0, 0.0, 0.0, 1.0],
                [1.0, 0.0, -0.0, -0.0, -0.0, 0.00567, -0.999984, 0.374726, -0.0, 0.999984, 0.00567, 0.0, 0.0, 0.0, 0.0, 1.0]
            ]
        },
        {
            "name": "Torso",
            "time": [0.0, 0.5833, 0.75],
            "transform": [
                [1.0, 0.0, 0.0, 0.0, 0.0, 1.0, -0.000689, 0.05, 0.0, 0.000689, 1.0, 0.0, 0.0, 0.0, 0.0, 1.0],
                [1.0, 0.0, -0.0, 0.0, -0.0, 1.0, -0.000689, 0.05, -0.0, 0.000689, 1.0, -0.0, 0.0, 0.0, 0.0, 1.0],
                [1.0, 0.0, -0.0, 0.0, -0.0, 1.0, -0.000689, 0.05, -0.0, 0.000689, 1.0, -0.0, 0.0, 0.0, 0.0, 1.0]
            ]
        },
        {
            "name": "Chest",
            "time": [0.0, 0.25, 0.5833, 0.75],
            "transform": [
                [0.999846, -0.002503, -0.017346, 0.0, -0.000429, 0.985958, -0.166994, 0.3, 0.017521, 0.166976, 0.985805, -0.0, 0.0, 0.0, 0.0, 1.0],
                [0.999846, 0.002461, -0.017352, 0.0, -0.000429, 0.993229, 0.116175, 0.3, 0.017521, -0.11615, 0.993077, -0.0, 0.0, 0.0, 0.0, 1.0],
                [0.999846, -0.002503, -0.017346, -0.0, -0.000429, 0.985958, -0.166994, 0.3, 0.017521, 0.166976, 0.985805, -0.0, 0.0, 0.0, 0.0, 1.0],
                [0.999846, -0.002503, -0.017346, -0.0, -0.000429, 0.985958, -0.166994, 0.3, 0.017521, 0.166976, 0.985805, -0.0, 0.0, 0.0, 0.0, 1.0]
            ]
        },
        {
            "name": "Head",
            "time": [0.0, 0.25, 0.5833, 0.75],
            "transform": [
                [0.999928, -0.009919, 0.006807, -0.0, 0.008689, 0.986829, 0.16153, 0.4, -0.008319, -0.16146, 0.986844, 0.0, 0.0, 0.0, 0.0, 1.0],
                [0.999928, -0.006626, 0.01004, -0.0, 0.008689, 0.975036, -0.221877, 0.4, -0.008319, 0.221948, 0.975023, 0.0, 0.0, 0.0, 0.0, 1.0],
                [0.999928, -0.009919, 0.006807, 0.0, 0.008689, 0.986829, 0.16153, 0.4, -0.008319, -0.16146, 0.986844, -0.0, 0.0, 0.0, 0.0, 1.0],
                [0.999928, -0.009919, 0.006807, 0.0, 0.008689, 0.986829, 0.16153, 0.4, -0.008319, -0.16146, 0.986844, -0.0, 0.0, 0.0, 0.0, 1.0]
            ]
        },
        {
            "name": "Shoulder_R",
            "time": [0.0, 0.5833, 0.75],
            "transform": [
                [0.0, 0.952114, 0.305743, -0.001009, -0.0, -0.305743, 0.952114, 0.483726, 1.0, -0.0, -0.0, -0.159503, 0.0, 0.0, 0.0, 1.0],
                [0.0, 0.952114, 0.305743, 8.9e-05, 0.0, -0.305743, 0.952114, 0.511173, 1.0, -0.0, -0.0, 0.001871, 0.0, 0.0, 0.0, 1.0],
                [0.0, 0.952114, 0.305743, 8.9e-05, 0.0, -0.305743, 0.952114, 0.511173, 1.0, -0.0, -0.0, 0.001871, 0.0, 0.0, 0.0, 1.0]
            ]
        },
        {
            "name": "Arm_R",
            "time": [0.0, 0.1333, 0.25, 0.3833, 0.5833, 0.75],
            "transform": [
                [0.365077, -0.928484, 0.068094, -0.0, 0.437439, 0.106513, -0.892918, 0.393861, 0.821807, 0.355771, 0.445041, -0.0, 0.0, 0.0, 0.0, 1.0],
                [0.825827, -0.425795, 0.369742, -0.0, 0.346467, -0.134221, -0.92841, 0.393861, 0.444939, 0.89481, 0.03668, 0.0, 0.0, 0.0, 0.0, 1.0],
                [0.473962, -0.641374, 0.603326, -0.0, 0.576418, -0.291975, -0.763212, 0.39386, 0.66566, 0.709501, 0.231315, -0.0, 0.0, 0.0, 0.0, 1.0],
                [0.979218, -0.140365, -0.146392, -0.0, -0.10321, 0.276471, -0.955464, 0.39386, 0.174587, 0.950717, 0.256238, -0.0, 0.0, 0.0, 0.0, 1.0],
                [0.868499, -0.486998, -0.092425, 0.0, -0.103543, 0.004107, -0.994617, 0.39386, 0.484756, 0.873394, -0.046859, 0.0, 0.0, 0.0, 0.0, 1.0],
                [0.868499, -0.486998, -0.092425, 0.0, -0.103543, 0.004107, -0.994617, 0.39386, 0.484756, 0.873394, -0.046859, 0.0, 0.0, 0.0, 0.0, 1.0]
            ]
        },
        {
            "name": "Hand_R",
            "time": [0.0, 0.1333, 0.25, 0.3833, 0.5833, 0.75],
            "transform": [
                [0.999999, -2e-06, 1e-06, 0.0, 2e-06, 0.723623, -0.690195, 0.300003, 1e-06, 0.690195, 0.723623, -0.0, 0.0, 0.0, 0.0, 1.0],
                [0.999999, 5e-06, -2e-06, -0.0, -5e-06, 0.630587, -0.776118, 0.300003, -3e-06, 0.776118, 0.630587, 0.0, 0.0, 0.0, 0.0, 1.0],
                [0.999999, -5e-06, 3e-06, -0.0, 5e-06, 0.450488, -0.892782, 0.300003, 3e-06, 0.892782, 0.450488, -0.0, 0.0, 0.0, 0.0, 1.0],
                [0.999999, 0.0, 0.0, 0.0, 0.0, 0.444611, -0.895723, 0.300003, -0.0, 0.895723, 0.444611, 0.0, 0.0, 0.0, 0.0, 1.0],
                [0.999999, -2e-06, 0.0, 0.0, 2e-06, 0.952537, -0.304421, 0.300003, 0.0, 0.304421, 0.952537, 0.0, 0.0, 0.0, 0.0, 1.0],
                [0.999999, -2e-06, 0.0, 0.0, 2e-06, 0.952537, -0.304421, 0.300003, 0.0, 0.304421, 0.952537, 0.0, 0.0, 0.0, 0.0, 1.0]
            ]
        },
        {
            "name": "Tool_R",
            "time": [0.0, 0.75],
            "transform": [
                [1.0, -0.0, 0.0, 0.0, -0.0, -0.999559, -0.029689, 0.271711, 0.0, 0.029689, -0.99956, -0.028915, 0.0, 0.0, 0.0, 1.0],
                [1.0, 0.0, 0.0, 0.0, 0.0, -0.999559, -0.029689, 0.271711, 0.0, 0.029689, -0.99956, -0.028915, 0.0, 0.0, 0.0, 1.0]
            ]
        },
        {
            "name": "Elbow_R",
            "time": [0.0, 0.75],
            "transform": [
                [-1.0, 0.0, -0.0, 0.0, 0.0, 0.003946, -0.999992, 0.370583, -0.0, -0.999993, -0.003946, -0.000974, 0.0, 0.0, 0.0, 1.0],
                [-1.0, 0.0, -0.0, 0.0, 0.0, 0.003946, -0.999992, 0.328186, -0.0, -0.999992, -0.003946, -0.001141, 0.0, 0.0, 0.0, 1.0]
            ]
        },
        {
            "name": "Shoulder_L",
            "time": [0.0, 0.5833, 0.75],
            "transform": [
                [0.0, -0.952114, -0.305743, -0.001009, 0.0, -0.305743, 0.952114, 0.483726, -1.0, -0.0, 0.0, -0.159503, 0.0, 0.0, 0.0, 1.0],
                [-0.0, -0.952114, -0.305743, 8.9e-05, 0.0, -0.305743, 0.952114, 0.511173, -1.0, -0.0, 0.0, 0.001871, 0.0, 0.0, 0.0, 1.0],
                [-0.0, -0.952114, -0.305743, 8.9e-05, 0.0, -0.305743, 0.952114, 0.511173, -1.0, -0.0, 0.0, 0.001871, 0.0, 0.0, 0.0, 1.0]
            ]
        },
        {
            "name": "Arm_L",
            "time": [0.0, 0.1333, 0.25, 0.3833, 0.5833, 0.75],
            "transform": [
                [0.407146, 0.912191, -0.04625, -0.0, -0.425352, 0.144553, -0.893409, 0.39386, -0.808274, 0.383421, 0.446856, 0.0, 0.0, 0.0, 0.0, 1.0],
                [0.638793, 0.757695, -0.133577, 0.0, -0.362873, 0.143614, -0.920705, 0.39386, -0.678429, 0.636612, 0.366687, 0.0, 0.0, 0.0, 0.0, 1.0],
                [0.504824, 0.491283, -0.709784, 0.0, -0.491553, -0.512311, -0.704211, 0.39386, -0.709597, 0.7044, -0.017135, 0.0, 0.0, 0.0, 0.0, 1.0],
                [0.97615, -0.037386, 0.213851, 0.0, 0.216285, 0.082495, -0.972838, 0.39386, 0.018729, 0.99589, 0.088614, 0.0, 0.0, 0.0, 0.0, 1.0],
                [0.879342, 0.465472, 0.100463, 0.0, 0.141943, -0.054833, -0.988355, 0.39386, -0.454542, 0.883362, -0.114288, 0.0, 0.0, 0.0, 0.0, 1.0],
                [0.879342, 0.465472, 0.100463, 0.0, 0.141943, -0.054833, -0.988355, 0.39386, -0.454542, 0.883362, -0.114288, 0.0, 0.0, 0.0, 0.0, 1.0]
            ]
        },
        {
            "name": "Hand_L",
            "time": [0.0, 0.1333, 0.25, 0.3833, 0.5833, 0.75],
            "transform": [
                [1.0, -2e-06, 1e-06, -0.0, 2e-06, 0.701618, -0.712554, 0.300003, 1e-06, 0.712554, 0.701618, 0.0, 0.0, 0.0, 0.0, 1.0],
                [1.0, 6e-06, -4e-06, 0.0, -6e-06, 0.411954, -0.911205, 0.300003, -4e-06, 0.911205, 0.411953, 0.0, 0.0, 0.0, 0.0, 1.0],
                [1.0, 0.0, 0.0, -0.0, -0.0, 1.0, -0.000992, 0.300003, 0.0, 0.000992, 1.0, -0.0, 0.0, 0.0, 0.0, 1.0],
                [1.0, 3e-06, -1e-06, 0.0, -3e-06, 0.593845, -0.80458, 0.300003, -1e-06, 0.80458, 0.593845, 0.0, 0.0, 0.0, 0.0, 1.0],
                [1.0, 0.0, 0.0, -0.0, 0.0, 0.989567, -0.144077, 0.300003, -0.0, 0.144077, 0.989567, -0.0, 0.0, 0.0, 0.0, 1.0],
                [1.0, 0.0, 0.0, -0.0, 0.0, 0.989567, -0.144077, 0.300003, -0.0, 0.144077, 0.989567, -0.0, 0.0, 0.0, 0.0, 1.0]
            ]
        },
        {
            "name": "Tool_L",
            "time": [0.0, 0.75],
            "transform": [
                [1.0, -0.0, 0.0, -0.0, 0.0, -0.999559, -0.029689, 0.271711, 0.0, 0.029689, -0.99956, -0.028915, 0.0, 0.0, 0.0, 1.0],
                [1.0, 0.0, 0.0, 0.0, 0.0, -0.999559, -0.029689, 0.271711, 0.0, 0.029689, -0.999559, -0.028915, 0.0, 0.0, 0.0, 1.0]
            ]
        },
        {
            "name": "Elbow_L",
            "time": [0.0, 0.75],
            "transform": [
                [-1.0, 0.0, -0.0, 0.0, 0.0, 0.003946, -0.999992, 0.373523, -0.0, -0.999993, -0.003946, -0.000962, 0.0, 0.0, 0.0, 1.0],
                [-1.0, 0.0, -0.0, -0.0, 0.0, 0.003946, -0.999992, 0.312747, -0.0, -0.999993, -0.003946, -0.001202, 0.0, 0.0, 0.0, 1.0]
            ]
        }
    ]
}