{
    "animation": [
        {
            "name": "Coord",
            "time": [0.0, 0.05, 0.1],
            "transform": [
                [1.0, 0.0, 0.0, -5e-06, 0.0, 0.0, -1.0, -0.643591, 0.0, 1.0, 0.0, -1.568611, 0.0, 0.0, 0.0, 1.0],
                [1.0, 0.0, 0.0, -5e-06, 0.0, 0.0, -1.0, -0.303226, 0.0, 1.0, 0.0, -1.687646, 0.0, 0.0, 0.0, 1.0],
                [1.0, 0.0, 0.0, -5e-06, 0.0, 0.0, -1.0, -0.303226, 0.0, 1.0, 0.0, -1.687646, 0.0, 0.0, 0.0, 1.0]
            ]
        },
        {
            "name": "Root",
            "time": [0.0, 0.05, 0.1],
            "transform": [
                [0.999942, 0.0, 0.010809, 0.0, -0.000234, 0.999765, 0.021668, 0.76301, -0.010806, -0.021669, 0.999707, -0.000944, 0.0, 0.0, 0.0, 1.0],
                [0.999942, 0.0, 0.010809, 0.0, 0.0, 1.0, 0.0, 0.599004, -0.010809, 0.0, 0.999942, 0.073983, 0.0, 0.0, 0.0, 1.0],
                [0.999942, 0.0, 0.010809, 0.0, 0.0, 1.0, 0.0, 0.599004, -0.010809, 0.0, 0.999942, 0.073983, 0.0, 0.0, 0.0, 1.0]
            ]
        },
        {
            "name": "Thigh_R",
            "time": [0.0, 0.05, 0.1],
            "transform": [
                [0.999624, 0.026258, 0.007801, 0.124994, 0.025378, -0.994954, 0.097048, -0.00283, 0.01031, -0.096813, -0.99525, -1.2e-05, 0.0, 0.0, 0.0, 1.0],
                [0.999459, 0.0264, 0.019595, 0.124994, 0.025121, -0.997705, 0.062851, -0.002831, 0.02121, -0.062325, -0.997831, -1.2e-05, 0.0, 0.0, 0.0, 1.0],
                [0.999459, 0.0264, 0.019595, 0.124994, 0.025121, -0.997705, 0.062851, -0.002831, 0.02121, -0.062325, -0.997831, -1.2e-05, 0.0, 0.0, 0.0, 1.0]
            ]
        },
        {
            "name": "Leg_R",
            "time": [0.0, 0.05, 0.1],
            "transform": [
                [1.0, -0.0, 1e-06, -0.0, -0.0, 0.960489, 0.278337, 0.374726, -1e-06, -0.278339, 0.960477, 0.0, 0.0, 0.0, 0.0, 1.0],
                [1.0, -0.0, 1e-06, 0.0, -0.0, 0.993189, 0.116565, 0.374727, -1e-06, -0.116566, 0.993177, -0.0, 0.0, 0.0, 0.0, 1.0],
                [1.0, -0.0, 1e-06, 0.0, -0.0, 0.993189, 0.116565, 0.374727, -1e-06, -0.116566, 0.993177, -0.0, 0.0, 0.0, 0.0, 1.0]
            ]
        },
        {
            "name": "Knee_R",
            "time": [0.0, 0.1],
            "transform": [
                [1.0, 0.0, -0.0, -0.0, -0.0, 0.00567, -0.999984, 0.374726, -0.0, 0.999984, 0.00567, 0.0, 0.0, 0.0, 0.0, 1.0],
                [1.0, 0.0, -0.0, 0.0, -0.0, 0.00567, -0.999984, 0.374726, -0.0, 0.999984, 0.00567, 0.0, 0.0, 0.0, 0.0, 1.0]
            ]
        },
        {
            "name": "Thigh_L",
            "time": [0.0, 0.05, 0.1],
            "transform": [
                [0.99981, -0.018917, 0.004604, -0.125006, -0.019233, -0.996382, 0.082786, -0.002831, 0.003022, -0.082859, -0.996556, -1.2e-05, 0.0, 0.0, 0.0, 1.0],
                [0.999797, -0.018961, -0.006815, -0.125006, -0.018689, -0.999106, 0.037922, -0.002831, -0.007528, -0.037787, -0.999257, -1.2e-05, 0.0, 0.0, 0.0, 1.0],
                [0.999797, -0.018961, -0.006815, -0.125006, -0.018689, -0.999106, 0.037922, -0.002831, -0.007528, -0.037787, -0.999257, -1.2e-05, 0.0, 0.0, 0.0, 1.0]
            ]
        },
        {
            "name": "Leg_L",
            "time": [0.0, 0.05, 0.1],
            "transform": [
                [1.0, -0.0, 1e-06, 0.0, -0.0, 0.965912, 0.258875, 0.374726, -1e-06, -0.258875, 0.965911, -0.0, 0.0, 0.0, 0.0, 1.0],
                [1.0, -0.0, 1e-06, -0.0, -0.0, 0.997143, 0.075545, 0.374726, -1e-06, -0.075545, 0.997142, 0.0, 0.0, 0.0, 0.0, 1.0],
                [1.0, -0.0, 1e-06, -0.0, -0.0, 0.997143, 0.075545, 0.374726, -1e-06, -0.075545, 0.997142, 0.0, 0.0, 0.0, 0.0, 1.0]
            ]
        },
        {
            "name": "Knee_L",
            "time": [0.0, 0.1],
            "transform": [
                [1.0, 0.0, -0.0, -0.0, -0.0, 0.00567, -0.999984, 0.374726, -0.0, 0.999984, 0.00567, 0.0, 0.0, 0.0, 0.0, 1.0],
                [1.0, 0.0, -0.0, -0.0, -0.0, 0.00567, -0.999984, 0.374726, -0.0, 0.999984, 0.00567, 0.0, 0.0, 0.0, 0.0, 1.0]
            ]
        },
        {
            "name": "Torso",
            "time": [0.0, 0.05, 0.1],
            "transform": [
                [1.0, 0.0, -0.0, -0.0, -0.0, 1.0, 0.0, 0.05, 0.0, 0.0, 1.0, 0.0, 0.0, 0.0, 0.0, 1.0],
                [1.0, 0.0, 0.0, -0.0, 0.0, 1.0, -0.000689, 0.05, 0.0, 0.000689, 1.0, 0.0, 0.0, 0.0, 0.0, 1.0],
                [1.0, 0.0, 0.0, -0.0, 0.0, 1.0, -0.000689, 0.05, 0.0, 0.000689, 1.0, 0.0, 0.0, 0.0, 0.0, 1.0]
            ]
        },
        {
            "name": "Chest",
            "time": [0.0, 0.05, 0.1],
            "transform": [
                [1.0, -0.000345, 5e-06, -0.0, 0.000345, 0.99949, -0.031913, 0.3, 6e-06, 0.031913, 0.999491, -0.0, 0.0, 0.0, 0.0, 1.0],
                [0.999846, -0.002503, -0.017346, -0.0, -0.000429, 0.985958, -0.166994, 0.3, 0.017521, 0.166976, 0.985805, 0.0, 0.0, 0.0, 0.0, 1.0],
                [0.999846, -0.002503, -0.017346, -0.0, -0.000429, 0.985958, -0.166994, 0.3, 0.017521, 0.166976, 0.985805, 0.0, 0.0, 0.0, 0.0, 1.0]
            ]
        },
        {
            "name": "Head",
            "time": [0.0, 0.05, 0.1],
            "transform": [
                [0.999946, -0.000555, -0.010371, -0.0, 0.000549, 1.0, -0.000562, 0.4, 0.010371, 0.000556, 0.999946, -0.0, 0.0, 0.0, 0.0, 1.0],
                [0.999928, -0.009919, 0.006807, 0.0, 0.008689, 0.986829, 0.16153, 0.4, -0.008319, -0.16146, 0.986844, 0.0, 0.0, 0.0, 0.0, 1.0],
                [0.999928, -0.009919, 0.006807, 0.0, 0.008689, 0.986829, 0.16153, 0.4, -0.008319, -0.16146, 0.986844, 0.0, 0.0, 0.0, 0.0, 1.0]
            ]
        },
        {
            "name": "Shoulder_R",
            "time": [0.0, 0.05, 0.1],
            "transform": [
                [0.0, 0.952114, 0.305743, 8.9e-05, 0.0, -0.305743, 0.952114, 0.511173, 1.0, -0.0, -0.0, 0.001871, 0.0, 0.0, 0.0, 1.0],
                [0.0, 0.952114, 0.305743, 8.9e-05, 0.0, -0.305743, 0.952114, 0.511173, 1.0, -0.0, -0.0, 0.001871, 0.0, 0.0, 0.0, 1.0],
                [0.0, 0.952114, 0.305743, 8.9e-05, 0.0, -0.305743, 0.952114, 0.511173, 1.0, -0.0, -0.0, 0.001871, 0.0, 0.0, 0.0, 1.0]
            ]
        },
        {
            "name": "Arm_R",
            "time": [0.0, 0.05, 0.1],
            "transform": [
                [0.751611, 0.298044, -0.588432, -0.0, -0.64146, 0.122458, -0.75732, 0.393861, -0.153656, 0.946665, 0.283224, 0.0, 0.0, 0.0, 0.0, 1.0],
                [0.680753, 0.280113, -0.67684, 0.0, -0.73045, 0.190281, -0.655924, 0.39386, -0.054942, 0.94092, 0.334143, -0.0, 0.0, 0.0, 0.0, 1.0],
                [0.680753, 0.280113, -0.67684, 0.0, -0.73045, 0.190281, -0.655924, 0.39386, -0.054942, 0.94092, 0.334143, -0.0, 0.0, 0.0, 0.0, 1.0]
            ]
        },
        {
            "name": "Hand_R",
            "time": [0.0, 0.05, 0.1],
            "transform": [
                [1.0, -2e-06, 0.0, 0.0, 2e-06, 0.933888, -0.357565, 0.300003, 0.0, 0.357565, 0.933888, 0.0, 0.0, 0.0, 0.0, 1.0],
                [1.0, -7e-06, 2e-06, -0.0, 7e-06, 0.824134, -0.566394, 0.300003, 2e-06, 0.566394, 0.824135, -0.0, 0.0, 0.0, 0.0, 1.0],
                [1.0, -7e-06, 2e-06, -0.0, 7e-06, 0.824134, -0.566394, 0.300003, 2e-06, 0.566394, 0.824135, -0.0, 0.0, 0.0, 0.0, 1.0]
            ]
        },
        {
            "name": "Tool_R",
            "time": [0.0, 0.1],
            "transform": [
                [1.0, -0.0, 0.0, 0.0, 0.0, -0.999559, -0.029689, 0.271711, 0.0, 0.029689, -0.99956, -0.028915, 0.0, 0.0, 0.0, 1.0],
                [1.0, -0.0, 0.0, 0.0, -0.0, -0.999559, -0.029689, 0.271711, 0.0, 0.029689, -0.99956, -0.028915, 0.0, 0.0, 0.0, 1.0]
            ]
        },
        {
            "name": "Elbow_R",
            "time": [0.0, 0.1],
            "transform": [
                [-1.0, 0.0, -0.0, 0.0, 0.0, 0.003946, -0.999992, 0.333464, -0.0, -0.999993, -0.003946, -0.00112, 0.0, 0.0, 0.0, 1.0],
                [-1.0, 0.0, -0.0, 0.0, 0.0, 0.003946, -0.999992, 0.355623, -0.0, -0.999992, -0.003946, -0.001033, 0.0, 0.0, 0.0, 1.0]
            ]
        },
        {
            "name": "Shoulder_L",
            "time": [0.0, 0.05, 0.1],
            "transform": [
                [-0.0, -0.952114, -0.305743, 8.9e-05, 0.0, -0.305743, 0.952114, 0.511173, -1.0, -0.0, 0.0, 0.001871, 0.0, 0.0, 0.0, 1.0],
                [-0.0, -0.952114, -0.305743, 8.9e-05, 0.0, -0.305743, 0.952114, 0.511173, -1.0, -0.0, 0.0, 0.001871, 0.0, 0.0, 0.0, 1.0],
                [-0.0, -0.952114, -0.305743, 8.9e-05, 0.0, -0.305743, 0.952114, 0.511173, -1.0, -0.0, 0.0, 0.001871, 0.0, 0.0, 0.0, 1.0]
            ]
        },
        {
            "name": "Arm_L",
            "time": [0.0, 0.05, 0.1],
            "transform": [
                [0.780052, -0.275939, 0.561583, -0.0, 0.612731, 0.154988, -0.774944, 0.39386, 0.126799, 0.948597, 0.289975, -0.0, 0.0, 0.0, 0.0, 1.0],
                [0.665805, -0.289223, 0.687789, -0.0, 0.744207, 0.191363, -0.639949, 0.39386, 0.053471, 0.937939, 0.342651, 0.0, 0.0, 0.0, 0.0, 1.0],
                [0.665805, -0.289223, 0.687789, -0.0, 0.744207, 0.191363, -0.639949, 0.39386, 0.053471, 0.937939, 0.342651, 0.0, 0.0, 0.0, 0.0, 1.0]
            ]
        },
        {
            "name": "Hand_L",
            "time": [0.0, 0.05, 0.1],
            "transform": [
                [1.0, 1e-06, -0.0, -0.0, -1e-06, 0.908475, -0.417939, 0.300003, -0.0, 0.417939, 0.908475, 0.0, 0.0, 0.0, 0.0, 1.0],
                [1.0, -1e-06, 0.0, 0.0, 1e-06, 0.810471, -0.585779, 0.300003, 0.0, 0.58578, 0.810471, 0.0, 0.0, 0.0, 0.0, 1.0],
                [1.0, -1e-06, 0.0, 0.0, 1e-06, 0.810471, -0.585779, 0.300003, 0.0, 0.58578, 0.810471, 0.0, 0.0, 0.0, 0.0, 1.0]
            ]
        },
        {
            "name": "Tool_L",
            "time": [0.0, 0.1],
            "transform": [
                [1.0, -0.0, 0.0, 0.0, 0.0, -0.999559, -0.029689, 0.271711, 0.0, 0.029689, -0.99956, -0.028915, 0.0, 0.0, 0.0, 1.0],
                [1.0, 0.0, 0.0, -0.0, 0.0, -0.999559, -0.029689, 0.271711, 0.0, 0.029689, -0.99956, -0.028915, 0.0, 0.0, 0.0, 1.0]
            ]
        },
        {
            "name": "Elbow_L",
            "time": [0.0, 0.1],
            "transform": [
                [-1.0, 0.0, -0.0, -0.0, 0.0, 0.003946, -0.999992, 0.339604, -0.0, -0.999992, -0.003946, -0.001096, 0.0, 0.0, 0.0, 1.0],
                [-1.0, 0.0, -0.0, 0.0, 0.0, 0.003946, -0.999992, 0.357846, -0.0, -0.999992, -0.003946, -0.001024, 0.0, 0.0, 0.0, 1.0]
            ]
        }
    ]
}