{
    "animation": [
        {
            "name": "Root",
            "time": [0.0, 0.8333, 1.6667],
            "transform": [
                [0.999942, 0.0, 0.010809, -5e-06, 0.010809, 0.0, -0.999942, 0.000946, 0.0, 1.0, 0.0, 0.760649, 0.0, 0.0, 0.0, 1.0],
                [0.999942, -0.0, 0.010809, -5e-06, 0.010808, -0.010573, -0.999886, 0.000946, 0.000114, 0.999944, -0.010573, 0.760649, 0.0, 0.0, 0.0, 1.0],
                [0.999942, 0.0, 0.010809, -5e-06, 0.010809, 0.0, -0.999942, 0.000946, 0.0, 1.0, 0.0, 0.760649, 0.0, 0.0, 0.0, 1.0]
            ]
        },
        {
            "name": "Thigh_R",
            "time": [0.0, 1.6667],
            "transform": [
                [0.999509, 0.019786, 0.024296, 0.124994, 0.018714, -0.998873, 0.043565, -0.002831, 0.025131, -0.043089, -0.998756, -1.2e-05, 0.0, 0.0, 0.0, 1.0],
                [0.999509, 0.019786, 0.024296, 0.124994, 0.018714, -0.998873, 0.043565, -0.002831, 0.025131, -0.043089, -0.998756, -1.2e-05, 0.0, 0.0, 0.0, 1.0]
            ]
        },
        {
            "name": "Leg_R",
            "time": [0.0, 1.6667],
            "transform": [
                [1.0, -0.0, 1e-06, 0.0, -0.0, 0.984918, 0.173034, 0.374726, -1e-06, -0.173035, 0.984913, 0.0, 0.0, 0.0, 0.0, 1.0],
                [1.0, -0.0, 1e-06, 0.0, -0.0, 0.984918, 0.173034, 0.374726, -1e-06, -0.173035, 0.984913, 0.0, 0.0, 0.0, 0.0, 1.0]
            ]
        },
        {
            "name": "Knee_R",
            "time": [0.0, 1.6667],
            "transform": [
                [1.0, 0.0, -0.0, 0.0, -0.0, 0.00567, -0.999984, 0.374726, -0.0, 0.999984, 0.00567, -0.0, 0.0, 0.0, 0.0, 1.0],
                [1.0, 0.0, -0.0, 0.0, -0.0, 0.00567, -0.999984, 0.374726, -0.0, 0.999984, 0.00567, -0.0, 0.0, 0.0, 0.0, 1.0]
            ]
        },
        {
            "name": "Thigh_L",
            "time": [0.0, 1.6667],
            "transform": [
                [0.999863, -0.012574, -0.010774, -0.125006, -0.011607, -0.996264, 0.08557, -0.002831, -0.011809, -0.085434, -0.996274, -1.2e-05, 0.0, 0.0, 0.0, 1.0],
                [0.999863, -0.012574, -0.010774, -0.125006, -0.011607, -0.996264, 0.08557, -0.002831, -0.011809, -0.085434, -0.996274, -1.2e-05, 0.0, 0.0, 0.0, 1.0]
            ]
        },
        {
            "name": "Leg_L",
            "time": [0.0, 1.6667],
            "transform": [
                [1.0, -0.0, 1e-06, 0.0, -0.0, 0.985296, 0.170859, 0.374726, -1e-06, -0.170859, 0.985295, 0.0, 0.0, 0.0, 0.0, 1.0],
                [1.0, -0.0, 1e-06, 0.0, -0.0, 0.985296, 0.170859, 0.374726, -1e-06, -0.170859, 0.985295, 0.0, 0.0, 0.0, 0.0, 1.0]
            ]
        },
        {
            "name": "Knee_L",
            "time": [0.0, 1.6667],
            "transform": [
                [1.0, 0.0, -0.0, -0.0, -0.0, 0.00567, -0.999984, 0.374726, -0.0, 0.999984, 0.00567, 0.0, 0.0, 0.0, 0.0, 1.0],
                [1.0, 0.0, -0.0, -0.0, -0.0, 0.00567, -0.999984, 0.374726, -0.0, 0.999984, 0.00567, 0.0, 0.0, 0.0, 0.0, 1.0]
            ]
        },
        {
            "name": "Torso",
            "time": [0.0, 0.8333, 1.6667],
            "transform": [
                [1.0, 0.0, 0.0, 0.0, 0.0, 1.0, -0.000689, 0.05, 0.0, 0.000689, 1.0, -0.0, 0.0, 0.0, 0.0, 1.0],
                [1.0, -0.0, 0.0, -0.0, 0.0, 1.0, -0.000689, 0.05, -0.0, 0.000689, 1.0, -0.0, 0.0, 0.0, 0.0, 1.0],
                [1.0, 0.0, 0.0, 0.0, 0.0, 1.0, -0.000689, 0.05, 0.0, 0.000689, 1.0, -0.0, 0.0, 0.0, 0.0, 1.0]
            ]
        },
        {
            "name": "Chest",
            "time": [0.0, 0.8333, 1.6667],
            "transform": [
                [0.998266, -0.001273, -0.058856, 0.0, -0.005669, 0.993041, -0.117631, 0.3, 0.058596, 0.11776, 0.991312, -0.0, 0.0, 0.0, 0.0, 1.0],
                [0.998275, -0.003877, -0.058581, 0.0, -0.000722, 0.99693, -0.078288, 0.3, 0.058705, 0.078195, 0.995208, -0.0, 0.0, 0.0, 0.0, 1.0],
                [0.998266, -0.001273, -0.058856, 0.0, -0.005669, 0.993041, -0.117631, 0.3, 0.058596, 0.11776, 0.991312, -0.0, 0.0, 0.0, 0.0, 1.0]
            ]
        },
        {
            "name": "Head",
            "time": [0.0, 0.8333, 1.6667],
            "transform": [
                [0.998328, 0.014619, 0.055933, -0.0, 0.007192, 0.928578, -0.371068, 0.4, -0.057362, 0.37085, 0.92692, 0.0, 0.0, 0.0, 0.0, 1.0],
                [0.998328, 0.014619, 0.055933, 0.0, 0.007192, 0.928578, -0.371068, 0.4, -0.057362, 0.37085, 0.92692, -0.0, 0.0, 0.0, 0.0, 1.0],
                [0.998328, 0.014619, 0.055933, -0.0, 0.007192, 0.928578, -0.371068, 0.4, -0.057362, 0.37085, 0.92692, 0.0, 0.0, 0.0, 0.0, 1.0]
            ]
        },
        {
            "name": "Shoulder_R",
            "time": [0.0, 0.8333, 1.6667],
            "transform": [
                [0.0, 0.952114, 0.305743, -0.0, 0.0, -0.305743, 0.952114, 0.4, 1.0, -0.0, -0.0, 0.0, 0.0, 0.0, 0.0, 1.0],
                [0.0, 0.952114, 0.305743, 0.0, 0.0, -0.305743, 0.952114, 0.4, 1.0, 0.0, -0.0, -0.0, 0.0, 0.0, 0.0, 1.0],
                [0.0, 0.952114, 0.305743, -0.0, 0.0, -0.305743, 0.952114, 0.4, 1.0, -0.0, -0.0, 0.0, 0.0, 0.0, 0.0, 1.0]
            ]
        },
        {
            "name": "Arm_R",
            "time": [0.0, 1.6667],
            "transform": [
                [0.728025, -0.515725, 0.451672, -0.0, 0.518598, -0.016604, -0.854857, 0.393861, 0.448371, 0.856594, 0.255365, 0.0, 0.0, 0.0, 0.0, 1.0],
                [0.728025, -0.515725, 0.451672, -0.0, 0.518598, -0.016604, -0.854857, 0.393861, 0.448371, 0.856594, 0.255365, 0.0, 0.0, 0.0, 0.0, 1.0]
            ]
        },
        {
            "name": "Hand_R",
            "time": [0.0, 1.6667],
            "transform": [
                [1.0, -1e-06, 0.0, 0.0, 1e-06, 0.929425, -0.369012, 0.300002, 0.0, 0.369012, 0.929425, -0.0, 0.0, 0.0, 0.0, 1.0],
                [1.0, -1e-06, 0.0, 0.0, 1e-06, 0.929425, -0.369012, 0.300002, 0.0, 0.369012, 0.929425, -0.0, 0.0, 0.0, 0.0, 1.0]
            ]
        },
        {
            "name": "Tool_R",
            "time": [0.0, 1.6667],
            "transform": [
                [1.0, -0.0, 0.0, -0.0, 0.0, -0.999559, -0.029689, 0.271711, 0.0, 0.029689, -0.99956, -0.028915, 0.0, 0.0, 0.0, 1.0],
                [1.0, -0.0, 0.0, -0.0, 0.0, -0.999559, -0.029689, 0.271711, 0.0, 0.029689, -0.99956, -0.028915, 0.0, 0.0, 0.0, 1.0]
            ]
        },
        {
            "name": "Elbow_R",
            "time": [0.0, 1.6667],
            "transform": [
                [-1.0, 0.0, -0.0, 0.0, 0.0, 0.003946, -0.999992, 0.334616, -0.0, -0.999992, -0.003946, -0.001116, 0.0, 0.0, 0.0, 1.0],
                [-1.0, 0.0, -0.0, 0.0, 0.0, 0.003946, -0.999992, 0.334616, -0.0, -0.999992, -0.003946, -0.001116, 0.0, 0.0, 0.0, 1.0]
            ]
        },
        {
            "name": "Shoulder_L",
            "time": [0.0, 0.8333, 1.6667],
            "transform": [
                [-0.0, -0.952114, -0.305743, -0.0, 0.0, -0.305743, 0.952114, 0.4, -1.0, -0.0, 0.0, 0.0, 0.0, 0.0, 0.0, 1.0],
                [-0.0, -0.952114, -0.305743, 0.0, 0.0, -0.305743, 0.952114, 0.4, -1.0, -0.0, 0.0, -0.0, 0.0, 0.0, 0.0, 1.0],
                [-0.0, -0.952114, -0.305743, -0.0, 0.0, -0.305743, 0.952114, 0.4, -1.0, -0.0, 0.0, 0.0, 0.0, 0.0, 0.0, 1.0]
            ]
        },
        {
            "name": "Arm_L",
            "time": [0.0, 1.6667],
            "transform": [
                [0.844647, 0.404109, -0.351095, -0.0, -0.395669, 0.029507, -0.917919, 0.39386, -0.360579, 0.914234, 0.184817, 0.0, 0.0, 0.0, 0.0, 1.0],
                [0.844647, 0.404109, -0.351095, -0.0, -0.395669, 0.029507, -0.917919, 0.39386, -0.360579, 0.914234, 0.184817, 0.0, 0.0, 0.0, 0.0, 1.0]
            ]
        },
        {
            "name": "Hand_L",
            "time": [0.0, 1.6667],
            "transform": [
                [1.0, -0.0, 0.0, 0.0, 0.0, 0.938724, -0.344669, 0.300003, 0.0, 0.344669, 0.938724, 0.0, 0.0, 0.0, 0.0, 1.0],
                [1.0, -0.0, 0.0, 0.0, 0.0, 0.938724, -0.344669, 0.300003, 0.0, 0.344669, 0.938724, 0.0, 0.0, 0.0, 0.0, 1.0]
            ]
        },
        {
            "name": "Tool_L",
            "time": [0.0, 1.6667],
            "transform": [
                [1.0, -0.0, 0.0, 0.0, 0.0, -0.999559, -0.029689, 0.271711, 0.0, 0.029689, -0.999559, -0.028915, 0.0, 0.0, 0.0, 1.0],
                [1.0, -0.0, 0.0, 0.0, 0.0, -0.999559, -0.029689, 0.271711, 0.0, 0.029689, -0.999559, -0.028915, 0.0, 0.0, 0.0, 1.0]
            ]
        },
        {
            "name": "Elbow_L",
            "time": [0.0, 1.6667],
            "transform": [
                [-1.0, 0.0, -0.0, 0.0, 0.0, 0.003946, -0.999992, 0.332174, -0.0, -0.999993, -0.003946, -0.001125, 0.0, 0.0, 0.0, 1.0],
                [-1.0, 0.0, -0.0, 0.0, 0.0, 0.003946, -0.999992, 0.332174, -0.0, -0.999993, -0.003946, -0.001125, 0.0, 0.0, 0.0, 1.0]
            ]
        }
    ]
}