{
    "animation": [
        {
            "name": "Coord",
            "time": [0.0, 0.4, 0.6],
            "transform": [
                [1.0, 0.0, 0.0, -0.106202, 0.0, 0.0, -1.0, 2e-06, 0.0, 1.0, 0.0, -0.000216, 0.0, 0.0, 0.0, 1.0],
                [1.0, 0.0, 0.0, -0.637188, 0.0, 0.0, -1.0, 2e-06, 0.0, 1.0, 0.0, -0.000216, 0.0, 0.0, 0.0, 1.0],
                [1.0, 0.0, 0.0, -0.637188, 0.0, 0.0, -1.0, 2e-06, 0.0, 1.0, 0.0, -0.000216, 0.0, 0.0, 0.0, 1.0]
            ]
        },
        {
            "name": "Root",
            "time": [0.0, 0.0667, 0.2, 0.4, 0.6],
            "transform": [
                [0.996762, -0.078638, 0.016754, 0.064273, 0.080315, 0.98357, -0.16168, 0.679417, -0.003764, 0.162502, 0.986701, 0.040962, 0.0, 0.0, 0.0, 1.0],
                [0.988933, -0.147238, 0.018214, -0.007223, 0.147752, 0.988534, -0.031147, 0.693774, -0.013419, 0.033494, 0.999349, 0.138881, 0.0, 0.0, 0.0, 1.0],
                [0.982829, 0.183231, 0.021745, -0.065781, -0.184501, 0.977428, 0.102925, 0.655873, -0.002395, -0.10517, 0.994451, 0.05289, 0.0, 0.0, 0.0, 1.0],
                [0.996946, 0.077349, 0.010777, -0.066802, -0.077344, 0.997004, -0.000836, 0.688703, -0.010809, -0.0, 0.999942, -0.070944, 0.0, 0.0, 0.0, 1.0],
                [0.999942, 0.0, 0.010809, 0.0, 0.0, 1.0, 0.0, 0.66301, -0.010809, 0.0, 0.999942, -0.070944, 0.0, 0.0, 0.0, 1.0]
            ]
        },
        {
            "name": "Thigh_R",
            "time": [0.0, 0.0667, 0.25, 0.4, 0.5, 0.6],
            "transform": [
                [0.998788, 0.006779, 0.048738, 0.124994, 0.00355, -0.997809, 0.066034, -0.002831, 0.049078, -0.065781, -0.996627, -1.2e-05, 0.0, 0.0, 0.0, 1.0],
                [0.962873, 0.264171, 0.055569, 0.124994, 0.257009, -0.960047, 0.110689, -0.002831, 0.08259, -0.092298, -0.992301, -1.2e-05, 0.0, 0.0, 0.0, 1.0],
                [0.995542, 0.050069, -0.079932, 0.124994, 0.084732, -0.847027, 0.524751, -0.002831, -0.041431, -0.529183, -0.847495, -1.2e-05, 0.0, 0.0, 0.0, 1.0],
                [0.979428, 0.188653, 0.07163, 0.124994, 0.187887, -0.982035, 0.017345, -0.002831, 0.073616, -0.003529, -0.997281, -1.2e-05, 0.0, 0.0, 0.0, 1.0],
                [0.99457, 0.020029, 0.102122, 0.124994, 0.019374, -0.999783, 0.007401, -0.002831, 0.102248, -0.005382, -0.994745, -1.2e-05, 0.0, 0.0, 0.0, 1.0],
                [0.99946, 0.025206, 0.021081, 0.124994, 0.025087, -0.999666, 0.00589, -0.002831, 0.021223, -0.005358, -0.999761, -1.2e-05, 0.0, 0.0, 0.0, 1.0]
            ]
        },
        {
            "name": "Leg_R",
            "time": [0.0, 0.0667, 0.25, 0.4, 0.5, 0.6],
            "transform": [
                [1.0, -0.0, 1e-06, 0.0, -0.0, 0.985749, 0.168241, 0.374726, -1e-06, -0.168242, 0.985742, 0.0, 0.0, 0.0, 0.0, 1.0],
                [1.0, -0.0, 1e-06, -0.0, -0.0, 0.915627, 0.402036, 0.374726, -1e-06, -0.402039, 0.91562, -0.0, 0.0, 0.0, 0.0, 1.0],
                [1.0, -1e-06, 1e-06, -0.0, -0.0, 0.636182, 0.771538, 0.374726, -1e-06, -0.771544, 0.636178, 0.0, 0.0, 0.0, 0.0, 1.0],
                [1.0, -0.0, 1e-06, -0.0, -0.0, 0.999993, 0.00471, 0.374726, -1e-06, -0.00471, 0.999985, -0.0, 0.0, 0.0, 0.0, 1.0],
                [1.0, -0.0, 1e-06, 0.0, 0.0, 0.999993, 0.004692, 0.374726, -1e-06, -0.004692, 0.999985, 0.0, 0.0, 0.0, 0.0, 1.0],
                [1.0, -0.0, 1e-06, 0.0, 0.0, 0.999993, 0.00468, 0.374726, -1e-06, -0.00468, 0.999985, 0.0, 0.0, 0.0, 0.0, 1.0]
            ]
        },
        {
            "name": "Knee_R",
            "time": [0.0, 0.6],
            "transform": [
                [1.0, 0.0, -0.0, 0.0, -0.0, 0.00567, -0.999984, 0.374726, -0.0, 0.999984, 0.00567, -0.0, 0.0, 0.0, 0.0, 1.0],
                [1.0, 0.0, -0.0, 0.0, -0.0, 0.00567, -0.999984, 0.374726, -0.0, 0.999984, 0.00567, 0.0, 0.0, 0.0, 0.0, 1.0]
            ]
        },
        {
            "name": "Thigh_L",
            "time": [0.0, 0.0667, 0.25, 0.4, 0.5, 0.6],
            "transform": [
                [0.998796, -0.033386, 0.035944, -0.125006, -0.040819, -0.971988, 0.231457, -0.002831, 0.02721, -0.232646, -0.97218, -1.2e-05, 0.0, 0.0, 0.0, 1.0],
                [0.969597, 0.244708, 3.6e-05, -0.125006, 0.235278, -0.932274, 0.274787, -0.002831, 0.067276, -0.266424, -0.961505, -1.2e-05, 0.0, 0.0, 0.0, 1.0],
                [0.996459, 0.007601, -0.083733, -0.125006, 0.041068, -0.91302, 0.405841, -0.002831, -0.073365, -0.407843, -0.9101, -1.2e-05, 0.0, 0.0, 0.0, 1.0],
                [0.988632, 0.143911, 0.043536, -0.125006, 0.143783, -0.98959, 0.006078, -0.002831, 0.043958, 0.000251, -0.999033, -1.2e-05, 0.0, 0.0, 0.0, 1.0],
                [0.997026, -0.02274, 0.073634, -0.125006, -0.022789, -0.99974, -0.000183, -0.002831, 0.073619, -0.001496, -0.997285, -1.2e-05, 0.0, 0.0, 0.0, 1.0],
                [0.999797, -0.018685, -0.00755, -0.125006, -0.018674, -0.999824, 0.001541, -0.002831, -0.007578, -0.0014, -0.99997, -1.2e-05, 0.0, 0.0, 0.0, 1.0]
            ]
        },
        {
            "name": "Leg_L",
            "time": [0.0, 0.0667, 0.25, 0.4, 0.5, 0.6],
            "transform": [
                [1.0, -0.0, 1e-06, 0.0, -0.0, 0.871928, 0.489635, 0.374726, -1e-06, -0.489635, 0.871928, -0.0, 0.0, 0.0, 0.0, 1.0],
                [1.0, -1e-06, 1e-06, 0.0, -0.0, 0.659294, 0.751885, 0.374726, -1e-06, -0.751886, 0.659294, -0.0, 0.0, 0.0, 0.0, 1.0],
                [1.0, -0.0, 1e-06, 0.0, -0.0, 0.812363, 0.583153, 0.374726, -1e-06, -0.583153, 0.812362, -0.0, 0.0, 0.0, 0.0, 1.0],
                [1.0, -0.0, 1e-06, -0.0, 0.0, 0.99999, 0.004734, 0.374726, -1e-06, -0.004734, 0.999989, 0.0, 0.0, 0.0, 0.0, 1.0],
                [1.0, 0.0, 1e-06, -0.0, -0.0, 0.99999, 0.004709, 0.374726, -1e-06, -0.004709, 0.999989, -0.0, 0.0, 0.0, 0.0, 1.0],
                [1.0, -0.0, 1e-06, -0.0, 0.0, 0.99999, 0.004681, 0.374726, -1e-06, -0.004681, 0.999989, 0.0, 0.0, 0.0, 0.0, 1.0]
            ]
        },
        {
            "name": "Knee_L",
            "time": [0.0, 0.6],
            "transform": [
                [1.0, 0.0, -0.0, 0.0, -0.0, 0.00567, -0.999984, 0.374726, -0.0, 0.999984, 0.00567, -0.0, 0.0, 0.0, 0.0, 1.0],
                [1.0, 0.0, -0.0, -0.0, -0.0, 0.00567, -0.999984, 0.374726, -0.0, 0.999984, 0.00567, 0.0, 0.0, 0.0, 0.0, 1.0]
            ]
        },
        {
            "name": "Torso",
            "time": [0.0, 0.4, 0.6],
            "transform": [
                [1.0, -0.0, 0.0, 0.0, -0.0, 1.0, 0.0, 0.05, -0.0, -0.0, 1.0, 0.0, 0.0, 0.0, 0.0, 1.0],
                [1.0, -0.0, -0.0, 0.0, 0.0, 1.0, -0.000689, 0.05, -0.0, 0.000689, 1.0, 0.0, 0.0, 0.0, 0.0, 1.0],
                [1.0, 0.0, 0.0, -0.0, 0.0, 1.0, -0.000689, 0.05, 0.0, 0.000689, 1.0, 0.0, 0.0, 0.0, 0.0, 1.0]
            ]
        },
        {
            "name": "Chest",
            "time": [0.0, 0.0667, 0.2, 0.4, 0.6],
            "transform": [
                [0.998274, 0.057875, -0.009947, -0.0, -0.057349, 0.997256, 0.046814, 0.3, 0.012629, -0.046162, 0.998854, -0.0, 0.0, 0.0, 0.0, 1.0],
                [0.994208, 0.107474, -0.000685, 0.0, -0.10673, 0.988032, 0.111359, 0.3, 0.012645, -0.11064, 0.99378, 0.0, 0.0, 0.0, 0.0, 1.0],
                [0.995031, -0.098807, -0.012293, -0.0, 0.097837, 0.993171, -0.06356, 0.3, 0.018489, 0.062041, 0.997902, -0.0, 0.0, 0.0, 0.0, 1.0],
                [0.999846, -0.002503, -0.017346, -0.0, -0.000429, 0.985958, -0.166994, 0.3, 0.017521, 0.166976, 0.985805, -0.0, 0.0, 0.0, 0.0, 1.0],
                [0.999846, -0.002503, -0.017346, -0.0, -0.000429, 0.985958, -0.166994, 0.3, 0.017521, 0.166976, 0.985805, 0.0, 0.0, 0.0, 0.0, 1.0]
            ]
        },
        {
            "name": "Head",
            "time": [0.0, 0.0667, 0.2, 0.4, 0.6],
            "transform": [
                [0.999638, 0.026851, 0.00193, -0.0, -0.0269, 0.99346, 0.110963, 0.4, 0.001062, -0.110975, 0.993823, 0.0, 0.0, 0.0, 0.0, 1.0],
                [0.998289, 0.057461, -0.010833, 0.0, -0.058347, 0.991052, -0.120046, 0.4, 0.003838, 0.120473, 0.992709, 0.0, 0.0, 0.0, 0.0, 1.0],
                [0.997495, -0.069799, 0.011523, 0.0, 0.070681, 0.990164, -0.120742, 0.4, -0.002982, 0.121254, 0.992617, -0.0, 0.0, 0.0, 0.0, 1.0],
                [0.997381, -0.071972, 0.007193, 0.0, 0.069869, 0.984388, 0.161548, 0.4, -0.018708, -0.160622, 0.986839, 0.0, 0.0, 0.0, 0.0, 1.0],
                [0.999928, -0.009919, 0.006807, 0.0, 0.008689, 0.986829, 0.16153, 0.4, -0.008319, -0.16146, 0.986844, 0.0, 0.0, 0.0, 0.0, 1.0]
            ]
        },
        {
            "name": "Shoulder_R",
            "time": [0.0, 0.0667, 0.2, 0.4, 0.6],
            "transform": [
                [0.0, 0.952114, 0.305743, -0.059392, 0.0, -0.305743, 0.952114, 0.528804, 1.0, -0.0, -0.0, -0.000723, 0.0, 0.0, 0.0, 1.0],
                [0.0, 0.952114, 0.305743, -0.118872, -0.0, -0.305743, 0.952114, 0.546434, 1.0, -0.0, -0.0, -0.003317, 0.0, 0.0, 0.0, 1.0],
                [0.0, 0.952114, 0.305743, -0.118872, -0.0, -0.305743, 0.952114, 0.546434, 1.0, -0.0, -0.0, -0.003317, 0.0, 0.0, 0.0, 1.0],
                [0.0, 0.952114, 0.305743, 8.9e-05, -0.0, -0.305743, 0.952114, 0.511173, 1.0, -0.0, -0.0, 0.001871, 0.0, 0.0, 0.0, 1.0],
                [0.0, 0.952114, 0.305743, 8.9e-05, -0.0, -0.305743, 0.952114, 0.511173, 1.0, -0.0, -0.0, 0.001871, 0.0, 0.0, 0.0, 1.0]
            ]
        },
        {
            "name": "Arm_R",
            "time": [0.0, 0.0667, 0.1167, 0.2, 0.2667, 0.4, 0.5, 0.6],
            "transform": [
                [0.229076, -0.877296, 0.421756, -0.0, 0.631099, -0.196022, -0.750527, 0.393861, 0.741106, 0.438097, 0.508757, -0.0, 0.0, 0.0, 0.0, 1.0],
                [0.373405, -0.499877, 0.781468, 0.0, 0.608962, -0.503402, -0.612986, 0.39386, 0.69981, 0.704776, 0.116433, -0.0, 0.0, 0.0, 0.0, 1.0],
                [0.56046, -0.552683, 0.616787, 0.0, 0.522732, -0.34158, -0.781073, 0.393861, 0.642367, 0.760175, 0.097463, -0.0, 0.0, 0.0, 0.0, 1.0],
                [0.773471, -0.408178, 0.484907, -0.0, 0.398588, -0.281602, -0.872828, 0.393861, 0.49282, 0.868385, -0.055116, -0.0, 0.0, 0.0, 0.0, 1.0],
                [0.735377, -0.501863, 0.455361, -0.0, 0.452068, -0.137278, -0.881357, 0.393861, 0.504831, 0.853984, 0.125925, -0.0, 0.0, 0.0, 0.0, 1.0],
                [0.705506, -0.530563, 0.469855, 0.0, 0.484312, -0.12308, -0.866195, 0.393861, 0.517401, 0.838663, 0.170124, -0.0, 0.0, 0.0, 0.0, 1.0],
                [0.701063, -0.558106, 0.44388, 0.0, 0.5058, -0.0496, -0.861224, 0.39386, 0.502671, 0.828287, 0.247517, 0.0, 0.0, 0.0, 0.0, 1.0],
                [0.697617, -0.572274, 0.431085, -0.0, 0.526174, 0.000844, -0.850377, 0.39386, 0.486284, 0.820063, 0.301704, 0.0, 0.0, 0.0, 0.0, 1.0]
            ]
        },
        {
            "name": "Hand_R",
            "time": [0.0, 0.0667, 0.1167, 0.2, 0.2667, 0.4, 0.5, 0.6],
            "transform": [
                [1.0, 0.0, 0.0, -0.0, 0.0, 0.790855, -0.612004, 0.300003, -0.0, 0.612004, 0.790855, -0.0, 0.0, 0.0, 0.0, 1.0],
                [0.999999, -0.0, 0.0, 0.0, 0.0, 0.996939, -0.078183, 0.300003, -0.0, 0.078183, 0.996939, -0.0, 0.0, 0.0, 0.0, 1.0],
                [0.999999, 2e-06, -0.0, 0.0, -2e-06, 0.876725, -0.480992, 0.300003, -1e-06, 0.480992, 0.876725, 0.0, 0.0, 0.0, 0.0, 1.0],
                [0.999999, -3e-06, 1e-06, -0.0, 3e-06, 0.90308, -0.429473, 0.300003, 1e-06, 0.429473, 0.903079, -0.0, 0.0, 0.0, 0.0, 1.0],
                [1.0, -1e-06, 0.0, -0.0, 1e-06, 0.883803, -0.467859, 0.300002, 0.0, 0.467859, 0.883803, 0.0, 0.0, 0.0, 0.0, 1.0],
                [0.999999, -2e-06, 0.0, 0.0, 2e-06, 0.984204, -0.177035, 0.300003, 0.0, 0.177035, 0.984204, 0.0, 0.0, 0.0, 0.0, 1.0],
                [0.999999, -2e-06, 0.0, 0.0, 2e-06, 0.957055, -0.289904, 0.300003, 0.0, 0.289904, 0.957055, -0.0, 0.0, 0.0, 0.0, 1.0],
                [0.999999, -4e-06, 1e-06, 0.0, 4e-06, 0.937875, -0.346973, 0.300003, 1e-06, 0.346973, 0.937875, 0.0, 0.0, 0.0, 0.0, 1.0]
            ]
        },
        {
            "name": "Tool_R",
            "time": [0.0, 0.6],
            "transform": [
                [1.0, -0.0, 0.0, 0.0, 0.0, -0.999559, -0.029689, 0.271711, 0.0, 0.029689, -0.99956, -0.028915, 0.0, 0.0, 0.0, 1.0],
                [1.0, 0.0, 0.0, -0.0, -0.0, -0.999559, -0.029689, 0.271711, 0.0, 0.029689, -0.99956, -0.028915, 0.0, 0.0, 0.0, 1.0]
            ]
        },
        {
            "name": "Elbow_R",
            "time": [0.0, 0.6],
            "transform": [
                [-1.0, 0.0, 0.0, -0.0, 0.0, 0.003946, -0.999992, 0.360915, -0.0, -0.999992, -0.003946, -0.001012, 0.0, 0.0, 0.0, 1.0],
                [-1.0, 0.0, -0.0, 0.0, 0.0, 0.003946, -0.999992, 0.332404, -0.0, -0.999992, -0.003946, -0.001125, 0.0, 0.0, 0.0, 1.0]
            ]
        },
        {
            "name": "Shoulder_L",
            "time": [0.0, 0.0667, 0.2, 0.4, 0.6],
            "transform": [
                [-0.0, -0.952114, -0.305744, 0.053606, 0.0, -0.305743, 0.952114, 0.531657, -1.0, -0.0, 0.0, -0.001978, 0.0, 0.0, 0.0, 1.0],
                [-0.0, -0.952114, -0.305743, 0.107122, 0.0, -0.305743, 0.952114, 0.552141, -1.0, -0.0, 0.0, -0.005826, 0.0, 0.0, 0.0, 1.0],
                [-0.0, -0.952114, -0.305743, 0.107122, 0.0, -0.305743, 0.952114, 0.552142, -1.0, -0.0, 0.0, -0.005826, 0.0, 0.0, 0.0, 1.0],
                [-0.0, -0.952114, -0.305743, 8.9e-05, 0.0, -0.305743, 0.952114, 0.511173, -1.0, 0.0, 0.0, 0.001871, 0.0, 0.0, 0.0, 1.0],
                [-0.0, -0.952114, -0.305743, 8.9e-05, 0.0, -0.305743, 0.952114, 0.511173, -1.0, -0.0, 0.0, 0.001871, 0.0, 0.0, 0.0, 1.0]
            ]
        },
        {
            "name": "Arm_L",
            "time": [0.0, 0.0667, 0.1167, 0.2, 0.3167, 0.4, 0.5, 0.6],
            "transform": [
                [0.581596, 0.637562, -0.505234, -0.0, -0.543574, -0.15748, -0.824456, 0.39386, -0.605205, 0.754132, 0.254972, -0.0, 0.0, 0.0, 0.0, 1.0],
                [0.578598, 0.568015, -0.585305, 0.0, -0.523642, -0.291488, -0.80052, 0.39386, -0.625317, 0.769671, 0.128782, 0.0, 0.0, 0.0, 0.0, 1.0],
                [0.561018, 0.596516, -0.573958, -0.0, -0.563384, -0.232864, -0.792699, 0.39386, -0.606512, 0.768078, 0.205426, -0.0, 0.0, 0.0, 0.0, 1.0],
                [0.558957, 0.518104, -0.647406, 0.0, -0.594947, -0.293261, -0.748355, 0.39386, -0.577585, 0.803472, 0.144323, -0.0, 0.0, 0.0, 0.0, 1.0],
                [0.694057, 0.707713, -0.132008, 0.0, -0.543946, 0.395397, -0.740124, 0.39386, -0.4716, 0.585494, 0.659385, -0.0, 0.0, 0.0, 0.0, 1.0],
                [0.708462, 0.654931, -0.262955, 0.0, -0.556855, 0.289844, -0.778397, 0.39386, -0.433581, 0.697893, 0.570045, -0.0, 0.0, 0.0, 0.0, 1.0],
                [0.718819, 0.609357, -0.33464, -0.0, -0.531645, 0.171677, -0.829385, 0.39386, -0.447941, 0.774088, 0.447366, 0.0, 0.0, 0.0, 0.0, 1.0],
                [0.729127, 0.518163, -0.447079, 0.0, -0.50611, -0.031488, -0.861893, 0.39386, -0.460679, 0.854702, 0.239289, 0.0, 0.0, 0.0, 0.0, 1.0]
            ]
        },
        {
            "name": "Hand_L",
            "time": [0.0, 0.0667, 0.1167, 0.2, 0.3167, 0.4, 0.5, 0.6],
            "transform": [
                [1.0, -0.0, 0.0, 0.0, 0.0, 1.0, -0.000995, 0.300003, -0.0, 0.000995, 1.0, 0.0, 0.0, 0.0, 0.0, 1.0],
                [1.0, 1e-06, -0.0, -0.0, -1e-06, 0.936791, -0.34989, 0.300002, -0.0, 0.34989, 0.936791, -0.0, 0.0, 0.0, 0.0, 1.0],
                [1.0, -3e-06, 1e-06, -0.0, 3e-06, 0.781547, -0.623847, 0.300003, 1e-06, 0.623847, 0.781547, -0.0, 0.0, 0.0, 0.0, 1.0],
                [1.0, 4e-06, -2e-06, -0.0, -4e-06, 0.782146, -0.623097, 0.300003, -1e-06, 0.623097, 0.782145, -0.0, 0.0, 0.0, 0.0, 1.0],
                [1.0, 1.4e-05, -1.2e-05, -0.0, -1.4e-05, 0.175164, -0.98454, 0.300003, -1.2e-05, 0.98454, 0.175164, 0.0, 0.0, 0.0, 0.0, 1.0],
                [1.0, -3e-06, 1e-06, 0.0, 3e-06, 0.640274, -0.768147, 0.300003, 1e-06, 0.768147, 0.640274, 0.0, 0.0, 0.0, 0.0, 1.0],
                [1.0, -0.0, -0.0, 0.0, 0.0, 0.799637, -0.600484, 0.300003, -0.0, 0.600484, 0.799637, 0.0, 0.0, 0.0, 0.0, 1.0],
                [1.0, -0.0, -0.0, -0.0, -0.0, 0.975159, -0.221506, 0.300003, -0.0, 0.221507, 0.975159, 0.0, 0.0, 0.0, 0.0, 1.0]
            ]
        },
        {
            "name": "Tool_L",
            "time": [0.0, 0.6],
            "transform": [
                [1.0, -0.0, 0.0, 0.0, 0.0, -0.999559, -0.029689, 0.271711, 0.0, 0.029689, -0.99956, -0.028915, 0.0, 0.0, 0.0, 1.0],
                [1.0, -0.0, 0.0, -0.0, 0.0, -0.999559, -0.029689, 0.271711, 0.0, 0.029689, -0.99956, -0.028915, 0.0, 0.0, 0.0, 1.0]
            ]
        },
        {
            "name": "Elbow_L",
            "time": [0.0, 0.6],
            "transform": [
                [-1.0, 0.0, -0.0, 0.0, 0.0, 0.003946, -0.999992, 0.300008, -0.0, -0.999993, -0.003946, -0.001252, 0.0, 0.0, 0.0, 1.0],
                [-1.0, 0.0, -0.0, 0.0, 0.0, 0.003946, -0.999992, 0.32013, -0.0, -0.999992, -0.003946, -0.001173, 0.0, 0.0, 0.0, 1.0]
            ]
        }
    ]
}