{
    "animation": [
        {
            "name": "Coord",
            "time": [0.0, 0.3],
            "transform": [
                [-0.0, 0.0, -1.0, -0.302034, -1.0, 0.0, 0.0, -0.491076, 0.0, 1.0, 0.0, -1.686245, 0.0, 0.0, 0.0, 1.0],
                [0.707107, 0.0, -0.707107, -0.30092, -0.707107, 0.0, -0.707107, -0.301939, 0.0, 1.0, 0.0, -1.686246, 0.0, 0.0, 0.0, 1.0]
            ]
        },
        {
            "name": "Root",
            "time": [0.0, 0.1667, 0.3],
            "transform": [
                [0.999942, -0.0, 0.010809, 0.0, 0.0, 1.0, -1e-06, 0.528511, -0.010809, 1e-06, 0.999942, -0.156225, 0.0, 0.0, 0.0, 1.0],
                [0.999942, -0.0, 0.010809, -0.003671, 0.0, 1.0, -0.0, 0.569761, -0.010809, 0.0, 0.999942, 0.149219, 0.0, 0.0, 0.0, 1.0],
                [0.999942, 0.0, 0.010809, 0.0, 0.0, 1.0, 0.0, 0.599004, -0.010809, 0.0, 0.999942, 0.073983, 0.0, 0.0, 0.0, 1.0]
            ]
        },
        {
            "name": "Thigh_R",
            "time": [0.0, 0.0833, 0.1667, 0.3],
            "transform": [
                [0.999803, 0.014704, 0.013294, 0.124994, 0.013723, -0.997373, 0.071102, -0.00283, 0.014304, -0.070906, -0.997381, -1.2e-05, 0.0, 0.0, 0.0, 1.0],
                [0.977725, 0.094914, 0.187203, 0.124994, 0.015071, -0.921356, 0.388424, -0.002831, 0.209348, -0.37695, -0.902265, -1.2e-05, 0.0, 0.0, 0.0, 1.0],
                [0.991731, 0.125177, 0.028272, 0.124994, 0.096733, -0.873946, 0.476297, -0.00283, 0.08433, -0.469623, -0.87883, -1.2e-05, 0.0, 0.0, 0.0, 1.0],
                [0.999459, 0.0264, 0.019595, 0.124994, 0.025121, -0.997703, 0.062872, -0.002831, 0.02121, -0.062346, -0.99783, -1.2e-05, 0.0, 0.0, 0.0, 1.0]
            ]
        },
        {
            "name": "Leg_R",
            "time": [0.0, 0.0833, 0.1667, 0.3],
            "transform": [
                [1.0, -0.0, 1e-06, 0.0, -0.0, 0.992436, 0.122813, 0.374726, -1e-06, -0.122814, 0.992423, 0.0, 0.0, 0.0, 0.0, 1.0],
                [1.0, -0.0, 1e-06, 0.0, -0.0, 0.929996, 0.367584, 0.374726, -1e-06, -0.367587, 0.929985, 0.0, 0.0, 0.0, 0.0, 1.0],
                [1.0, -0.0, 1e-06, 0.0, -0.0, 0.876456, 0.481489, 0.374726, -1e-06, -0.481493, 0.876446, 0.0, 0.0, 0.0, 0.0, 1.0],
                [1.0, -0.0, 1e-06, -0.0, -0.0, 0.993186, 0.116601, 0.374726, -1e-06, -0.116602, 0.993173, -0.0, 0.0, 0.0, 0.0, 1.0]
            ]
        },
        {
            "name": "Knee_R",
            "time": [0.0, 0.3],
            "transform": [
                [1.0, 0.0, -0.0, -0.0, -0.0, 0.00567, -0.999984, 0.374726, -0.0, 0.999984, 0.00567, -0.0, 0.0, 0.0, 0.0, 1.0],
                [1.0, 0.0, -0.0, 0.0, -0.0, 0.00567, -0.999984, 0.374726, -0.0, 0.999984, 0.00567, -0.0, 0.0, 0.0, 0.0, 1.0]
            ]
        },
        {
            "name": "Thigh_L",
            "time": [0.0, 0.0833, 0.1667, 0.3],
            "transform": [
                [0.999449, -0.030416, -0.013255, -0.125006, -0.029938, -0.998941, 0.034922, -0.00283, -0.014303, -0.034507, -0.999302, -1.2e-05, 0.0, 0.0, 0.0, 1.0],
                [0.834127, -0.205536, -0.511846, -0.125006, -0.056409, -0.954899, 0.291522, -0.002831, -0.54868, -0.214294, -0.808101, -1.2e-05, 0.0, 0.0, 0.0, 1.0],
                [0.865728, -0.22362, -0.447783, -0.125006, 0.014204, -0.883306, 0.468581, -0.00283, -0.500314, -0.412023, -0.761526, -1.2e-05, 0.0, 0.0, 0.0, 1.0],
                [0.999797, -0.018961, -0.006815, -0.125006, -0.018689, -0.999104, 0.037945, -0.002831, -0.007528, -0.03781, -0.999256, -1.2e-05, 0.0, 0.0, 0.0, 1.0]
            ]
        },
        {
            "name": "Leg_L",
            "time": [0.0, 0.0833, 0.1667, 0.3],
            "transform": [
                [1.0, -0.0, 1e-06, 0.0, -0.0, 0.998308, 0.058158, 0.374726, -1e-06, -0.058158, 0.998307, -0.0, 0.0, 0.0, 0.0, 1.0],
                [1.0, -0.0, 1e-06, 0.0, -0.0, 0.786578, 0.617492, 0.374726, -1e-06, -0.617492, 0.786577, 0.0, 0.0, 0.0, 0.0, 1.0],
                [1.0, -1e-06, 1e-06, 0.0, -0.0, 0.695295, 0.718726, 0.374726, -1e-06, -0.718726, 0.695294, 0.0, 0.0, 0.0, 0.0, 1.0],
                [1.0, -0.0, 1e-06, -0.0, -0.0, 0.99714, 0.075587, 0.374726, -1e-06, -0.075587, 0.997139, 0.0, 0.0, 0.0, 0.0, 1.0]
            ]
        },
        {
            "name": "Knee_L",
            "time": [0.0, 0.3],
            "transform": [
                [1.0, 0.0, -0.0, -0.0, -0.0, 0.00567, -0.999984, 0.374726, -0.0, 0.999984, 0.00567, -0.0, 0.0, 0.0, 0.0, 1.0],
                [1.0, 0.0, -0.0, -0.0, -0.0, 0.00567, -0.999984, 0.374726, -0.0, 0.999984, 0.00567, -0.0, 0.0, 0.0, 0.0, 1.0]
            ]
        },
        {
            "name": "Torso",
            "time": [0.0, 0.1667, 0.3],
            "transform": [
                [1.0, 0.0, -0.0, 0.0, -0.0, 1.0, -0.000689, 0.05, -0.0, 0.000689, 1.0, -0.0, 0.0, 0.0, 0.0, 1.0],
                [0.999718, 0.016601, 0.017005, -0.0, -0.015025, 0.99592, -0.088986, 0.05, -0.018413, 0.088705, 0.995888, 0.0, 0.0, 0.0, 0.0, 1.0],
                [1.0, -0.0, 0.0, 0.0, 0.0, 1.0, -0.000689, 0.05, 0.0, 0.000689, 1.0, 0.0, 0.0, 0.0, 0.0, 1.0]
            ]
        },
        {
            "name": "Chest",
            "time": [0.0, 0.1667, 0.3],
            "transform": [
                [0.999846, -0.002503, -0.017346, -0.0, -0.000429, 0.985958, -0.166994, 0.3, 0.017521, 0.166976, 0.985805, -0.0, 0.0, 0.0, 0.0, 1.0],
                [0.964312, 0.024388, 0.263641, 0.0, -0.039473, 0.997863, 0.052073, 0.3, -0.261808, -0.060621, 0.963214, -0.0, 0.0, 0.0, 0.0, 1.0],
                [0.999846, -0.002503, -0.017346, 0.0, -0.000429, 0.985958, -0.166994, 0.3, 0.017521, 0.166976, 0.985805, 0.0, 0.0, 0.0, 0.0, 1.0]
            ]
        },
        {
            "name": "Head",
            "time": [0.0, 0.0833, 0.1667, 0.3],
            "transform": [
                [0.999928, -0.009919, 0.006807, -0.0, 0.008689, 0.986829, 0.16153, 0.4, -0.008319, -0.16146, 0.986844, -0.0, 0.0, 0.0, 0.0, 1.0],
                [0.940589, 0.096724, 0.325481, 0.0, -0.119476, 0.991547, 0.050606, 0.4, -0.317835, -0.086487, 0.944193, -0.0, 0.0, 0.0, 0.0, 1.0],
                [0.996926, 0.018871, 0.076046, -0.0, -0.021501, 0.999193, 0.033919, 0.4, -0.075345, -0.03545, 0.996527, -0.0, 0.0, 0.0, 0.0, 1.0],
                [0.999928, -0.009919, 0.006807, -0.0, 0.008689, 0.986829, 0.16153, 0.4, -0.008319, -0.16146, 0.986844, -0.0, 0.0, 0.0, 0.0, 1.0]
            ]
        },
        {
            "name": "Shoulder_R",
            "time": [0.0, 0.3],
            "transform": [
                [0.0, 0.952114, 0.305743, 8.9e-05, 0.0, -0.305743, 0.952114, 0.511173, 1.0, -0.0, -0.0, 0.001871, 0.0, 0.0, 0.0, 1.0],
                [0.0, 0.952114, 0.305743, 8.9e-05, 0.0, -0.305743, 0.952114, 0.511173, 1.0, -0.0, -0.0, 0.001871, 0.0, 0.0, 0.0, 1.0]
            ]
        },
        {
            "name": "Arm_R",
            "time": [0.0, 0.1667, 0.3],
            "transform": [
                [0.864962, -0.496607, -0.072279, 0.0, -0.090921, -0.013432, -0.995768, 0.39386, 0.493534, 0.867872, -0.05677, 0.0, 0.0, 0.0, 0.0, 1.0],
                [0.781075, 0.083317, -0.618855, 0.0, -0.609706, 0.31576, -0.727017, 0.393861, 0.134837, 0.945174, 0.297431, 0.0, 0.0, 0.0, 0.0, 1.0],
                [0.680755, 0.280107, -0.67684, -0.0, -0.730448, 0.190284, -0.655925, 0.393861, -0.054937, 0.940921, 0.33414, -0.0, 0.0, 0.0, 0.0, 1.0]
            ]
        },
        {
            "name": "Hand_R",
            "time": [0.0, 0.1667, 0.3],
            "transform": [
                [0.999999, -1e-06, 0.0, 0.0, 1e-06, 0.954808, -0.297223, 0.300003, 0.0, 0.297223, 0.954808, -0.0, 0.0, 0.0, 0.0, 1.0],
                [0.999999, -3e-06, 1e-06, 0.0, 3e-06, 0.885049, -0.465498, 0.300002, 1e-06, 0.465498, 0.885048, 0.0, 0.0, 0.0, 0.0, 1.0],
                [0.999999, -1e-06, 1e-06, -0.0, 2e-06, 0.824134, -0.566394, 0.300002, 0.0, 0.566394, 0.824135, -0.0, 0.0, 0.0, 0.0, 1.0]
            ]
        },
        {
            "name": "Tool_R",
            "time": [0.0, 0.3],
            "transform": [
                [1.0, -0.0, 0.0, 0.0, 0.0, -0.999559, -0.029689, 0.271711, 0.0, 0.029689, -0.99956, -0.028915, 0.0, 0.0, 0.0, 1.0],
                [1.0, -0.0, 0.0, -0.0, -0.0, -0.999559, -0.029689, 0.271711, 0.0, 0.029689, -0.99956, -0.028915, 0.0, 0.0, 0.0, 1.0]
            ]
        },
        {
            "name": "Elbow_R",
            "time": [0.0, 0.3],
            "transform": [
                [-1.0, 0.0, -0.0, 0.0, 0.0, 0.003946, -0.999992, 0.327478, -0.0, -0.999993, -0.003946, -0.001144, 0.0, 0.0, 0.0, 1.0],
                [-1.0, 0.0, -0.0, -0.0, 0.0, 0.003946, -0.999992, 0.355623, -0.0, -0.999992, -0.003946, -0.001033, 0.0, 0.0, 0.0, 1.0]
            ]
        },
        {
            "name": "Shoulder_L",
            "time": [0.0, 0.3],
            "transform": [
                [-0.0, -0.952114, -0.305743, 8.9e-05, 0.0, -0.305743, 0.952114, 0.511173, -1.0, -0.0, 0.0, 0.001871, 0.0, 0.0, 0.0, 1.0],
                [0.0, -0.952114, -0.305743, 8.9e-05, 0.0, -0.305743, 0.952114, 0.511173, -1.0, -0.0, 0.0, 0.001871, 0.0, 0.0, 0.0, 1.0]
            ]
        },
        {
            "name": "Arm_L",
            "time": [0.0, 0.0667, 0.1167, 0.3],
            "transform": [
                [0.876095, 0.469966, 0.107653, 0.0, 0.130099, -0.015437, -0.99138, 0.39386, -0.464252, 0.882549, -0.074667, -0.0, 0.0, 0.0, 0.0, 1.0],
                [0.893978, -0.339843, 0.292077, 0.0, 0.172783, -0.339977, -0.924425, 0.39386, 0.413459, 0.876882, -0.245213, -0.0, 0.0, 0.0, 0.0, 1.0],
                [0.92425, -0.30663, 0.227458, 0.0, 0.238772, -0.000631, -0.971075, 0.39386, 0.297905, 0.951828, 0.072631, 0.0, 0.0, 0.0, 0.0, 1.0],
                [0.665806, -0.289218, 0.687789, -0.0, 0.744206, 0.191363, -0.639951, 0.39386, 0.053469, 0.937941, 0.342648, -0.0, 0.0, 0.0, 0.0, 1.0]
            ]
        },
        {
            "name": "Hand_L",
            "time": [0.0, 0.0667, 0.1167, 0.3],
            "transform": [
                [1.0, 0.0, 0.0, -0.0, 0.0, 0.981506, -0.191435, 0.300003, -0.0, 0.191435, 0.981505, 0.0, 0.0, 0.0, 0.0, 1.0],
                [1.0, 0.0, 0.0, -0.0, 0.0, 1.0, -0.000995, 0.300003, -0.0, 0.000995, 1.0, 0.0, 0.0, 0.0, 0.0, 1.0],
                [1.0, -0.0, 0.0, -0.0, -0.0, 1.0, -0.000994, 0.300003, -0.0, 0.000994, 1.0, 0.0, 0.0, 0.0, 0.0, 1.0],
                [1.0, 0.0, 0.0, 0.0, 0.0, 0.810472, -0.585778, 0.300003, 0.0, 0.585779, 0.810472, 0.0, 0.0, 0.0, 0.0, 1.0]
            ]
        },
        {
            "name": "Tool_L",
            "time": [0.0, 0.3],
            "transform": [
                [1.0, -0.0, 0.0, 0.0, 0.0, -0.999559, -0.029689, 0.271711, 0.0, 0.029689, -0.99956, -0.028915, 0.0, 0.0, 0.0, 1.0],
                [1.0, -0.0, 0.0, 0.0, 0.0, -0.999559, -0.029689, 0.271711, 0.0, 0.029689, -0.99956, -0.028915, 0.0, 0.0, 0.0, 1.0]
            ]
        },
        {
            "name": "Elbow_L",
            "time": [0.0, 0.3],
            "transform": [
                [-1.0, 0.0, -0.0, -0.0, 0.0, 0.003946, -0.999992, 0.317249, -0.0, -0.999993, -0.003946, -0.001184, 0.0, 0.0, 0.0, 1.0],
                [-1.0, 0.0, -0.0, 0.0, 0.0, 0.003946, -0.999992, 0.357846, -0.0, -0.999993, -0.003946, -0.001024, 0.0, 0.0, 0.0, 1.0]
            ]
        }
    ]
}