{
    "animation": [
        {
            "name": "Root",
            "time": [0.0, 2.65],
            "transform": [
                [0.999942, 0.0, 0.010809, -5e-06, 0.010804, -0.030676, -0.999471, 0.072815, 0.000332, 0.999529, -0.030674, 0.670015, 0.0, 0.0, 0.0, 1.0],
                [0.999942, 0.0, 0.010809, -5e-06, 0.010804, -0.030676, -0.999471, 0.072815, 0.000332, 0.999529, -0.030674, 0.670015, 0.0, 0.0, 0.0, 1.0]
            ]
        },
        {
            "name": "Thigh_R",
            "time": [0.0, 1.3333, 2.65],
            "transform": [
                [0.999441, 0.009862, 0.03194, 0.124994, 0.01092, -0.999389, -0.033135, -0.002831, 0.031594, 0.033465, -0.998941, -1.2e-05, 0.0, 0.0, 0.0, 1.0],
                [0.999441, 0.009862, 0.03194, 0.124994, 0.01092, -0.999389, -0.033135, -0.002831, 0.031594, 0.033465, -0.998941, -1.2e-05, 0.0, 0.0, 0.0, 1.0],
                [0.999441, 0.009862, 0.03194, 0.124994, 0.01092, -0.999389, -0.033135, -0.002831, 0.031594, 0.033465, -0.998941, -1.2e-05, 0.0, 0.0, 0.0, 1.0]
            ]
        },
        {
            "name": "Leg_R",
            "time": [0.0, 1.3333, 2.65],
            "transform": [
                [1.0, -0.0, 1e-06, -0.0, -0.0, 0.999995, 0.004693, 0.374726, -1e-06, -0.004693, 0.999983, 0.0, 0.0, 0.0, 0.0, 1.0],
                [1.0, -0.0, 1e-06, -0.0, -0.0, 0.999995, 0.004693, 0.374726, -1e-06, -0.004693, 0.999983, 0.0, 0.0, 0.0, 0.0, 1.0],
                [1.0, -0.0, 1e-06, -0.0, -0.0, 0.999995, 0.004693, 0.374726, -1e-06, -0.004693, 0.999983, 0.0, 0.0, 0.0, 0.0, 1.0]
            ]
        },
        {
            "name": "Knee_R",
            "time": [0.0, 2.65],
            "transform": [
                [1.0, 0.0, -0.0, -0.0, -0.0, 0.00567, -0.999984, 0.374726, -0.0, 0.999984, 0.00567, -0.0, 0.0, 0.0, 0.0, 1.0],
                [1.0, 0.0, -0.0, -0.0, -0.0, 0.00567, -0.999984, 0.374726, -0.0, 0.999984, 0.00567, -0.0, 0.0, 0.0, 0.0, 1.0]
            ]
        },
        {
            "name": "Thigh_L",
            "time": [0.0, 1.3333, 2.65],
            "transform": [
                [0.999799, -0.015969, -0.012083, -0.125006, -0.016411, -0.999167, -0.037364, -0.002831, -0.011476, 0.037554, -0.999229, -1.2e-05, 0.0, 0.0, 0.0, 1.0],
                [0.999799, -0.015969, -0.012083, -0.125006, -0.016411, -0.999167, -0.037364, -0.002831, -0.011476, 0.037554, -0.999229, -1.2e-05, 0.0, 0.0, 0.0, 1.0],
                [0.999799, -0.015969, -0.012083, -0.125006, -0.016411, -0.999167, -0.037364, -0.002831, -0.011476, 0.037554, -0.999229, -1.2e-05, 0.0, 0.0, 0.0, 1.0]
            ]
        },
        {
            "name": "Leg_L",
            "time": [0.0, 1.3333, 2.65],
            "transform": [
                [1.0, -0.0, 1e-06, 0.0, -0.0, 0.99999, 0.004694, 0.374726, -1e-06, -0.004694, 0.999989, 0.0, 0.0, 0.0, 0.0, 1.0],
                [1.0, -0.0, 1e-06, 0.0, -0.0, 0.99999, 0.004694, 0.374726, -1e-06, -0.004694, 0.999989, -0.0, 0.0, 0.0, 0.0, 1.0],
                [1.0, -0.0, 1e-06, 0.0, -0.0, 0.99999, 0.004694, 0.374726, -1e-06, -0.004694, 0.999989, 0.0, 0.0, 0.0, 0.0, 1.0]
            ]
        },
        {
            "name": "Knee_L",
            "time": [0.0, 2.65],
            "transform": [
                [1.0, 0.0, -0.0, 0.0, -0.0, 0.00567, -0.999984, 0.374726, -0.0, 0.999984, 0.00567, 0.0, 0.0, 0.0, 0.0, 1.0],
                [1.0, 0.0, -0.0, 0.0, -0.0, 0.00567, -0.999984, 0.374726, -0.0, 0.999984, 0.00567, 0.0, 0.0, 0.0, 0.0, 1.0]
            ]
        },
        {
            "name": "Torso",
            "time": [0.0, 2.65],
            "transform": [
                [1.0, -0.0, -0.0, 0.0, 0.0, 1.0, -0.000689, 0.05, 0.0, 0.000689, 1.0, 0.0, 0.0, 0.0, 0.0, 1.0],
                [1.0, -0.0, -0.0, 0.0, 0.0, 1.0, -0.000689, 0.05, 0.0, 0.000689, 1.0, 0.0, 0.0, 0.0, 0.0, 1.0]
            ]
        },
        {
            "name": "Chest",
            "time": [0.0, 1.3333, 2.65],
            "transform": [
                [0.999846, -0.000976, -0.017496, -0.0, 0.000526, 0.999669, -0.025701, 0.3, 0.017515, 0.025688, 0.999516, -0.0, 0.0, 0.0, 0.0, 1.0],
                [0.999846, -0.001226, -0.017486, -0.0, 0.000371, 0.998809, -0.048785, 0.3, 0.017525, 0.048771, 0.998656, -0.0, 0.0, 0.0, 0.0, 1.0],
                [0.999846, -0.000976, -0.017496, -0.0, 0.000526, 0.999669, -0.025701, 0.3, 0.017515, 0.025688, 0.999516, -0.0, 0.0, 0.0, 0.0, 1.0]
            ]
        },
        {
            "name": "Head",
            "time": [0.0, 1.3333, 2.65],
            "transform": [
                [0.999945, -0.008146, 0.006677, 0.0, 0.008788, 0.994684, -0.102595, 0.4, -0.005806, 0.102648, 0.994701, -0.0, 0.0, 0.0, 0.0, 1.0],
                [0.999944, -0.008225, 0.006693, 0.0, 0.008798, 0.995841, -0.090681, 0.4, -0.005919, 0.090734, 0.995858, -0.0, 0.0, 0.0, 0.0, 1.0],
                [0.999945, -0.008146, 0.006677, 0.0, 0.008788, 0.994684, -0.102595, 0.4, -0.005806, 0.102648, 0.994701, -0.0, 0.0, 0.0, 0.0, 1.0]
            ]
        },
        {
            "name": "Shoulder_R",
            "time": [0.0, 2.65],
            "transform": [
                [0.0, 0.952114, 0.305743, 0.000126, 0.0, -0.305743, 0.952114, 0.46721, 1.0, -0.0, -0.0, 0.011876, 0.0, 0.0, 0.0, 1.0],
                [0.0, 0.952114, 0.305743, 0.000126, 0.0, -0.305743, 0.952114, 0.46721, 1.0, -0.0, -0.0, 0.011876, 0.0, 0.0, 0.0, 1.0]
            ]
        },
        {
            "name": "Arm_R",
            "time": [0.0, 1.3333, 2.65],
            "transform": [
                [0.730171, -0.581296, 0.359092, 0.0, 0.484323, 0.069621, -0.872115, 0.393861, 0.481957, 0.810709, 0.332371, 0.0, 0.0, 0.0, 0.0, 1.0],
                [0.712357, -0.599445, 0.364985, -0.0, 0.487109, 0.04791, -0.872026, 0.39386, 0.505246, 0.798982, 0.326125, 0.0, 0.0, 0.0, 0.0, 1.0],
                [0.730171, -0.581296, 0.359092, 0.0, 0.484323, 0.069621, -0.872115, 0.393861, 0.481957, 0.810709, 0.332371, 0.0, 0.0, 0.0, 0.0, 1.0]
            ]
        },
        {
            "name": "Hand_R",
            "time": [0.0, 1.3333, 2.65],
            "transform": [
                [0.999999, 1e-06, -0.0, -0.0, -1e-06, 0.870141, -0.492802, 0.300002, -0.0, 0.492801, 0.870141, 0.0, 0.0, 0.0, 0.0, 1.0],
                [0.999999, -1e-06, 0.0, -0.0, 1e-06, 0.898953, -0.438046, 0.300002, 0.0, 0.438046, 0.898953, -0.0, 0.0, 0.0, 0.0, 1.0],
                [0.999999, 1e-06, -0.0, -0.0, -1e-06, 0.870141, -0.492802, 0.300002, -0.0, 0.492801, 0.870141, 0.0, 0.0, 0.0, 0.0, 1.0]
            ]
        },
        {
            "name": "Tool_R",
            "time": [0.0, 2.65],
            "transform": [
                [1.0, -0.0, 0.0, 0.0, -0.0, -0.999559, -0.029689, 0.271711, 0.0, 0.029689, -0.99956, -0.028915, 0.0, 0.0, 0.0, 1.0],
                [1.0, -0.0, 0.0, 0.0, -0.0, -0.999559, -0.029689, 0.271711, 0.0, 0.029689, -0.99956, -0.028915, 0.0, 0.0, 0.0, 1.0]
            ]
        },
        {
            "name": "Elbow_R",
            "time": [0.0, 2.65],
            "transform": [
                [-1.0, 0.0, 0.0, 0.0, 0.0, 0.003946, -0.999992, 0.347488, -0.0, -0.999992, -0.003946, -0.001065, 0.0, 0.0, 0.0, 1.0],
                [-1.0, 0.0, 0.0, 0.0, 0.0, 0.003946, -0.999992, 0.347488, -0.0, -0.999992, -0.003946, -0.001065, 0.0, 0.0, 0.0, 1.0]
            ]
        },
        {
            "name": "Shoulder_L",
            "time": [0.0, 2.65],
            "transform": [
                [-0.0, -0.952114, -0.305743, 0.000126, 0.0, -0.305743, 0.952114, 0.46721, -1.0, -0.0, 0.0, 0.011876, 0.0, 0.0, 0.0, 1.0],
                [-0.0, -0.952114, -0.305743, 0.000126, 0.0, -0.305743, 0.952114, 0.46721, -1.0, -0.0, 0.0, 0.011876, 0.0, 0.0, 0.0, 1.0]
            ]
        },
        {
            "name": "Arm_L",
            "time": [0.0, 1.3333, 2.65],
            "transform": [
                [0.759132, 0.539116, -0.364791, 0.0, -0.468935, 0.064259, -0.880892, 0.39386, -0.451461, 0.839777, 0.301591, 0.0, 0.0, 0.0, 0.0, 1.0],
                [0.742, 0.557051, -0.373002, -0.0, -0.472416, 0.039694, -0.880481, 0.39386, -0.475666, 0.829529, 0.292612, -0.0, 0.0, 0.0, 0.0, 1.0],
                [0.759132, 0.539116, -0.364791, 0.0, -0.468935, 0.064259, -0.880892, 0.39386, -0.451461, 0.839777, 0.301591, 0.0, 0.0, 0.0, 0.0, 1.0]
            ]
        },
        {
            "name": "Hand_L",
            "time": [0.0, 1.3333, 2.65],
            "transform": [
                [1.0, -1e-06, 0.0, -0.0, 1e-06, 0.903691, -0.428186, 0.300003, 0.0, 0.428187, 0.903691, 0.0, 0.0, 0.0, 0.0, 1.0],
                [1.0, 1e-06, -0.0, 0.0, -1e-06, 0.930795, -0.365544, 0.300003, -0.0, 0.365544, 0.930794, -0.0, 0.0, 0.0, 0.0, 1.0],
                [1.0, -1e-06, 0.0, -0.0, 1e-06, 0.903691, -0.428186, 0.300003, 0.0, 0.428187, 0.903691, 0.0, 0.0, 0.0, 0.0, 1.0]
            ]
        },
        {
            "name": "Tool_L",
            "time": [0.0, 2.65],
            "transform": [
                [1.0, -0.0, 0.0, -0.0, 0.0, -0.999559, -0.029689, 0.271711, 0.0, 0.029689, -0.99956, -0.028915, 0.0, 0.0, 0.0, 1.0],
                [1.0, -0.0, 0.0, -0.0, 0.0, -0.999559, -0.029689, 0.271711, 0.0, 0.029689, -0.99956, -0.028915, 0.0, 0.0, 0.0, 1.0]
            ]
        },
        {
            "name": "Elbow_L",
            "time": [0.0, 2.65],
            "transform": [
                [-1.0, 0.0, -0.0, 0.0, 0.0, 0.003946, -0.999992, 0.340664, -0.0, -0.999992, -0.003946, -0.001092, 0.0, 0.0, 0.0, 1.0],
                [-1.0, 0.0, -0.0, 0.0, 0.0, 0.003946, -0.999992, 0.340664, -0.0, -0.999992, -0.003946, -0.001092, 0.0, 0.0, 0.0, 1.0]
            ]
        }
    ]
}