{
    "animation": [
        {
            "name": "Coord",
            "time": [0.0, 0.4, 0.6],
            "transform": [
                [1.0, 0.0, 0.0, -0.106202, 0.0, 0.0, -1.0, 2e-06, 0.0, 1.0, 0.0, -0.000216, 0.0, 0.0, 0.0, 1.0],
                [1.0, 0.0, 0.0, -0.637188, 0.0, 0.0, -1.0, 2e-06, 0.0, 1.0, 0.0, -0.000216, 0.0, 0.0, 0.0, 1.0],
                [1.0, 0.0, 0.0, -0.637188, 0.0, 0.0, -1.0, 2e-06, 0.0, 1.0, 0.0, -0.000216, 0.0, 0.0, 0.0, 1.0]
            ]
        },
        {
            "name": "Root",
            "time": [0.0, 0.0667, 0.2, 0.4, 0.6],
            "transform": [
                [0.996762, -0.078638, 0.016754, 0.064273, 0.080315, 0.98357, -0.16168, 0.544918, -0.003764, 0.162502, 0.986701, -0.044318, 0.0, 0.0, 0.0, 1.0],
                [0.988933, -0.147238, 0.018214, -0.007223, 0.147752, 0.988534, -0.031147, 0.559274, -0.013419, 0.033494, 0.999349, 0.053601, 0.0, 0.0, 0.0, 1.0],
                [0.982829, 0.183231, 0.021745, -0.065781, -0.184501, 0.977428, 0.102925, 0.521373, -0.002395, -0.10517, 0.994451, -0.03239, 0.0, 0.0, 0.0, 1.0],
                [0.996946, 0.077349, 0.010777, -0.066802, -0.077344, 0.997004, -0.000836, 0.554203, -0.010809, -0.0, 0.999942, -0.156224, 0.0, 0.0, 0.0, 1.0],
                [0.999942, 0.0, 0.010809, 0.0, 0.0, 1.0, 0.0, 0.52851, -0.010809, 0.0, 0.999942, -0.156224, 0.0, 0.0, 0.0, 1.0]
            ]
        },
        {
            "name": "Thigh_R",
            "time": [0.0, 0.0667, 0.25, 0.4, 0.5, 0.6],
            "transform": [
                [0.998788, 0.006779, 0.048738, 0.124994, 0.00355, -0.997809, 0.066034, -0.002831, 0.049078, -0.065781, -0.996627, -1.2e-05, 0.0, 0.0, 0.0, 1.0],
                [0.962873, 0.264171, 0.055569, 0.124994, 0.257009, -0.960047, 0.110689, -0.002831, 0.08259, -0.092298, -0.992301, -1.2e-05, 0.0, 0.0, 0.0, 1.0],
                [0.995542, 0.050069, -0.079932, 0.124994, 0.084732, -0.847027, 0.524751, -0.002831, -0.041431, -0.529183, -0.847495, -1.2e-05, 0.0, 0.0, 0.0, 1.0],
                [0.979428, 0.188653, 0.07163, 0.124994, 0.187887, -0.982035, 0.017345, -0.002831, 0.073616, -0.003529, -0.997281, -1.2e-05, 0.0, 0.0, 0.0, 1.0],
                [0.99457, 0.020029, 0.102122, 0.124994, 0.019374, -0.999783, 0.007401, -0.002831, 0.102248, -0.005382, -0.994745, -1.2e-05, 0.0, 0.0, 0.0, 1.0],
                [0.99946, 0.025206, 0.021081, 0.124994, 0.025087, -0.999666, 0.00589, -0.002831, 0.021223, -0.005358, -0.999761, -1.2e-05, 0.0, 0.0, 0.0, 1.0]
            ]
        },
        {
            "name": "Leg_R",
            "time": [0.0, 0.0667, 0.25, 0.4, 0.5, 0.6],
            "transform": [
                [1.0, -0.0, 1e-06, -0.0, -0.0, 0.985749, 0.168241, 0.374726, -1e-06, -0.168242, 0.985742, 0.0, 0.0, 0.0, 0.0, 1.0],
                [1.0, -0.0, 1e-06, 0.0, -0.0, 0.915627, 0.402036, 0.374726, -1e-06, -0.402039, 0.91562, 0.0, 0.0, 0.0, 0.0, 1.0],
                [1.0, -1e-06, 1e-06, -0.0, -0.0, 0.636182, 0.771538, 0.374726, -1e-06, -0.771544, 0.636178, 0.0, 0.0, 0.0, 0.0, 1.0],
                [1.0, -0.0, 1e-06, -0.0, -0.0, 0.999993, 0.00471, 0.374726, -1e-06, -0.00471, 0.999985, 0.0, 0.0, 0.0, 0.0, 1.0],
                [1.0, -0.0, 1e-06, -0.0, 0.0, 0.999993, 0.004692, 0.374726, -1e-06, -0.004692, 0.999985, -0.0, 0.0, 0.0, 0.0, 1.0],
                [1.0, -0.0, 1e-06, 0.0, 0.0, 0.999993, 0.00468, 0.374726, -1e-06, -0.00468, 0.999985, -0.0, 0.0, 0.0, 0.0, 1.0]
            ]
        },
        {
            "name": "Knee_R",
            "time": [0.0, 0.6],
            "transform": [
                [1.0, 0.0, -0.0, -0.0, -0.0, 0.00567, -0.999984, 0.374726, -0.0, 0.999984, 0.00567, 0.0, 0.0, 0.0, 0.0, 1.0],
                [1.0, 0.0, -0.0, 0.0, -0.0, 0.00567, -0.999984, 0.374726, -0.0, 0.999984, 0.00567, -0.0, 0.0, 0.0, 0.0, 1.0]
            ]
        },
        {
            "name": "Thigh_L",
            "time": [0.0, 0.0667, 0.25, 0.4, 0.5, 0.6],
            "transform": [
                [0.998796, -0.033386, 0.035944, -0.125006, -0.040819, -0.971988, 0.231457, -0.002831, 0.02721, -0.232646, -0.97218, -1.2e-05, 0.0, 0.0, 0.0, 1.0],
                [0.969597, 0.244708, 3.6e-05, -0.125006, 0.235278, -0.932274, 0.274787, -0.002831, 0.067276, -0.266424, -0.961505, -1.2e-05, 0.0, 0.0, 0.0, 1.0],
                [0.996459, 0.007601, -0.083733, -0.125006, 0.041068, -0.91302, 0.405841, -0.002831, -0.073365, -0.407843, -0.9101, -1.2e-05, 0.0, 0.0, 0.0, 1.0],
                [0.988632, 0.143911, 0.043536, -0.125006, 0.143783, -0.98959, 0.006078, -0.002831, 0.043958, 0.000251, -0.999033, -1.2e-05, 0.0, 0.0, 0.0, 1.0],
                [0.997026, -0.02274, 0.073634, -0.125006, -0.022789, -0.99974, -0.000183, -0.002831, 0.073619, -0.001496, -0.997285, -1.2e-05, 0.0, 0.0, 0.0, 1.0],
                [0.999797, -0.018685, -0.00755, -0.125006, -0.018674, -0.999824, 0.001541, -0.002831, -0.007578, -0.0014, -0.99997, -1.2e-05, 0.0, 0.0, 0.0, 1.0]
            ]
        },
        {
            "name": "Leg_L",
            "time": [0.0, 0.0667, 0.25, 0.4, 0.5, 0.6],
            "transform": [
                [1.0, -0.0, 1e-06, 0.0, -0.0, 0.871928, 0.489635, 0.374726, -1e-06, -0.489635, 0.871928, -0.0, 0.0, 0.0, 0.0, 1.0],
                [1.0, -1e-06, 1e-06, -0.0, -0.0, 0.659294, 0.751885, 0.374726, -1e-06, -0.751886, 0.659294, -0.0, 0.0, 0.0, 0.0, 1.0],
                [1.0, -0.0, 1e-06, -0.0, -0.0, 0.812363, 0.583153, 0.374726, -1e-06, -0.583153, 0.812362, -0.0, 0.0, 0.0, 0.0, 1.0],
                [1.0, -0.0, 1e-06, 0.0, 0.0, 0.99999, 0.004734, 0.374726, -1e-06, -0.004734, 0.999989, -0.0, 0.0, 0.0, 0.0, 1.0],
                [1.0, 0.0, 1e-06, -0.0, -0.0, 0.99999, 0.004709, 0.374726, -1e-06, -0.004709, 0.999989, -0.0, 0.0, 0.0, 0.0, 1.0],
                [1.0, -0.0, 1e-06, -0.0, 0.0, 0.99999, 0.004681, 0.374726, -1e-06, -0.004681, 0.999989, 0.0, 0.0, 0.0, 0.0, 1.0]
            ]
        },
        {
            "name": "Knee_L",
            "time": [0.0, 0.6],
            "transform": [
                [1.0, 0.0, -0.0, 0.0, -0.0, 0.00567, -0.999984, 0.374726, -0.0, 0.999984, 0.00567, -0.0, 0.0, 0.0, 0.0, 1.0],
                [1.0, 0.0, -0.0, -0.0, -0.0, 0.00567, -0.999984, 0.374726, -0.0, 0.999984, 0.00567, -0.0, 0.0, 0.0, 0.0, 1.0]
            ]
        },
        {
            "name": "Torso",
            "time": [0.0, 0.4, 0.6],
            "transform": [
                [1.0, -0.0, 0.0, 0.0, -0.0, 1.0, 0.0, 0.05, -0.0, -0.0, 1.0, -0.0, 0.0, 0.0, 0.0, 1.0],
                [1.0, -0.0, -0.0, 0.0, 0.0, 1.0, -0.000689, 0.05, -0.0, 0.000689, 1.0, 0.0, 0.0, 0.0, 0.0, 1.0],
                [1.0, 0.0, 0.0, -0.0, 0.0, 1.0, -0.000689, 0.05, 0.0, 0.000689, 1.0, 0.0, 0.0, 0.0, 0.0, 1.0]
            ]
        },
        {
            "name": "Chest",
            "time": [0.0, 0.0667, 0.2, 0.4, 0.6],
            "transform": [
                [0.998274, 0.057875, -0.009947, 0.0, -0.057349, 0.997256, 0.046814, 0.3, 0.012629, -0.046162, 0.998854, -0.0, 0.0, 0.0, 0.0, 1.0],
                [0.994208, 0.107474, -0.000685, 0.0, -0.10673, 0.988032, 0.111359, 0.3, 0.012645, -0.11064, 0.99378, -0.0, 0.0, 0.0, 0.0, 1.0],
                [0.995031, -0.098807, -0.012293, 0.0, 0.097837, 0.993171, -0.06356, 0.3, 0.018489, 0.062041, 0.997902, 0.0, 0.0, 0.0, 0.0, 1.0],
                [0.999846, -0.002503, -0.017346, -0.0, -0.000429, 0.985958, -0.166994, 0.3, 0.017521, 0.166976, 0.985805, -0.0, 0.0, 0.0, 0.0, 1.0],
                [0.999846, -0.002503, -0.017346, -0.0, -0.000429, 0.985958, -0.166994, 0.3, 0.017521, 0.166976, 0.985805, 0.0, 0.0, 0.0, 0.0, 1.0]
            ]
        },
        {
            "name": "Head",
            "time": [0.0, 0.0667, 0.2, 0.4, 0.6],
            "transform": [
                [0.999638, 0.026851, 0.00193, -0.0, -0.0269, 0.99346, 0.110963, 0.4, 0.001062, -0.110975, 0.993823, 0.0, 0.0, 0.0, 0.0, 1.0],
                [0.998289, 0.057461, -0.010833, -0.0, -0.058347, 0.991052, -0.120046, 0.4, 0.003838, 0.120473, 0.992709, 0.0, 0.0, 0.0, 0.0, 1.0],
                [0.997495, -0.069799, 0.011523, 0.0, 0.070681, 0.990164, -0.120742, 0.4, -0.002982, 0.121254, 0.992617, -0.0, 0.0, 0.0, 0.0, 1.0],
                [0.997381, -0.071972, 0.007193, -0.0, 0.069869, 0.984388, 0.161548, 0.4, -0.018708, -0.160622, 0.986839, -0.0, 0.0, 0.0, 0.0, 1.0],
                [0.999928, -0.009919, 0.006807, 0.0, 0.008689, 0.986829, 0.16153, 0.4, -0.008319, -0.16146, 0.986844, -0.0, 0.0, 0.0, 0.0, 1.0]
            ]
        },
        {
            "name": "Shoulder_R",
            "time": [0.0, 0.0667, 0.2, 0.4, 0.6],
            "transform": [
                [0.0, 0.952114, 0.305743, -0.059392, 0.0, -0.305743, 0.952114, 0.528804, 1.0, -0.0, -0.0, -0.000723, 0.0, 0.0, 0.0, 1.0],
                [0.0, 0.952114, 0.305743, -0.118872, -0.0, -0.305743, 0.952114, 0.546434, 1.0, -0.0, -0.0, -0.003317, 0.0, 0.0, 0.0, 1.0],
                [0.0, 0.952114, 0.305743, -0.118872, -0.0, -0.305743, 0.952114, 0.546435, 1.0, -0.0, -0.0, -0.003317, 0.0, 0.0, 0.0, 1.0],
                [0.0, 0.952114, 0.305743, 8.9e-05, -0.0, -0.305743, 0.952114, 0.511173, 1.0, -0.0, -0.0, 0.001871, 0.0, 0.0, 0.0, 1.0],
                [0.0, 0.952114, 0.305743, 8.9e-05, -0.0, -0.305743, 0.952114, 0.511173, 1.0, -0.0, -0.0, 0.001871, 0.0, 0.0, 0.0, 1.0]
            ]
        },
        {
            "name": "Arm_R",
            "time": [0.0, 0.0667, 0.1167, 0.2, 0.2667, 0.4, 0.5, 0.6],
            "transform": [
                [0.284421, -0.870684, 0.401266, 0.0, 0.574129, -0.180507, -0.798619, 0.39386, 0.767776, 0.457523, 0.448546, -0.0, 0.0, 0.0, 0.0, 1.0],
                [0.523129, -0.538751, 0.660368, 0.0, 0.489609, -0.444243, -0.750288, 0.393861, 0.697582, 0.715819, 0.031382, 0.0, 0.0, 0.0, 0.0, 1.0],
                [0.619586, -0.545602, 0.564301, -0.0, 0.437108, -0.357299, -0.825393, 0.393861, 0.65196, 0.758062, 0.017111, 0.0, 0.0, 0.0, 0.0, 1.0],
                [0.751344, -0.373911, 0.543758, -0.0, 0.381101, -0.42684, -0.820104, 0.393861, 0.538744, 0.823407, -0.178205, 0.0, 0.0, 0.0, 0.0, 1.0],
                [0.738512, -0.47895, 0.474563, 0.0, 0.402465, -0.251554, -0.880195, 0.393861, 0.540947, 0.841028, 0.006985, 0.0, 0.0, 0.0, 0.0, 1.0],
                [0.738472, -0.526454, 0.421316, 0.0, 0.425743, -0.120486, -0.896787, 0.39386, 0.522879, 0.841624, 0.135159, -0.0, 0.0, 0.0, 0.0, 1.0],
                [0.738237, -0.550509, 0.389805, 0.0, 0.440248, -0.044605, -0.896768, 0.39386, 0.511066, 0.833638, 0.209433, 0.0, 0.0, 0.0, 0.0, 1.0],
                [0.739029, -0.562124, 0.371286, 0.0, 0.453623, 0.007767, -0.89116, 0.39386, 0.498059, 0.827017, 0.260733, 0.0, 0.0, 0.0, 0.0, 1.0]
            ]
        },
        {
            "name": "Hand_R",
            "time": [0.0, 0.0667, 0.1167, 0.2, 0.2667, 0.4, 0.5, 0.6],
            "transform": [
                [0.999999, -2e-06, 1e-06, 0.0, 2e-06, 0.790855, -0.612003, 0.300003, 1e-06, 0.612002, 0.790855, -0.0, 0.0, 0.0, 0.0, 1.0],
                [0.999999, -2e-06, 0.0, -0.0, 2e-06, 0.979389, -0.201982, 0.300002, 0.0, 0.201982, 0.979389, -0.0, 0.0, 0.0, 0.0, 1.0],
                [1.0, 0.0, -0.0, -0.0, 0.0, 0.899022, -0.437903, 0.300003, -0.0, 0.437904, 0.899022, -0.0, 0.0, 0.0, 0.0, 1.0],
                [0.999999, -1e-06, 0.0, 0.0, 1e-06, 0.955813, -0.293973, 0.300003, 0.0, 0.293973, 0.955813, 0.0, 0.0, 0.0, 0.0, 1.0],
                [0.999999, -0.0, -0.0, 0.0, -0.0, 0.901738, -0.432282, 0.300002, -0.0, 0.432282, 0.901738, -0.0, 0.0, 0.0, 0.0, 1.0],
                [1.0, -1e-06, 0.0, 0.0, 1e-06, 0.984203, -0.177042, 0.300003, 0.0, 0.177042, 0.984203, 0.0, 0.0, 0.0, 0.0, 1.0],
                [0.999999, -0.0, 0.0, 0.0, 1e-06, 0.957055, -0.289907, 0.300003, 0.0, 0.289907, 0.957055, -0.0, 0.0, 0.0, 0.0, 1.0],
                [1.0, -2e-06, 1e-06, -0.0, 2e-06, 0.937874, -0.346975, 0.300003, 0.0, 0.346975, 0.937874, 0.0, 0.0, 0.0, 0.0, 1.0]
            ]
        },
        {
            "name": "Tool_R",
            "time": [0.0, 0.6],
            "transform": [
                [1.0, 0.0, 0.0, -0.0, -0.0, -0.999559, -0.029689, 0.271711, 0.0, 0.029689, -0.99956, -0.028915, 0.0, 0.0, 0.0, 1.0],
                [1.0, -0.0, 0.0, 0.0, -0.0, -0.999559, -0.029689, 0.271711, 0.0, 0.029689, -0.99956, -0.028915, 0.0, 0.0, 0.0, 1.0]
            ]
        },
        {
            "name": "Elbow_R",
            "time": [0.0, 0.6],
            "transform": [
                [-1.0, 0.0, -0.0, -0.0, -0.0, 0.003946, -0.999992, 0.360915, -0.0, -0.999992, -0.003946, -0.001012, 0.0, 0.0, 0.0, 1.0],
                [-1.0, 0.0, 0.0, -0.0, 0.0, 0.003946, -0.999992, 0.332404, -0.0, -0.999992, -0.003946, -0.001124, 0.0, 0.0, 0.0, 1.0]
            ]
        },
        {
            "name": "Shoulder_L",
            "time": [0.0, 0.0667, 0.2, 0.4, 0.6],
            "transform": [
                [-0.0, -0.952114, -0.305744, 0.053606, 0.0, -0.305743, 0.952114, 0.531657, -1.0, -0.0, 0.0, -0.001978, 0.0, 0.0, 0.0, 1.0],
                [-0.0, -0.952114, -0.305743, 0.107122, 0.0, -0.305743, 0.952114, 0.552141, -1.0, -0.0, 0.0, -0.005826, 0.0, 0.0, 0.0, 1.0],
                [-0.0, -0.952114, -0.305743, 0.107122, 0.0, -0.305743, 0.952114, 0.552142, -1.0, -0.0, 0.0, -0.005826, 0.0, 0.0, 0.0, 1.0],
                [-0.0, -0.952114, -0.305743, 8.9e-05, 0.0, -0.305743, 0.952114, 0.511173, -1.0, 0.0, 0.0, 0.001871, 0.0, 0.0, 0.0, 1.0],
                [-0.0, -0.952114, -0.305743, 8.9e-05, 0.0, -0.305743, 0.952114, 0.511173, -1.0, -0.0, 0.0, 0.001871, 0.0, 0.0, 0.0, 1.0]
            ]
        },
        {
            "name": "Arm_L",
            "time": [0.0, 0.0667, 0.1167, 0.2, 0.3167, 0.4, 0.5, 0.6],
            "transform": [
                [0.650174, 0.637518, -0.413334, 0.0, -0.415225, -0.157445, -0.89599, 0.39386, -0.636287, 0.754176, 0.162346, 0.0, 0.0, 0.0, 0.0, 1.0],
                [0.707735, 0.539304, -0.456356, 0.0, -0.346569, -0.297861, -0.889476, 0.39386, -0.615629, 0.787673, -0.023901, 0.0, 0.0, 0.0, 0.0, 1.0],
                [0.684396, 0.570084, -0.45454, 0.0, -0.423707, -0.196369, -0.884257, 0.39386, -0.593358, 0.797774, 0.107154, 0.0, 0.0, 0.0, 0.0, 1.0],
                [0.663052, 0.51737, -0.541009, 0.0, -0.528826, -0.187781, -0.827696, 0.39386, -0.529815, 0.834905, 0.149089, 0.0, 0.0, 0.0, 0.0, 1.0],
                [0.709314, 0.695408, -0.115248, -0.0, -0.519136, 0.404762, -0.752771, 0.39386, -0.476834, 0.593781, 0.648114, 0.0, 0.0, 0.0, 0.0, 1.0],
                [0.73998, 0.635812, -0.219483, 0.0, -0.501341, 0.303812, -0.810157, 0.39386, -0.448425, 0.709536, 0.543573, 0.0, 0.0, 0.0, 0.0, 1.0],
                [0.754962, 0.592477, -0.281073, -0.0, -0.465974, 0.183101, -0.865645, 0.39386, -0.46141, 0.784503, 0.414313, -0.0, 0.0, 0.0, 0.0, 1.0],
                [0.769901, 0.511233, -0.381961, 0.0, -0.429732, -0.027163, -0.902547, 0.39386, -0.471786, 0.859013, 0.19878, 0.0, 0.0, 0.0, 0.0, 1.0]
            ]
        },
        {
            "name": "Hand_L",
            "time": [0.0, 0.0667, 0.1167, 0.2, 0.3167, 0.4, 0.5, 0.6],
            "transform": [
                [1.0, 0.0, 0.0, -0.0, 0.0, 1.0, -0.000995, 0.300003, 0.0, 0.000995, 1.0, -0.0, 0.0, 0.0, 0.0, 1.0],
                [1.0, -1e-06, 0.0, 0.0, 1e-06, 0.944311, -0.329057, 0.300003, 0.0, 0.329056, 0.94431, -0.0, 0.0, 0.0, 0.0, 1.0],
                [1.0, 2e-06, -1e-06, 0.0, -2e-06, 0.801454, -0.598056, 0.300003, -1e-06, 0.598058, 0.801454, -0.0, 0.0, 0.0, 0.0, 1.0],
                [1.0, 5e-06, -2e-06, 0.0, -5e-06, 0.724807, -0.688952, 0.300003, -2e-06, 0.688953, 0.724806, -0.0, 0.0, 0.0, 0.0, 1.0],
                [1.0, 9e-06, -7e-06, -0.0, -8e-06, 0.172189, -0.985064, 0.300003, -7e-06, 0.985065, 0.172189, -0.0, 0.0, 0.0, 0.0, 1.0],
                [1.0, -4e-06, 2e-06, -0.0, 4e-06, 0.640275, -0.768146, 0.300002, 2e-06, 0.768148, 0.640274, -0.0, 0.0, 0.0, 0.0, 1.0],
                [1.0, 2e-06, -1e-06, 0.0, -2e-06, 0.799638, -0.600482, 0.300003, -1e-06, 0.600483, 0.799638, 0.0, 0.0, 0.0, 0.0, 1.0],
                [1.0, -1e-06, 0.0, 0.0, 1e-06, 0.97516, -0.221503, 0.300003, 0.0, 0.221503, 0.97516, -0.0, 0.0, 0.0, 0.0, 1.0]
            ]
        },
        {
            "name": "Tool_L",
            "time": [0.0, 0.6],
            "transform": [
                [1.0, -0.0, 0.0, 0.0, -0.0, -0.999559, -0.029689, 0.271711, 0.0, 0.029689, -0.99956, -0.028915, 0.0, 0.0, 0.0, 1.0],
                [1.0, 0.0, 0.0, -0.0, 0.0, -0.999559, -0.029689, 0.271711, 0.0, 0.029689, -0.99956, -0.028915, 0.0, 0.0, 0.0, 1.0]
            ]
        },
        {
            "name": "Elbow_L",
            "time": [0.0, 0.6],
            "transform": [
                [-1.0, 0.0, -0.0, -0.0, 0.0, 0.003946, -0.999992, 0.300007, -0.0, -0.999992, -0.003946, -0.001252, 0.0, 0.0, 0.0, 1.0],
                [-1.0, 0.0, -0.0, 0.0, 0.0, 0.003946, -0.999992, 0.320129, -0.0, -0.999993, -0.003946, -0.001173, 0.0, 0.0, 0.0, 1.0]
            ]
        }
    ]
}