{
    "animation": [
        {
            "name": "Coord",
            "time": [0.0, 0.05, 0.1],
            "transform": [
                [1.0, 0.0, 0.0, -5e-06, 0.0, 0.0, -1.0, -0.424457, 0.0, 1.0, 0.0, -1.568611, 0.0, 0.0, 0.0, 1.0],
                [1.0, 0.0, 0.0, -5e-06, 0.0, 0.0, -1.0, -0.302699, 0.0, 1.0, 0.0, -1.687646, 0.0, 0.0, 0.0, 1.0],
                [1.0, 0.0, 0.0, -5e-06, 0.0, 0.0, -1.0, -0.302699, 0.0, 1.0, 0.0, -1.687646, 0.0, 0.0, 0.0, 1.0]
            ]
        },
        {
            "name": "Root",
            "time": [0.0, 0.05, 0.1],
            "transform": [
                [0.999942, 0.0, 0.010809, 0.0, -0.000234, 0.999765, 0.021668, 0.76301, -0.010806, -0.021669, 0.999707, -0.000944, 0.0, 0.0, 0.0, 1.0],
                [0.999942, 0.0, 0.010809, 0.0, 0.0, 1.0, 0.0, 0.76301, -0.010809, 0.0, 0.999942, -0.250944, 0.0, 0.0, 0.0, 1.0],
                [0.999942, 0.0, 0.010809, 0.0, 0.0, 1.0, 0.0, 0.76301, -0.010809, 0.0, 0.999942, -0.250944, 0.0, 0.0, 0.0, 1.0]
            ]
        },
        {
            "name": "Thigh_R",
            "time": [0.0, 0.05, 0.1],
            "transform": [
                [0.999665, 0.02564, 0.003452, 0.124994, 0.025185, -0.99497, 0.096937, -0.00283, 0.00592, -0.096818, -0.995285, -1.2e-05, 0.0, 0.0, 0.0, 1.0],
                [0.999462, 0.025219, 0.020984, 0.124994, 0.025061, -0.999654, 0.007784, -0.002831, 0.021173, -0.007254, -0.99975, -1.2e-05, 0.0, 0.0, 0.0, 1.0],
                [0.999462, 0.025219, 0.020984, 0.124994, 0.025061, -0.999654, 0.007784, -0.002831, 0.021173, -0.007254, -0.99975, -1.2e-05, 0.0, 0.0, 0.0, 1.0]
            ]
        },
        {
            "name": "Leg_R",
            "time": [0.0, 0.05, 0.1],
            "transform": [
                [1.0, -0.0, 1e-06, -0.0, -0.0, 0.960489, 0.278335, 0.374726, -1e-06, -0.278338, 0.960478, -0.0, 0.0, 0.0, 0.0, 1.0],
                [1.0, 0.0, 1e-06, 0.0, 0.0, 0.999996, 0.00468, 0.374726, -1e-06, -0.00468, 0.999983, -0.0, 0.0, 0.0, 0.0, 1.0],
                [1.0, 0.0, 1e-06, 0.0, 0.0, 0.999996, 0.00468, 0.374726, -1e-06, -0.00468, 0.999983, -0.0, 0.0, 0.0, 0.0, 1.0]
            ]
        },
        {
            "name": "Knee_R",
            "time": [0.0, 0.1],
            "transform": [
                [1.0, 0.0, -0.0, -0.0, -0.0, 0.00567, -0.999984, 0.374726, -0.0, 0.999984, 0.00567, -0.0, 0.0, 0.0, 0.0, 1.0],
                [1.0, 0.0, -0.0, -0.0, -0.0, 0.00567, -0.999984, 0.374726, -0.0, 0.999984, 0.00567, -0.0, 0.0, 0.0, 0.0, 1.0]
            ]
        },
        {
            "name": "Thigh_L",
            "time": [0.0, 0.05, 0.1],
            "transform": [
                [0.999781, -0.018162, 0.010334, -0.125006, -0.018955, -0.996396, 0.082677, -0.002831, 0.008795, -0.082855, -0.996523, -1.2e-05, 0.0, 0.0, 0.0, 1.0],
                [0.999798, -0.018659, -0.007432, -0.125006, -0.018634, -0.99982, 0.003434, -0.002831, -0.007495, -0.003295, -0.999966, -1.2e-05, 0.0, 0.0, 0.0, 1.0],
                [0.999798, -0.018659, -0.007432, -0.125006, -0.018634, -0.99982, 0.003434, -0.002831, -0.007495, -0.003295, -0.999966, -1.2e-05, 0.0, 0.0, 0.0, 1.0]
            ]
        },
        {
            "name": "Leg_L",
            "time": [0.0, 0.05, 0.1],
            "transform": [
                [1.0, -0.0, 1e-06, -0.0, -0.0, 0.965912, 0.258876, 0.374726, -1e-06, -0.258876, 0.96591, -0.0, 0.0, 0.0, 0.0, 1.0],
                [1.0, -0.0, 1e-06, -0.0, -0.0, 0.99999, 0.004681, 0.374726, -1e-06, -0.004681, 0.999989, 0.0, 0.0, 0.0, 0.0, 1.0],
                [1.0, -0.0, 1e-06, -0.0, -0.0, 0.99999, 0.004681, 0.374726, -1e-06, -0.004681, 0.999989, 0.0, 0.0, 0.0, 0.0, 1.0]
            ]
        },
        {
            "name": "Knee_L",
            "time": [0.0, 0.1],
            "transform": [
                [1.0, 0.0, -0.0, 0.0, -0.0, 0.00567, -0.999984, 0.374726, -0.0, 0.999984, 0.00567, -0.0, 0.0, 0.0, 0.0, 1.0],
                [1.0, 0.0, -0.0, -0.0, -0.0, 0.00567, -0.999984, 0.374726, -0.0, 0.999984, 0.00567, 0.0, 0.0, 0.0, 0.0, 1.0]
            ]
        },
        {
            "name": "Torso",
            "time": [0.0, 0.05, 0.1],
            "transform": [
                [1.0, 0.0, -0.0, 0.0, -0.0, 1.0, 0.0, 0.05, 0.0, 0.0, 1.0, 0.0, 0.0, 0.0, 0.0, 1.0],
                [1.0, 0.0, 0.0, -0.0, 0.0, 1.0, -0.000689, 0.05, 0.0, 0.000689, 1.0, -0.0, 0.0, 0.0, 0.0, 1.0],
                [1.0, 0.0, 0.0, -0.0, 0.0, 1.0, -0.000689, 0.05, 0.0, 0.000689, 1.0, -0.0, 0.0, 0.0, 0.0, 1.0]
            ]
        },
        {
            "name": "Chest",
            "time": [0.0, 0.05, 0.1],
            "transform": [
                [1.0, -0.000345, 5e-06, -0.0, 0.000345, 0.99949, -0.031913, 0.3, 6e-06, 0.031913, 0.999491, -0.0, 0.0, 0.0, 0.0, 1.0],
                [0.999846, -0.002503, -0.017346, -0.0, -0.000429, 0.985958, -0.166994, 0.3, 0.017521, 0.166976, 0.985805, -0.0, 0.0, 0.0, 0.0, 1.0],
                [0.999846, -0.002503, -0.017346, -0.0, -0.000429, 0.985958, -0.166994, 0.3, 0.017521, 0.166976, 0.985805, -0.0, 0.0, 0.0, 0.0, 1.0]
            ]
        },
        {
            "name": "Head",
            "time": [0.0, 0.05, 0.1],
            "transform": [
                [0.999946, -0.000555, -0.010371, 0.0, 0.000549, 1.0, -0.000562, 0.4, 0.010371, 0.000556, 0.999946, 0.0, 0.0, 0.0, 0.0, 1.0],
                [0.999928, -0.009919, 0.006807, 0.0, 0.008689, 0.986829, 0.16153, 0.4, -0.008319, -0.16146, 0.986844, 0.0, 0.0, 0.0, 0.0, 1.0],
                [0.999928, -0.009919, 0.006807, 0.0, 0.008689, 0.986829, 0.16153, 0.4, -0.008319, -0.16146, 0.986844, 0.0, 0.0, 0.0, 0.0, 1.0]
            ]
        },
        {
            "name": "Shoulder_R",
            "time": [0.0, 0.05, 0.1],
            "transform": [
                [0.0, 0.952114, 0.305743, 8.9e-05, 0.0, -0.305743, 0.952114, 0.511173, 1.0, -0.0, -0.0, 0.001871, 0.0, 0.0, 0.0, 1.0],
                [0.0, 0.952114, 0.305743, -0.001009, 0.0, -0.305743, 0.952114, 0.483726, 1.0, -0.0, -0.0, -0.159503, 0.0, 0.0, 0.0, 1.0],
                [0.0, 0.952114, 0.305743, -0.001009, 0.0, -0.305743, 0.952114, 0.483726, 1.0, -0.0, -0.0, -0.159503, 0.0, 0.0, 0.0, 1.0]
            ]
        },
        {
            "name": "Arm_R",
            "time": [0.0, 0.05, 0.1],
            "transform": [
                [0.153709, -0.95359, 0.258924, -0.0, 0.778456, -0.044528, -0.626118, 0.393861, 0.608589, 0.297801, 0.735483, 0.0, 0.0, 0.0, 0.0, 1.0],
                [0.36508, -0.928484, 0.068089, -0.0, 0.437436, 0.106519, -0.892918, 0.39386, 0.821807, 0.35577, 0.445041, -0.0, 0.0, 0.0, 0.0, 1.0],
                [0.36508, -0.928484, 0.068089, -0.0, 0.437436, 0.106519, -0.892918, 0.39386, 0.821807, 0.35577, 0.445041, -0.0, 0.0, 0.0, 0.0, 1.0]
            ]
        },
        {
            "name": "Hand_R",
            "time": [0.0, 0.05, 0.1],
            "transform": [
                [1.0, -2e-06, 1e-06, -0.0, 2e-06, 0.879812, -0.475323, 0.300002, 0.0, 0.475323, 0.879812, 0.0, 0.0, 0.0, 0.0, 1.0],
                [0.999999, 0.0, 0.0, 0.0, 0.0, 0.723612, -0.690207, 0.300003, -0.0, 0.690207, 0.723612, 0.0, 0.0, 0.0, 0.0, 1.0],
                [0.999999, 0.0, 0.0, 0.0, 0.0, 0.723612, -0.690207, 0.300003, -0.0, 0.690207, 0.723612, 0.0, 0.0, 0.0, 0.0, 1.0]
            ]
        },
        {
            "name": "Tool_R",
            "time": [0.0, 0.1],
            "transform": [
                [1.0, 0.0, 0.0, 0.0, -0.0, -0.999559, -0.029689, 0.271711, 0.0, 0.029689, -0.99956, -0.028915, 0.0, 0.0, 0.0, 1.0],
                [1.0, 0.0, 0.0, -0.0, 0.0, -0.999559, -0.029689, 0.271711, 0.0, 0.029689, -0.99956, -0.028915, 0.0, 0.0, 0.0, 1.0]
            ]
        },
        {
            "name": "Elbow_R",
            "time": [0.0, 0.1],
            "transform": [
                [-1.0, 0.0, -0.0, -0.0, 0.0, 0.003946, -0.999992, 0.345616, -0.0, -0.999992, -0.003946, -0.001072, 0.0, 0.0, 0.0, 1.0],
                [-1.0, 0.0, -0.0, 0.0, 0.0, 0.003946, -0.999992, 0.370584, -0.0, -0.999992, -0.003946, -0.000974, 0.0, 0.0, 0.0, 1.0]
            ]
        },
        {
            "name": "Shoulder_L",
            "time": [0.0, 0.05, 0.1],
            "transform": [
                [-0.0, -0.952114, -0.305743, 8.9e-05, 0.0, -0.305743, 0.952114, 0.511173, -1.0, -0.0, 0.0, 0.001871, 0.0, 0.0, 0.0, 1.0],
                [-0.0, -0.952114, -0.305743, -0.001009, 0.0, -0.305743, 0.952114, 0.483726, -1.0, -0.0, 0.0, -0.159503, 0.0, 0.0, 0.0, 1.0],
                [-0.0, -0.952114, -0.305743, -0.001009, 0.0, -0.305743, 0.952114, 0.483726, -1.0, -0.0, 0.0, -0.159503, 0.0, 0.0, 0.0, 1.0]
            ]
        },
        {
            "name": "Arm_L",
            "time": [0.0, 0.05, 0.1],
            "transform": [
                [0.151993, 0.938926, -0.308733, 0.0, -0.788717, -0.073032, -0.610402, 0.39386, -0.59567, 0.33628, 0.729446, -0.0, 0.0, 0.0, 0.0, 1.0],
                [0.407149, 0.91219, -0.046243, -0.0, -0.42535, 0.144561, -0.893408, 0.39386, -0.808272, 0.383421, 0.446857, 0.0, 0.0, 0.0, 0.0, 1.0],
                [0.407149, 0.91219, -0.046243, -0.0, -0.42535, 0.144561, -0.893408, 0.39386, -0.808272, 0.383421, 0.446857, 0.0, 0.0, 0.0, 0.0, 1.0]
            ]
        },
        {
            "name": "Hand_L",
            "time": [0.0, 0.05, 0.1],
            "transform": [
                [1.0, 0.0, -0.0, 0.0, -0.0, 0.916293, -0.400511, 0.300003, -0.0, 0.400511, 0.916292, 0.0, 0.0, 0.0, 0.0, 1.0],
                [1.0, 0.0, -0.0, -0.0, -0.0, 0.701604, -0.712566, 0.300003, -0.0, 0.712568, 0.701604, 0.0, 0.0, 0.0, 0.0, 1.0],
                [1.0, 0.0, -0.0, -0.0, -0.0, 0.701604, -0.712566, 0.300003, -0.0, 0.712568, 0.701604, 0.0, 0.0, 0.0, 0.0, 1.0]
            ]
        },
        {
            "name": "Tool_L",
            "time": [0.0, 0.1],
            "transform": [
                [1.0, -0.0, 0.0, -0.0, -0.0, -0.999559, -0.029689, 0.271711, 0.0, 0.029689, -0.99956, -0.028915, 0.0, 0.0, 0.0, 1.0],
                [1.0, 0.0, 0.0, -0.0, 0.0, -0.999559, -0.029689, 0.271711, 0.0, 0.029689, -0.99956, -0.028915, 0.0, 0.0, 0.0, 1.0]
            ]
        },
        {
            "name": "Elbow_L",
            "time": [0.0, 0.1],
            "transform": [
                [-1.0, 0.0, -0.0, 0.0, 0.0, 0.003946, -0.999992, 0.337814, -0.0, -0.999992, -0.003946, -0.001103, 0.0, 0.0, 0.0, 1.0],
                [-1.0, 0.0, -0.0, 0.0, 0.0, 0.003946, -0.999992, 0.373524, -0.0, -0.999993, -0.003946, -0.000962, 0.0, 0.0, 0.0, 1.0]
            ]
        }
    ]
}