{
    "animation": [
        {
            "name": "Root",
            "time": [0.0, 1.6667],
            "transform": [
                [0.954152, 0.282008, 0.100327, 0.117091, 0.104571, 0.0, -0.994517, -0.0177, -0.280462, 0.959412, -0.02949, 0.580649, 0.0, 0.0, 0.0, 1.0],
                [0.954152, 0.282008, 0.100327, 0.117091, 0.104571, 0.0, -0.994517, -0.0177, -0.280462, 0.959412, -0.02949, 0.580649, 0.0, 0.0, 0.0, 1.0]
            ]
        },
        {
            "name": "Thigh_R",
            "time": [0.0, 1.6667],
            "transform": [
                [0.770302, 0.004222, 0.637666, 0.124994, -0.110282, -0.984027, 0.139736, -0.002831, 0.628071, -0.177962, -0.757534, -1.2e-05, 0.0, 0.0, 0.0, 1.0],
                [0.770302, 0.004222, 0.637666, 0.124994, -0.110282, -0.984027, 0.139736, -0.002831, 0.628071, -0.177962, -0.757534, -1.2e-05, 0.0, 0.0, 0.0, 1.0]
            ]
        },
        {
            "name": "Leg_R",
            "time": [0.0, 1.6667],
            "transform": [
                [1.0, -1e-06, 1e-06, 0.0, -0.0, 0.684362, 0.729143, 0.374726, -1e-06, -0.729145, 0.684358, 0.0, 0.0, 0.0, 0.0, 1.0],
                [1.0, -1e-06, 1e-06, 0.0, -0.0, 0.684362, 0.729143, 0.374726, -1e-06, -0.729145, 0.684358, 0.0, 0.0, 0.0, 0.0, 1.0]
            ]
        },
        {
            "name": "Knee_R",
            "time": [0.0, 1.6667],
            "transform": [
                [1.0, 0.0, -0.0, 0.0, -0.0, 0.00567, -0.999984, 0.404362, -0.0, 0.999984, 0.00567, -0.000168, 0.0, 0.0, 0.0, 1.0],
                [1.0, 0.0, -0.0, 0.0, -0.0, 0.00567, -0.999984, 0.404362, -0.0, 0.999984, 0.00567, -0.000168, 0.0, 0.0, 0.0, 1.0]
            ]
        },
        {
            "name": "Thigh_L",
            "time": [0.0, 1.6667],
            "transform": [
                [0.992371, 0.112266, 0.050949, -0.125006, 0.062251, -0.812997, 0.578931, -0.002831, 0.106415, -0.571342, -0.813783, -1.2e-05, 0.0, 0.0, 0.0, 1.0],
                [0.992371, 0.112266, 0.050949, -0.125006, 0.062251, -0.812997, 0.578931, -0.002831, 0.106415, -0.571342, -0.813783, -1.2e-05, 0.0, 0.0, 0.0, 1.0]
            ]
        },
        {
            "name": "Leg_L",
            "time": [0.0, 1.6667],
            "transform": [
                [1.0, -0.0, 1e-06, 0.0, -0.0, 0.825293, 0.564705, 0.374726, -1e-06, -0.564705, 0.825293, -0.0, 0.0, 0.0, 0.0, 1.0],
                [1.0, -0.0, 1e-06, 0.0, -0.0, 0.825293, 0.564705, 0.374726, -1e-06, -0.564705, 0.825293, -0.0, 0.0, 0.0, 0.0, 1.0]
            ]
        },
        {
            "name": "Knee_L",
            "time": [0.0, 1.6667],
            "transform": [
                [1.0, 0.0, -0.0, 0.0, -0.0, 0.00567, -0.999984, 0.381569, -0.0, 0.999984, 0.00567, -3.9e-05, 0.0, 0.0, 0.0, 1.0],
                [1.0, 0.0, -0.0, 0.0, -0.0, 0.00567, -0.999984, 0.381569, -0.0, 0.999984, 0.00567, -3.9e-05, 0.0, 0.0, 0.0, 1.0]
            ]
        },
        {
            "name": "Torso",
            "time": [0.0, 1.6667],
            "transform": [
                [1.0, -0.0, 0.0, -0.0, 0.0, 1.0, -0.000689, 0.05, 0.0, 0.000689, 1.0, -0.0, 0.0, 0.0, 0.0, 1.0],
                [1.0, -0.0, 0.0, -0.0, 0.0, 1.0, -0.000689, 0.05, 0.0, 0.000689, 1.0, -0.0, 0.0, 0.0, 0.0, 1.0]
            ]
        },
        {
            "name": "Chest",
            "time": [0.0, 0.8333, 1.6667],
            "transform": [
                [0.973718, -0.219738, -0.059906, -0.0, 0.220715, 0.975286, 0.010132, 0.3, 0.056199, -0.023088, 0.998153, 0.0, 0.0, 0.0, 0.0, 1.0],
                [0.971491, -0.229738, -0.058529, -0.0, 0.230446, 0.973069, 0.005551, 0.3, 0.055678, -0.01888, 0.99827, 0.0, 0.0, 0.0, 0.0, 1.0],
                [0.973718, -0.219738, -0.059906, -0.0, 0.220715, 0.975286, 0.010132, 0.3, 0.056199, -0.023088, 0.998153, 0.0, 0.0, 0.0, 0.0, 1.0]
            ]
        },
        {
            "name": "Head",
            "time": [0.0, 0.8333, 1.6667],
            "transform": [
                [0.997527, -0.061006, 0.034918, -0.0, 0.054787, 0.985996, 0.157514, 0.4, -0.044038, -0.155211, 0.986899, 0.0, 0.0, 0.0, 0.0, 1.0],
                [0.997821, -0.055175, 0.036179, -0.0, 0.049191, 0.987552, 0.149403, 0.4, -0.043972, -0.147298, 0.988114, -0.0, 0.0, 0.0, 0.0, 1.0],
                [0.997527, -0.061006, 0.034918, -0.0, 0.054787, 0.985996, 0.157514, 0.4, -0.044038, -0.155211, 0.986899, 0.0, 0.0, 0.0, 0.0, 1.0]
            ]
        },
        {
            "name": "Shoulder_R",
            "time": [0.0, 1.6667],
            "transform": [
                [0.025877, 0.94658, 0.321428, -0.0, -0.045237, -0.320097, 0.946304, 0.4, 0.998641, -0.039028, 0.034537, 0.0, 0.0, 0.0, 0.0, 1.0],
                [0.025877, 0.94658, 0.321428, -0.0, -0.045237, -0.320097, 0.946304, 0.4, 0.998641, -0.039028, 0.034537, 0.0, 0.0, 0.0, 0.0, 1.0]
            ]
        },
        {
            "name": "Arm_R",
            "time": [0.0, 1.6667],
            "transform": [
                [0.390457, 0.022871, -0.920337, -0.0, 0.838181, 0.404656, 0.365658, 0.393861, 0.380783, -0.914183, 0.138831, 0.0, 0.0, 0.0, 0.0, 1.0],
                [0.390457, 0.022871, -0.920337, -0.0, 0.838181, 0.404656, 0.365658, 0.393861, 0.380783, -0.914183, 0.138831, 0.0, 0.0, 0.0, 0.0, 1.0]
            ]
        },
        {
            "name": "Hand_R",
            "time": [0.0, 1.6667],
            "transform": [
                [1.0, 0.0, 0.0, -0.0, 0.0, 0.999999, -0.000992, 0.300003, -0.0, 0.000992, 1.0, -0.0, 0.0, 0.0, 0.0, 1.0],
                [1.0, 0.0, 0.0, -0.0, 0.0, 0.999999, -0.000992, 0.300003, -0.0, 0.000992, 1.0, -0.0, 0.0, 0.0, 0.0, 1.0]
            ]
        },
        {
            "name": "Tool_R",
            "time": [0.0, 1.6667],
            "transform": [
                [1.0, -0.0, 0.0, 0.0, 0.0, -0.999559, -0.029689, 0.271711, 0.0, 0.029689, -0.99956, -0.028915, 0.0, 0.0, 0.0, 1.0],
                [1.0, -0.0, 0.0, 0.0, 0.0, -0.999559, -0.029689, 0.271711, 0.0, 0.029689, -0.99956, -0.028915, 0.0, 0.0, 0.0, 1.0]
            ]
        },
        {
            "name": "Elbow_R",
            "time": [0.0, 1.6667],
            "transform": [
                [-1.0, 0.0, -0.0, 0.0, 0.0, 0.003946, -0.999992, 0.300008, -0.0, -0.999993, -0.003946, -0.001252, 0.0, 0.0, 0.0, 1.0],
                [-1.0, 0.0, -0.0, 0.0, 0.0, 0.003946, -0.999992, 0.300008, -0.0, -0.999993, -0.003946, -0.001252, 0.0, 0.0, 0.0, 1.0]
            ]
        },
        {
            "name": "Shoulder_L",
            "time": [0.0, 1.6667],
            "transform": [
                [-0.0, -0.952114, -0.305743, -0.0, 0.0, -0.305743, 0.952114, 0.4, -1.0, -0.0, 0.0, 0.0, 0.0, 0.0, 0.0, 1.0],
                [-0.0, -0.952114, -0.305743, -0.0, 0.0, -0.305743, 0.952114, 0.4, -1.0, -0.0, 0.0, 0.0, 0.0, 0.0, 0.0, 1.0]
            ]
        },
        {
            "name": "Arm_L",
            "time": [0.0, 1.6667],
            "transform": [
                [0.633715, 0.068402, 0.770536, 0.0, 0.771827, 0.010835, -0.635739, 0.39386, -0.051835, 0.997599, -0.045928, 0.0, 0.0, 0.0, 0.0, 1.0],
                [0.633715, 0.068402, 0.770536, 0.0, 0.771827, 0.010835, -0.635739, 0.39386, -0.051835, 0.997599, -0.045928, 0.0, 0.0, 0.0, 0.0, 1.0]
            ]
        },
        {
            "name": "Hand_L",
            "time": [0.0, 1.6667],
            "transform": [
                [1.0, -0.0, 0.0, -0.0, 0.0, 0.990812, -0.135247, 0.300003, -0.0, 0.135247, 0.990812, 0.0, 0.0, 0.0, 0.0, 1.0],
                [1.0, -0.0, 0.0, -0.0, 0.0, 0.990812, -0.135247, 0.300003, -0.0, 0.135247, 0.990812, 0.0, 0.0, 0.0, 0.0, 1.0]
            ]
        },
        {
            "name": "Tool_L",
            "time": [0.0, 1.6667],
            "transform": [
                [1.0, 0.0, 0.0, 0.0, 0.0, -0.999559, -0.029689, 0.271711, 0.0, 0.029689, -0.999559, -0.028915, 0.0, 0.0, 0.0, 1.0],
                [1.0, 0.0, 0.0, 0.0, 0.0, -0.999559, -0.029689, 0.271711, 0.0, 0.029689, -0.999559, -0.028915, 0.0, 0.0, 0.0, 1.0]
            ]
        },
        {
            "name": "Elbow_L",
            "time": [0.0, 1.6667],
            "transform": [
                [-1.0, 0.0, -0.0, -0.0, 0.0, 0.003946, -0.999992, 0.311911, -0.0, -0.999993, -0.003946, -0.001205, 0.0, 0.0, 0.0, 1.0],
                [-1.0, 0.0, -0.0, -0.0, 0.0, 0.003946, -0.999992, 0.311911, -0.0, -0.999993, -0.003946, -0.001205, 0.0, 0.0, 0.0, 1.0]
            ]
        }
    ]
}