{
    "animation": [
        {
            "name": "Root",
            "time": [0.0, 1.3333, 2.6667],
            "transform": [
                [0.999942, -0.0, 0.010809, -5e-06, 0.010809, -1e-06, -0.999942, 0.156227, 0.0, 1.0, -1e-06, 0.528295, 0.0, 0.0, 0.0, 1.0],
                [0.999942, 0.0, 0.010809, -5e-06, 0.010809, -0.00113, -0.999941, 0.156226, 1.2e-05, 0.999999, -0.00113, 0.537189, 0.0, 0.0, 0.0, 1.0],
                [0.999942, -0.0, 0.010809, -5e-06, 0.010809, -1e-06, -0.999942, 0.156227, 0.0, 1.0, -1e-06, 0.528295, 0.0, 0.0, 0.0, 1.0]
            ]
        },
        {
            "name": "Thigh_R",
            "time": [0.0, 1.3333, 2.6667],
            "transform": [
                [0.999459, 0.026396, 0.019597, 0.124994, 0.025118, -0.997705, 0.062851, -0.002831, 0.021211, -0.062325, -0.997831, -1.2e-05, 0.0, 0.0, 0.0, 1.0],
                [0.999519, 0.019573, 0.024027, 0.124994, 0.017992, -0.997763, 0.064352, -0.002831, 0.025233, -0.063889, -0.997638, -1.2e-05, 0.0, 0.0, 0.0, 1.0],
                [0.999459, 0.026396, 0.019597, 0.124994, 0.025118, -0.997705, 0.062851, -0.002831, 0.021211, -0.062325, -0.997831, -1.2e-05, 0.0, 0.0, 0.0, 1.0]
            ]
        },
        {
            "name": "Leg_R",
            "time": [0.0, 1.3333, 2.6667],
            "transform": [
                [1.0, -0.0, 1e-06, 0.0, -0.0, 0.99319, 0.116559, 0.374726, -1e-06, -0.116561, 0.993177, -0.0, 0.0, 0.0, 0.0, 1.0],
                [1.0, -0.0, 1e-06, 0.0, -0.0, 0.992563, 0.121779, 0.374726, -1e-06, -0.12178, 0.99255, -0.0, 0.0, 0.0, 0.0, 1.0],
                [1.0, -0.0, 1e-06, 0.0, -0.0, 0.99319, 0.116559, 0.374726, -1e-06, -0.116561, 0.993177, -0.0, 0.0, 0.0, 0.0, 1.0]
            ]
        },
        {
            "name": "Knee_R",
            "time": [0.0, 2.6667],
            "transform": [
                [1.0, 0.0, -0.0, -0.0, -0.0, 0.00567, -0.999984, 0.374726, -0.0, 0.999984, 0.00567, -0.0, 0.0, 0.0, 0.0, 1.0],
                [1.0, 0.0, -0.0, -0.0, -0.0, 0.00567, -0.999984, 0.374726, -0.0, 0.999984, 0.00567, -0.0, 0.0, 0.0, 0.0, 1.0]
            ]
        },
        {
            "name": "Thigh_L",
            "time": [0.0, 1.3333, 2.6667],
            "transform": [
                [0.999797, -0.018958, -0.006817, -0.125006, -0.018686, -0.999106, 0.037921, -0.002831, -0.00753, -0.037786, -0.999257, -1.2e-05, 0.0, 0.0, 0.0, 1.0],
                [0.999865, -0.012042, -0.011149, -0.125006, -0.011593, -0.999153, 0.039483, -0.002831, -0.011615, -0.039348, -0.999157, -1.2e-05, 0.0, 0.0, 0.0, 1.0],
                [0.999797, -0.018958, -0.006817, -0.125006, -0.018686, -0.999106, 0.037921, -0.002831, -0.00753, -0.037786, -0.999257, -1.2e-05, 0.0, 0.0, 0.0, 1.0]
            ]
        },
        {
            "name": "Leg_L",
            "time": [0.0, 1.3333, 2.6667],
            "transform": [
                [1.0, -0.0, 1e-06, -0.0, -0.0, 0.997144, 0.07554, 0.374726, -1e-06, -0.07554, 0.997142, 0.0, 0.0, 0.0, 0.0, 1.0],
                [1.0, -0.0, 1e-06, -0.0, -0.0, 0.996709, 0.081072, 0.374726, -1e-06, -0.081072, 0.996708, 0.0, 0.0, 0.0, 0.0, 1.0],
                [1.0, -0.0, 1e-06, -0.0, -0.0, 0.997144, 0.07554, 0.374726, -1e-06, -0.07554, 0.997142, 0.0, 0.0, 0.0, 0.0, 1.0]
            ]
        },
        {
            "name": "Knee_L",
            "time": [0.0, 2.6667],
            "transform": [
                [1.0, 0.0, -0.0, 0.0, -0.0, 0.00567, -0.999984, 0.374726, -0.0, 0.999984, 0.00567, 0.0, 0.0, 0.0, 0.0, 1.0],
                [1.0, 0.0, -0.0, 0.0, -0.0, 0.00567, -0.999984, 0.374726, -0.0, 0.999984, 0.00567, 0.0, 0.0, 0.0, 0.0, 1.0]
            ]
        },
        {
            "name": "Torso",
            "time": [0.0, 1.3333, 2.6667],
            "transform": [
                [1.0, 0.0, -0.0, 0.0, -0.0, 1.0, -0.000689, 0.05, -0.0, 0.000689, 1.0, 0.0, 0.0, 0.0, 0.0, 1.0],
                [1.0, 0.0, -0.0, -0.0, -0.0, 1.0, -0.000689, 0.05, 0.0, 0.000689, 1.0, -0.0, 0.0, 0.0, 0.0, 1.0],
                [1.0, 0.0, -0.0, 0.0, -0.0, 1.0, -0.000689, 0.05, -0.0, 0.000689, 1.0, 0.0, 0.0, 0.0, 0.0, 1.0]
            ]
        },
        {
            "name": "Chest",
            "time": [0.0, 1.3333, 2.6667],
            "transform": [
                [0.999846, -0.002503, -0.017346, 0.0, -0.000429, 0.985958, -0.166994, 0.3, 0.017521, 0.166976, 0.985805, -0.0, 0.0, 0.0, 0.0, 1.0],
                [0.999847, -0.002767, -0.017298, 0.0, -0.000595, 0.981512, -0.191399, 0.3, 0.017508, 0.19138, 0.98136, 0.0, 0.0, 0.0, 0.0, 1.0],
                [0.999846, -0.002503, -0.017346, 0.0, -0.000429, 0.985956, -0.167006, 0.3, 0.017521, 0.166987, 0.985803, -0.0, 0.0, 0.0, 0.0, 1.0]
            ]
        },
        {
            "name": "Head",
            "time": [0.0, 2.6667],
            "transform": [
                [0.999928, -0.009919, 0.006807, -0.0, 0.008689, 0.986829, 0.16153, 0.4, -0.008319, -0.16146, 0.986844, -0.0, 0.0, 0.0, 0.0, 1.0],
                [0.999928, -0.009919, 0.006807, 0.0, 0.008689, 0.986829, 0.16153, 0.4, -0.008319, -0.16146, 0.986844, -0.0, 0.0, 0.0, 0.0, 1.0]
            ]
        },
        {
            "name": "Shoulder_R",
            "time": [0.0, 1.3333, 2.6667],
            "transform": [
                [0.0, 0.952114, 0.305743, 8.9e-05, 0.0, -0.305743, 0.952114, 0.511173, 1.0, -0.0, -0.0, 0.001871, 0.0, 0.0, 0.0, 1.0],
                [0.0, 0.952114, 0.305743, 8.9e-05, 0.0, -0.305743, 0.952114, 0.511173, 1.0, 0.0, -0.0, 0.001871, 0.0, 0.0, 0.0, 1.0],
                [0.0, 0.952114, 0.305743, 8.9e-05, 0.0, -0.305743, 0.952114, 0.511173, 1.0, -0.0, -0.0, 0.001871, 0.0, 0.0, 0.0, 1.0]
            ]
        },
        {
            "name": "Arm_R",
            "time": [0.0, 1.3333, 2.6667],
            "transform": [
                [0.868498, -0.486998, -0.092439, -0.0, -0.103538, 0.004146, -0.994617, 0.393861, 0.484761, 0.873394, -0.046821, 0.0, 0.0, 0.0, 0.0, 1.0],
                [0.844387, -0.529108, -0.083999, 0.0, -0.074157, 0.039847, -0.996451, 0.393861, 0.530578, 0.847619, -0.005591, -0.0, 0.0, 0.0, 0.0, 1.0],
                [0.868488, -0.487019, -0.09242, 0.0, -0.103529, 0.004124, -0.994618, 0.39386, 0.484779, 0.873382, -0.046839, 0.0, 0.0, 0.0, 0.0, 1.0]
            ]
        },
        {
            "name": "Hand_R",
            "time": [0.0, 1.3333, 2.6667],
            "transform": [
                [1.0, -3e-06, 1e-06, 0.0, 3e-06, 0.952513, -0.304498, 0.300002, 0.0, 0.304499, 0.952513, 0.0, 0.0, 0.0, 0.0, 1.0],
                [0.999999, -1e-06, 0.0, 0.0, 1e-06, 0.933291, -0.359121, 0.300002, 0.0, 0.35912, 0.933291, -0.0, 0.0, 0.0, 0.0, 1.0],
                [1.0, -0.0, 0.0, -0.0, -0.0, 0.952528, -0.304448, 0.300003, -0.0, 0.304448, 0.952528, 0.0, 0.0, 0.0, 0.0, 1.0]
            ]
        },
        {
            "name": "Tool_R",
            "time": [0.0, 2.6667],
            "transform": [
                [1.0, 0.0, 0.0, -0.0, 0.0, -0.999559, -0.029689, 0.271711, 0.0, 0.029689, -0.99956, -0.028915, 0.0, 0.0, 0.0, 1.0],
                [1.0, -0.0, 0.0, 0.0, 0.0, -0.999559, -0.029689, 0.271711, 0.0, 0.029689, -0.99956, -0.028915, 0.0, 0.0, 0.0, 1.0]
            ]
        },
        {
            "name": "Elbow_R",
            "time": [0.0, 2.6667],
            "transform": [
                [-1.0, 0.0, -0.0, -0.0, 0.0, 0.003946, -0.999992, 0.328193, -0.0, -0.999992, -0.003946, -0.001141, 0.0, 0.0, 0.0, 1.0],
                [-1.0, 0.0, 0.0, -0.0, 0.0, 0.003946, -0.999992, 0.328189, -0.0, -0.999993, -0.003946, -0.001141, 0.0, 0.0, 0.0, 1.0]
            ]
        },
        {
            "name": "Shoulder_L",
            "time": [0.0, 1.3333, 2.6667],
            "transform": [
                [-0.0, -0.952114, -0.305743, 8.9e-05, 0.0, -0.305743, 0.952114, 0.511173, -1.0, -0.0, 0.0, 0.001871, 0.0, 0.0, 0.0, 1.0],
                [-0.0, -0.952114, -0.305743, 8.9e-05, 0.0, -0.305743, 0.952114, 0.511173, -1.0, -0.0, 0.0, 0.001871, 0.0, 0.0, 0.0, 1.0],
                [-0.0, -0.952114, -0.305743, 8.9e-05, 0.0, -0.305743, 0.952114, 0.511173, -1.0, -0.0, 0.0, 0.001871, 0.0, 0.0, 0.0, 1.0]
            ]
        },
        {
            "name": "Arm_L",
            "time": [0.0, 1.3333, 2.6667],
            "transform": [
                [0.879341, 0.465466, 0.100501, -0.0, 0.141938, -0.054743, -0.98836, 0.39386, -0.454546, 0.883371, -0.114206, 0.0, 0.0, 0.0, 0.0, 1.0],
                [0.858138, 0.503448, 0.100688, -0.0, 0.112803, 0.00644, -0.993596, 0.39386, -0.500871, 0.864001, -0.051264, -0.0, 0.0, 0.0, 0.0, 1.0],
                [0.879333, 0.465488, 0.10047, -0.0, 0.14193, -0.054787, -0.98836, 0.39386, -0.454564, 0.883357, -0.114243, -0.0, 0.0, 0.0, 0.0, 1.0]
            ]
        },
        {
            "name": "Hand_L",
            "time": [0.0, 1.3333, 2.6667],
            "transform": [
                [1.0, -0.0, 0.0, 0.0, 0.0, 0.98954, -0.144262, 0.300003, 0.0, 0.144262, 0.98954, -0.0, 0.0, 0.0, 0.0, 1.0],
                [1.0, 1e-06, -0.0, 0.0, -1e-06, 0.96731, -0.253598, 0.300003, -0.0, 0.253598, 0.96731, -0.0, 0.0, 0.0, 0.0, 1.0],
                [1.0, 0.0, 0.0, 0.0, 0.0, 0.989554, -0.144164, 0.300003, -0.0, 0.144164, 0.989554, 0.0, 0.0, 0.0, 0.0, 1.0]
            ]
        },
        {
            "name": "Tool_L",
            "time": [0.0, 2.6667],
            "transform": [
                [1.0, 0.0, 0.0, 0.0, 0.0, -0.999559, -0.029689, 0.271711, 0.0, 0.029689, -0.99956, -0.028915, 0.0, 0.0, 0.0, 1.0],
                [1.0, -0.0, 0.0, 0.0, -0.0, -0.999559, -0.029689, 0.271711, 0.0, 0.029689, -0.99956, -0.028915, 0.0, 0.0, 0.0, 1.0]
            ]
        },
        {
            "name": "Elbow_L",
            "time": [0.0, 2.6667],
            "transform": [
                [-1.0, 0.0, -0.0, 0.0, 0.0, 0.003946, -0.999992, 0.312765, -0.0, -0.999993, -0.003946, -0.001202, 0.0, 0.0, 0.0, 1.0],
                [-1.0, 0.0, -0.0, -0.0, 0.0, 0.003946, -0.999992, 0.312755, -0.0, -0.999992, -0.003946, -0.001202, 0.0, 0.0, 0.0, 1.0]
            ]
        }
    ]
}