{
    "animation": [
        {
            "name": "Root",
            "time": [0.0, 0.25, 0.7667, 10000.0],
            "transform": [
                [0.999942, 0.0, 0.010809, -5e-06, 0.010451, 0.25519, -0.966834, 0.000946, -0.002758, 0.966891, 0.255175, 0.760649, 0.0, 0.0, 0.0, 1.0],
                [0.999942, -0.0, 0.010809, -5e-06, -0.003618, 0.94233, 0.334665, -0.173522, -0.010186, -0.334685, 0.942275, 0.859932, 0.0, 0.0, 0.0, 1.0],
                [0.999942, 0.0, 0.010809, -5e-06, -0.010803, 0.032915, 0.9994, -0.00718, -0.000356, -0.999458, 0.032913, 1.215533, 0.0, 0.0, 0.0, 1.0],
                [0.999942, 0.0, 0.010809, -5e-06, -0.010803, 0.032915, 0.9994, -0.00718, -0.000356, -0.999458, 0.032913, 1.215533, 0.0, 0.0, 0.0, 1.0]
            ]
        },
        {
            "name": "Thigh_R",
            "time": [0.0, 0.1, 0.25, 0.3667, 0.7667, 10000.0],
            "transform": [
                [0.999165, 0.040542, 0.005035, 0.124994, 0.033009, -0.873783, 0.485192, -0.002831, 0.024071, -0.48462, -0.874393, -1.2e-05, 0.0, 0.0, 0.0, 1.0],
                [0.968162, 0.149009, 0.201142, 0.124994, 0.034874, -0.875982, 0.481081, -0.002831, 0.247883, -0.458749, -0.85329, -1.2e-05, 0.0, 0.0, 0.0, 1.0],
                [0.952234, 0.093397, 0.290737, 0.124994, 0.065802, -0.99247, 0.103305, -0.002831, 0.298197, -0.07924, -0.95121, -1.2e-05, 0.0, 0.0, 0.0, 1.0],
                [0.990594, -0.010894, 0.136399, 0.124994, 0.036954, -0.938487, -0.34333, -0.002831, 0.131749, 0.34514, -0.929259, -1.2e-05, 0.0, 0.0, 0.0, 1.0],
                [0.989165, -0.035816, 0.142371, 0.124994, -0.032156, -0.999091, -0.027928, -0.002831, 0.143242, 0.023047, -0.98942, -1.2e-05, 0.0, 0.0, 0.0, 1.0],
                [0.989165, -0.035816, 0.142371, 0.124994, -0.032156, -0.999091, -0.027928, -0.002831, 0.143242, 0.023047, -0.98942, -1.2e-05, 0.0, 0.0, 0.0, 1.0]
            ]
        },
        {
            "name": "Leg_R",
            "time": [0.0, 0.1, 0.25, 0.3667, 0.7667, 10000.0],
            "transform": [
                [1.0, -1e-06, 1e-06, -0.0, -0.0, 0.634587, 0.772852, 0.374726, -1e-06, -0.772856, 0.634581, -0.0, 0.0, 0.0, 0.0, 1.0],
                [1.000001, -1e-06, 1e-06, 0.0, -0.0, 0.535355, 0.844626, 0.374726, -1e-06, -0.844632, 0.53535, 0.0, 0.0, 0.0, 0.0, 1.0],
                [1.000001, -0.0, 1e-06, 0.0, -0.0, 0.774334, 0.63278, 0.374726, -1e-06, -0.632787, 0.774324, -0.0, 0.0, 0.0, 0.0, 1.0],
                [1.000001, -0.0, 1e-06, 0.0, -0.0, 0.985173, 0.17162, 0.374726, -1e-06, -0.171622, 0.985155, -0.0, 0.0, 0.0, 0.0, 1.0],
                [1.0, -0.0, 1e-06, 0.0, 0.0, 0.999996, 0.004722, 0.374726, -1e-06, -0.004722, 0.999982, -0.0, 0.0, 0.0, 0.0, 1.0],
                [1.0, -0.0, 1e-06, -0.0, -0.0, 0.999998, 0.004722, 0.374726, -1e-06, -0.004722, 0.99998, -0.0, 0.0, 0.0, 0.0, 1.0]
            ]
        },
        {
            "name": "Knee_R",
            "time": [0.0, 10000.0],
            "transform": [
                [1.0, 0.0, -0.0, 0.0, -0.0, 0.00567, -0.999984, 0.411321, -0.0, 0.999984, 0.00567, -0.000208, 0.0, 0.0, 0.0, 1.0],
                [1.0, 0.0, -0.0, -0.0, -0.0, 0.00567, -0.999984, 0.374726, -0.0, 0.999984, 0.00567, -0.0, 0.0, 0.0, 0.0, 1.0]
            ]
        },
        {
            "name": "Thigh_L",
            "time": [0.0, 0.1, 0.25, 0.3667, 0.7667, 10000.0],
            "transform": [
                [0.999116, -0.042048, 0.000145, -0.125006, -0.041898, -0.995268, 0.087668, -0.002831, -0.003542, -0.087597, -0.99615, -1.2e-05, 0.0, 0.0, 0.0, 1.0],
                [0.997635, -0.052441, -0.044432, -0.125006, -0.049404, -0.996536, 0.066899, -0.002831, -0.047786, -0.064545, -0.99677, -1.2e-05, 0.0, 0.0, 0.0, 1.0],
                [0.996518, -0.015521, -0.081915, -0.125006, -0.026097, -0.991215, -0.129666, -0.002831, -0.079183, 0.131352, -0.988169, -1.2e-05, 0.0, 0.0, 0.0, 1.0],
                [0.998499, -0.024862, -0.048791, -0.125006, -0.038038, -0.955852, -0.291377, -0.002831, -0.039393, 0.292795, -0.955364, -1.2e-05, 0.0, 0.0, 0.0, 1.0],
                [0.999545, -0.004467, -0.029842, -0.125006, -0.004376, -0.999985, 0.003131, -0.002831, -0.029856, -0.002999, -0.99955, -1.2e-05, 0.0, 0.0, 0.0, 1.0],
                [0.999544, -0.004467, -0.029842, -0.125006, -0.004376, -0.999986, 0.003131, -0.002831, -0.029856, -0.002999, -0.99955, -1.2e-05, 0.0, 0.0, 0.0, 1.0]
            ]
        },
        {
            "name": "Leg_L",
            "time": [0.0, 0.1, 0.25, 0.3667, 0.7667, 10000.0],
            "transform": [
                [1.0, -0.0, 1e-06, 0.0, -0.0, 0.979219, 0.202807, 0.374726, -1e-06, -0.202808, 0.979218, 0.0, 0.0, 0.0, 0.0, 1.0],
                [1.0, -0.0, 1e-06, -0.0, -0.0, 0.922311, 0.386448, 0.374726, -1e-06, -0.386449, 0.92231, -0.0, 0.0, 0.0, 0.0, 1.0],
                [1.0, -0.0, 1e-06, -0.0, -0.0, 0.976983, 0.213318, 0.374726, -1e-06, -0.213319, 0.976982, 0.0, 0.0, 0.0, 0.0, 1.0],
                [1.0, -0.0, 1e-06, -0.0, -0.0, 0.975693, 0.219144, 0.374726, -1e-06, -0.219145, 0.97569, 0.0, 0.0, 0.0, 0.0, 1.0],
                [1.0, -0.0, 1e-06, -0.0, -0.0, 0.99999, 0.004726, 0.374726, -1e-06, -0.004726, 0.999988, 0.0, 0.0, 0.0, 0.0, 1.0],
                [1.0, -0.0, 1e-06, -0.0, -0.0, 0.99999, 0.004726, 0.374726, -1e-06, -0.004726, 0.999987, 0.0, 0.0, 0.0, 0.0, 1.0]
            ]
        },
        {
            "name": "Knee_L",
            "time": [0.0, 10000.0],
            "transform": [
                [1.0, 0.0, -0.0, -0.0, -0.0, 0.00567, -0.999984, 0.374726, -0.0, 0.999984, 0.00567, -0.0, 0.0, 0.0, 0.0, 1.0],
                [1.0, 0.0, -0.0, -0.0, -0.0, 0.00567, -0.999984, 0.374726, -0.0, 0.999984, 0.00567, -0.0, 0.0, 0.0, 0.0, 1.0]
            ]
        },
        {
            "name": "Torso",
            "time": [0.0, 0.7667, 10000.0],
            "transform": [
                [1.0, 0.0, 0.0, 0.0, 0.0, 1.0, -0.000689, 0.05, 0.0, 0.000689, 1.0, -0.0, 0.0, 0.0, 0.0, 1.0],
                [1.0, -0.0, -0.0, 0.0, 0.0, 1.0, -0.000689, 0.05, -0.0, 0.000689, 1.0, -0.0, 0.0, 0.0, 0.0, 1.0],
                [1.0, -0.0, -0.0, 0.0, 0.0, 1.0, -0.000689, 0.05, -0.0, 0.000689, 1.0, -0.0, 0.0, 0.0, 0.0, 1.0]
            ]
        },
        {
            "name": "Chest",
            "time": [0.0, 0.1, 0.25, 0.7667, 10000.0],
            "transform": [
                [0.998266, 0.00124, -0.058861, -0.0, 0.005524, 0.993394, 0.114617, 0.3, 0.058614, -0.114744, 0.991664, -0.0, 0.0, 0.0, 0.0, 1.0],
                [0.998639, -0.001094, -0.052146, -0.0, 0.001746, 0.999921, 0.012468, 0.3, 0.052128, -0.012542, 0.998562, -0.0, 0.0, 0.0, 0.0, 1.0],
                [0.999572, -0.002603, -0.029133, -0.0, -0.004769, 0.968202, -0.250124, 0.3, 0.028858, 0.250156, 0.967776, -0.0, 0.0, 0.0, 0.0, 1.0],
                [1.0, 0.000148, 1e-06, 0.0, -0.000148, 0.999907, 0.013655, 0.3, 1e-06, -0.013655, 0.999907, -0.0, 0.0, 0.0, 0.0, 1.0],
                [1.0, 0.000148, 1e-06, 0.0, -0.000148, 0.999907, 0.013655, 0.3, 1e-06, -0.013655, 0.999907, -0.0, 0.0, 0.0, 0.0, 1.0]
            ]
        },
        {
            "name": "Head",
            "time": [0.0, 0.1667, 0.3667, 0.7667, 10000.0],
            "transform": [
                [0.998224, -0.00547, 0.059315, 0.0, 0.002728, 0.998928, 0.04621, 0.4, -0.059504, -0.045966, 0.997169, -0.0, 0.0, 0.0, 0.0, 1.0],
                [0.998837, 0.004616, 0.047991, 0.0, 0.012095, 0.939582, -0.342109, 0.4, -0.046671, 0.342292, 0.938434, -0.0, 0.0, 0.0, 0.0, 1.0],
                [0.999668, 0.006038, 0.025056, 0.0, 0.015938, 0.619195, -0.785075, 0.4, -0.020255, 0.785214, 0.618893, 0.0, 0.0, 0.0, 0.0, 1.0],
                [0.999895, 0.001692, 0.014382, -0.0, 0.011487, 0.512089, -0.858855, 0.4, -0.008818, 0.858931, 0.512016, -0.0, 0.0, 0.0, 0.0, 1.0],
                [0.999896, 0.001739, 0.014304, -0.0, 0.011321, 0.519337, -0.854494, 0.4, -0.008914, 0.854568, 0.519264, -0.0, 0.0, 0.0, 0.0, 1.0]
            ]
        },
        {
            "name": "Shoulder_R",
            "time": [0.0, 0.5, 0.7667, 10000.0],
            "transform": [
                [0.0, 0.952114, 0.305743, 0.0, 0.0, -0.305743, 0.952114, 0.4, 1.0, -0.0, -0.0, -0.0, 0.0, 0.0, 0.0, 1.0],
                [0.052167, 0.99676, 0.061216, 0.0, 0.002618, -0.061436, 0.998107, 0.4, 0.998635, -0.051908, -0.005814, 0.0, 0.0, 0.0, 0.0, 1.0],
                [0.072714, 0.987587, -0.139229, -0.0, 0.015782, 0.138442, 0.990245, 0.4, 0.997228, -0.074202, -0.00552, -0.0, 0.0, 0.0, 0.0, 1.0],
                [0.072714, 0.987587, -0.139229, -0.0, 0.015782, 0.138442, 0.990245, 0.4, 0.997228, -0.074202, -0.00552, -0.0, 0.0, 0.0, 0.0, 1.0]
            ]
        },
        {
            "name": "Arm_R",
            "time": [0.0, 0.1, 0.1667, 0.25, 0.3667, 0.4833, 0.6, 0.7667, 10000.0],
            "transform": [
                [-0.011816, 0.018006, -0.999768, 0.0, 0.938127, 0.346258, -0.004851, 0.393861, 0.346091, -0.937967, -0.020984, -0.0, 0.0, 0.0, 0.0, 1.0],
                [0.534297, -0.100567, -0.839293, 0.0, 0.652166, 0.680726, 0.333604, 0.393861, 0.537779, -0.725603, 0.429296, -0.0, 0.0, 0.0, 0.0, 1.0],
                [0.787079, -0.297154, -0.54056, -0.0, 0.399711, 0.913141, 0.080031, 0.39386, 0.469827, -0.27906, 0.83749, 0.0, 0.0, 0.0, 0.0, 1.0],
                [0.861074, -0.337542, -0.380285, 0.0, 0.191926, 0.908319, -0.371647, 0.39386, 0.470867, 0.247029, 0.846914, -0.0, 0.0, 0.0, 0.0, 1.0],
                [0.889795, -0.355344, 0.28635, 0.0, 0.376288, 0.216248, -0.900914, 0.39386, 0.258211, 0.909378, 0.326129, -0.0, 0.0, 0.0, 0.0, 1.0],
                [0.291044, -0.431069, 0.854093, 0.0, 0.894877, -0.193075, -0.40239, 0.39386, 0.338361, 0.881421, 0.329561, -0.0, 0.0, 0.0, 0.0, 1.0],
                [0.351599, -0.231225, 0.907147, 0.0, 0.890611, -0.215932, -0.400231, 0.39386, 0.288425, 0.948637, 0.130011, 0.0, 0.0, 0.0, 0.0, 1.0],
                [0.417234, -0.040729, 0.907886, -0.0, 0.872155, -0.262872, -0.412606, 0.393861, 0.255463, 0.963971, -0.074156, -0.0, 0.0, 0.0, 0.0, 1.0],
                [0.417412, -0.040346, 0.907821, -0.0, 0.87329, -0.258416, -0.41302, 0.393861, 0.251259, 0.965192, -0.072631, -0.0, 0.0, 0.0, 0.0, 1.0]
            ]
        },
        {
            "name": "Hand_R",
            "time": [0.0, 0.1, 0.1667, 0.25, 0.3667, 0.4833, 0.6, 0.7667, 10000.0],
            "transform": [
                [1.0, -1e-06, 0.0, -0.0, 1e-06, 0.976165, -0.21703, 0.300003, 0.0, 0.21703, 0.976165, 0.0, 0.0, 0.0, 0.0, 1.0],
                [1.0, -0.0, 0.0, 0.0, 0.0, 0.666528, -0.74548, 0.300002, 0.0, 0.745481, 0.666527, -0.0, 0.0, 0.0, 0.0, 1.0],
                [1.0, -0.0, 0.0, 0.0, 0.0, 0.778518, -0.627622, 0.300003, -0.0, 0.627623, 0.778518, -0.0, 0.0, 0.0, 0.0, 1.0],
                [1.0, -2e-06, 1e-06, 0.0, 2e-06, 0.852253, -0.523131, 0.300002, 1e-06, 0.523131, 0.852252, -0.0, 0.0, 0.0, 0.0, 1.0],
                [1.0, 0.0, 0.0, 0.0, 0.0, 1.0, -0.000996, 0.300003, -0.0, 0.000997, 1.0, 0.0, 0.0, 0.0, 0.0, 1.0],
                [1.0, 0.0, 0.0, -0.0, 0.0, 1.0, -0.000993, 0.300002, -0.0, 0.000993, 0.999999, -0.0, 0.0, 0.0, 0.0, 1.0],
                [1.0, 0.0, 0.0, -0.0, 0.0, 1.0, -0.000997, 0.300003, -0.0, 0.000998, 1.0, 0.0, 0.0, 0.0, 0.0, 1.0],
                [1.0, -0.0, 0.0, 0.0, -0.0, 1.0, -0.000993, 0.300003, 0.0, 0.000993, 0.999999, 0.0, 0.0, 0.0, 0.0, 1.0],
                [1.0, -0.0, 0.0, 0.0, -0.0, 1.0, -0.000993, 0.300003, -0.0, 0.000994, 0.999999, 0.0, 0.0, 0.0, 0.0, 1.0]
            ]
        },
        {
            "name": "Tool_R",
            "time": [0.0, 10000.0],
            "transform": [
                [1.0, -0.0, 0.0, 0.0, -0.0, -0.999559, -0.029689, 0.271711, 0.0, 0.029689, -0.99956, -0.028915, 0.0, 0.0, 0.0, 1.0],
                [1.0, -0.0, 0.0, 0.0, -0.0, -0.999559, -0.029689, 0.271711, 0.0, 0.029689, -0.99956, -0.028915, 0.0, 0.0, 0.0, 1.0]
            ]
        },
        {
            "name": "Elbow_R",
            "time": [0.0, 10000.0],
            "transform": [
                [-1.0, 0.0, -0.0, -0.0, 0.0, 0.003946, -0.999992, 0.319699, -0.0, -0.999993, -0.003946, -0.001175, 0.0, 0.0, 0.0, 1.0],
                [-1.0, 0.0, -0.0, 0.0, 0.0, 0.003946, -0.999992, 0.300007, -0.0, -0.999992, -0.003946, -0.001252, 0.0, 0.0, 0.0, 1.0]
            ]
        },
        {
            "name": "Shoulder_L",
            "time": [0.0, 0.5, 0.7667, 10000.0],
            "transform": [
                [-0.0, -0.952114, -0.305743, 0.0, 0.0, -0.305743, 0.952114, 0.4, -1.0, 0.0, 0.0, -0.0, 0.0, 0.0, 0.0, 1.0],
                [0.052834, -0.996708, -0.061495, 0.0, 0.002716, -0.061437, 0.998107, 0.4, -0.9986, -0.052901, -0.000539, 0.0, 0.0, 0.0, 0.0, 1.0],
                [0.074864, -0.987493, 0.138757, -0.0, -0.006383, 0.13867, 0.990318, 0.4, -0.997173, -0.075025, 0.004078, -0.0, 0.0, 0.0, 0.0, 1.0],
                [0.074864, -0.987493, 0.138757, -0.0, -0.006383, 0.13867, 0.990318, 0.4, -0.997173, -0.075025, 0.004078, -0.0, 0.0, 0.0, 0.0, 1.0]
            ]
        },
        {
            "name": "Arm_L",
            "time": [0.0, 0.1, 0.1667, 0.25, 0.3667, 0.4833, 0.6, 0.7667, 10000.0],
            "transform": [
                [0.068785, -0.159852, 0.984741, 0.0, -0.937063, 0.328342, 0.118754, 0.39386, -0.342316, -0.930933, -0.127206, -0.0, 0.0, 0.0, 0.0, 1.0],
                [0.595492, -0.031867, 0.802728, -0.0, -0.580449, 0.673732, 0.457344, 0.39386, -0.555398, -0.738287, 0.382706, 0.0, 0.0, 0.0, 0.0, 1.0],
                [0.817215, 0.178758, 0.547909, -0.0, -0.304855, 0.940869, 0.147732, 0.39386, -0.489103, -0.287761, 0.82339, -0.0, 0.0, 0.0, 0.0, 1.0],
                [0.890973, 0.136133, 0.433167, -0.0, -0.002623, 0.955522, -0.294902, 0.39386, -0.454047, 0.261615, 0.851703, -0.0, 0.0, 0.0, 0.0, 1.0],
                [0.915266, 0.331867, -0.228372, 0.0, -0.31126, 0.222683, -0.923865, 0.39386, -0.255746, 0.916665, 0.307111, -0.0, 0.0, 0.0, 0.0, 1.0],
                [0.328737, 0.441911, -0.834653, 0.0, -0.886774, -0.159607, -0.43377, 0.39386, -0.324905, 0.882745, 0.339406, 0.0, 0.0, 0.0, 0.0, 1.0],
                [0.366913, 0.205304, -0.907316, -0.0, -0.896924, -0.180662, -0.40359, 0.39386, -0.246777, 0.961878, 0.117854, 0.0, 0.0, 0.0, 0.0, 1.0],
                [0.410611, 0.058866, -0.909908, 0.0, -0.880084, -0.235361, -0.412378, 0.39386, -0.238432, 0.970122, -0.044835, 0.0, 0.0, 0.0, 0.0, 1.0],
                [0.410589, 0.058385, -0.909949, 0.0, -0.881182, -0.23111, -0.412436, 0.39386, -0.234379, 0.971173, -0.043444, 0.0, 0.0, 0.0, 0.0, 1.0]
            ]
        },
        {
            "name": "Hand_L",
            "time": [0.0, 0.1, 0.1667, 0.25, 0.3667, 0.4833, 0.6, 0.7667, 10000.0],
            "transform": [
                [1.0, -0.0, 0.0, 0.0, 0.0, 0.920528, -0.390677, 0.300003, -0.0, 0.390677, 0.920527, -0.0, 0.0, 0.0, 0.0, 1.0],
                [1.0, 3e-06, -1e-06, 0.0, -3e-06, 0.584484, -0.811406, 0.300003, -1e-06, 0.811404, 0.584484, 0.0, 0.0, 0.0, 0.0, 1.0],
                [1.000001, 9e-06, -4e-06, 0.0, -9e-06, 0.735853, -0.677142, 0.300003, -4e-06, 0.677139, 0.735855, 0.0, 0.0, 0.0, 0.0, 1.0],
                [1.000001, 2e-06, -0.0, -0.0, -2e-06, 0.834437, -0.551104, 0.300003, -0.0, 0.551101, 0.83444, -0.0, 0.0, 0.0, 0.0, 1.0],
                [1.000001, -0.0, -0.0, 0.0, 0.0, 1.0, -0.000997, 0.300002, -0.0, 0.000997, 1.000001, -0.0, 0.0, 0.0, 0.0, 1.0],
                [1.000001, -0.0, 0.0, -0.0, -0.0, 1.0, -0.000993, 0.300003, 0.0, 0.000993, 0.999999, 0.0, 0.0, 0.0, 0.0, 1.0],
                [1.0, 0.0, 0.0, -0.0, -0.0, 0.999999, -0.000997, 0.300003, 0.0, 0.000997, 0.999998, -0.0, 0.0, 0.0, 0.0, 1.0],
                [1.0, 0.0, 0.0, -0.0, -0.0, 1.0, -0.000992, 0.300003, -0.0, 0.000992, 0.999999, 0.0, 0.0, 0.0, 0.0, 1.0],
                [1.0, -0.0, -0.0, 0.0, 0.0, 1.0, -0.000993, 0.300003, 0.0, 0.000993, 0.999999, 0.0, 0.0, 0.0, 0.0, 1.0]
            ]
        },
        {
            "name": "Tool_L",
            "time": [0.0, 10000.0],
            "transform": [
                [1.0, -0.0, 0.0, 0.0, -0.0, -0.999559, -0.029689, 0.271711, 0.0, 0.029689, -0.99956, -0.028915, 0.0, 0.0, 0.0, 1.0],
                [1.0, -0.0, 0.0, 0.0, -0.0, -0.999559, -0.029689, 0.271711, 0.0, 0.029689, -0.99956, -0.028915, 0.0, 0.0, 0.0, 1.0]
            ]
        },
        {
            "name": "Elbow_L",
            "time": [0.0, 10000.0],
            "transform": [
                [-1.0, 0.0, -0.0, -0.0, 0.0, 0.003946, -0.999992, 0.33681, -0.0, -0.999993, -0.003946, -0.001107, 0.0, 0.0, 0.0, 1.0],
                [-1.0, 0.0, -0.0, 0.0, 0.0, 0.003946, -0.999992, 0.300007, -0.0, -0.999993, -0.003946, -0.001252, 0.0, 0.0, 0.0, 1.0]
            ]
        }
    ]
}