{
    "animation": [
        {
            "name": "Root",
            "time": [0.0, 0.0167, 0.1, 0.2167, 0.2333, 0.3167, 0.4333],
            "transform": [
                [0.699431, -0.0, 0.714701, -5e-06, 0.517546, 0.689649, -0.506488, 0.000946, -0.492893, 0.724144, 0.482362, 0.694202, 0.0, 0.0, 0.0, 1.0],
                [0.699431, -0.0, 0.714701, -5e-06, 0.517546, 0.689649, -0.506488, 0.000946, -0.492893, 0.724144, 0.482362, 0.694202, 0.0, 0.0, 0.0, 1.0],
                [0.996041, -0.0, -0.088896, -5e-06, -0.073463, 0.563089, -0.823125, 0.000946, 0.050056, 0.826396, 0.56086, 0.79616, 0.0, 0.0, 0.0, 1.0],
                [0.561812, -0.0, -0.827265, -5e-06, -0.599059, 0.689649, -0.406832, 0.000946, 0.570523, 0.724144, 0.387453, 0.694202, 0.0, 0.0, 0.0, 1.0],
                [0.561812, -0.0, -0.827265, -5e-06, -0.599059, 0.689649, -0.406832, 0.000946, 0.570523, 0.724144, 0.387453, 0.694202, 0.0, 0.0, 0.0, 1.0],
                [0.996041, -0.0, -0.088896, -5e-06, -0.073229, 0.566932, -0.820503, 0.000946, 0.050398, 0.823765, 0.564687, 0.79458, 0.0, 0.0, 0.0, 1.0],
                [0.699431, -0.0, 0.714701, -5e-06, 0.517546, 0.689649, -0.506488, 0.000946, -0.492893, 0.724144, 0.482362, 0.694202, 0.0, 0.0, 0.0, 1.0]
            ]
        },
        {
            "name": "Thigh_R",
            "time": [0.0, 0.0167, 0.1, 0.1333, 0.2167, 0.2333, 0.3167, 0.3833, 0.4333],
            "transform": [
                [0.672873, 0.735552, -0.078751, 0.124994, -0.007778, 0.113483, 0.99351, -0.002831, 0.739716, -0.667892, 0.082081, -1.2e-05, 0.0, 0.0, 0.0, 1.0],
                [0.672873, 0.735552, -0.078751, 0.124994, -0.007778, 0.113483, 0.99351, -0.002831, 0.739716, -0.667892, 0.082081, -1.2e-05, 0.0, 0.0, 0.0, 1.0],
                [0.995728, -0.025975, -0.088598, 0.124994, 0.01709, -0.89117, 0.453344, -0.002831, -0.090732, -0.45292, -0.886922, -1.2e-05, 0.0, 0.0, 0.0, 1.0],
                [0.934597, -0.264307, -0.238053, 0.124994, -0.027299, -0.72056, 0.692854, -0.002831, -0.354658, -0.641039, -0.680651, -1.2e-05, 0.0, 0.0, 0.0, 1.0],
                [0.593853, 0.093232, -0.799154, 0.124994, -0.022625, -0.990933, -0.132419, -0.002831, -0.804255, 0.096719, -0.586361, -1.2e-05, 0.0, 0.0, 0.0, 1.0],
                [0.593853, 0.093232, -0.799154, 0.124994, -0.022625, -0.990933, -0.132419, -0.002831, -0.804255, 0.096719, -0.586361, -1.2e-05, 0.0, 0.0, 0.0, 1.0],
                [0.995681, -0.089258, -0.025521, 0.124994, 0.013805, -0.129489, 0.991485, -0.00283, -0.091803, -0.987553, -0.127698, -1.2e-05, 0.0, 0.0, 0.0, 1.0],
                [0.905855, 0.416546, 0.076906, 0.124994, 0.00257, -0.186961, 0.982364, -0.002831, 0.423579, -0.889681, -0.17043, -1.2e-05, 0.0, 0.0, 0.0, 1.0],
                [0.672873, 0.735552, -0.078751, 0.124994, -0.007778, 0.113483, 0.99351, -0.002831, 0.739716, -0.667892, 0.082081, -1.2e-05, 0.0, 0.0, 0.0, 1.0]
            ]
        },
        {
            "name": "Leg_R",
            "time": [0.0, 0.0167, 0.1, 0.1333, 0.2167, 0.2333, 0.3167, 0.3833, 0.4333],
            "transform": [
                [1.0, -1e-06, 1e-06, -0.0, -0.0, 0.593233, 0.80503, 0.374726, -1e-06, -0.805032, 0.593232, 0.0, 0.0, 0.0, 0.0, 1.0],
                [1.0, -1e-06, 1e-06, -0.0, -0.0, 0.593233, 0.80503, 0.374726, -1e-06, -0.805032, 0.593232, 0.0, 0.0, 0.0, 0.0, 1.0],
                [1.0, -0.0, 1e-06, 0.0, -0.0, 0.999158, 0.041051, 0.374726, -1e-06, -0.041051, 0.999156, -0.0, 0.0, 0.0, 0.0, 1.0],
                [1.0, -1e-06, 1e-06, -0.0, -0.0, 0.472352, 0.881409, 0.374726, -1e-06, -0.881411, 0.472351, -0.0, 0.0, 0.0, 0.0, 1.0],
                [1.0, -1e-06, 1e-06, 0.0, -0.0, 0.700777, 0.71338, 0.374726, -1e-06, -0.713381, 0.700776, 0.0, 0.0, 0.0, 0.0, 1.0],
                [1.0, -1e-06, 1e-06, 0.0, -0.0, 0.700777, 0.71338, 0.374726, -1e-06, -0.713381, 0.700776, 0.0, 0.0, 0.0, 0.0, 1.0],
                [1.0, -1e-06, 0.0, -0.0, -0.0, -0.300258, 0.953857, 0.374726, -1e-06, -0.953859, -0.300257, -0.0, 0.0, 0.0, 0.0, 1.0],
                [1.0, 0.0, 1e-06, -0.0, -0.0, 0.999989, 0.004789, 0.374726, -1e-06, -0.004789, 0.999988, -0.0, 0.0, 0.0, 0.0, 1.0],
                [1.0, -1e-06, 1e-06, -0.0, -0.0, 0.593233, 0.80503, 0.374726, -1e-06, -0.805032, 0.593232, 0.0, 0.0, 0.0, 0.0, 1.0]
            ]
        },
        {
            "name": "Knee_R",
            "time": [0.0, 0.4333],
            "transform": [
                [1.0, 0.0, -0.0, 0.0, -0.0, 0.00567, -0.999984, 0.416826, -0.0, 0.999984, 0.00567, -0.000239, 0.0, 0.0, 0.0, 1.0],
                [1.0, 0.0, -0.0, 0.0, -0.0, 0.00567, -0.999984, 0.416826, -0.0, 0.999984, 0.00567, -0.000239, 0.0, 0.0, 0.0, 1.0]
            ]
        },
        {
            "name": "Thigh_L",
            "time": [0.0, 0.0167, 0.0667, 0.1, 0.1667, 0.2167, 0.2333, 0.3167, 0.35, 0.4333],
            "transform": [
                [0.715242, -0.207781, 0.667274, -0.125006, 0.014544, -0.950149, -0.311454, -0.002831, 0.698724, 0.23247, -0.676566, -1.2e-05, 0.0, 0.0, 0.0, 1.0],
                [0.715242, -0.207781, 0.667274, -0.125006, 0.014544, -0.950149, -0.311454, -0.002831, 0.698724, 0.23247, -0.676566, -1.2e-05, 0.0, 0.0, 0.0, 1.0],
                [0.952816, 0.285105, 0.10419, -0.125006, 0.047719, -0.479661, 0.876155, -0.002831, 0.299772, -0.829843, -0.470634, -1.2e-05, 0.0, 0.0, 0.0, 1.0],
                [0.996161, -0.084514, 0.022794, -0.125006, -0.019919, 0.034706, 0.999199, -0.00283, -0.085238, -0.995817, 0.03289, -1.2e-05, 0.0, 0.0, 0.0, 1.0],
                [0.814886, -0.567442, -0.118196, -0.125006, 0.011985, -0.18738, 0.982214, -0.002831, -0.579497, -0.801808, -0.145893, -1.2e-05, 0.0, 0.0, 0.0, 1.0],
                [0.519772, -0.829986, 0.202384, -0.125006, 0.019415, 0.248314, 0.968485, -0.002831, -0.854084, -0.499462, 0.145181, -1.2e-05, 0.0, 0.0, 0.0, 1.0],
                [0.519772, -0.829986, 0.202384, -0.125006, 0.019415, 0.248314, 0.968485, -0.002831, -0.854084, -0.499462, 0.145181, -1.2e-05, 0.0, 0.0, 0.0, 1.0],
                [0.996699, -0.049942, -0.063994, -0.125006, -0.007755, -0.843315, 0.537363, -0.00283, -0.080804, -0.535093, -0.840919, -1.2e-05, 0.0, 0.0, 0.0, 1.0],
                [0.980319, 0.159085, 0.116897, -0.125006, 0.031307, -0.709919, 0.703587, -0.002831, 0.194917, -0.68608, -0.700928, -1.2e-05, 0.0, 0.0, 0.0, 1.0],
                [0.715242, -0.207781, 0.667274, -0.125006, 0.014544, -0.950149, -0.311454, -0.002831, 0.698724, 0.23247, -0.676566, -1.2e-05, 0.0, 0.0, 0.0, 1.0]
            ]
        },
        {
            "name": "Leg_L",
            "time": [0.0, 0.0167, 0.1, 0.1667, 0.2167, 0.2333, 0.3167, 0.35, 0.4333],
            "transform": [
                [1.0, -0.0, 1e-06, -0.0, -0.0, 0.881814, 0.471596, 0.374726, -1e-06, -0.471596, 0.881815, 0.0, 0.0, 0.0, 0.0, 1.0],
                [1.0, -0.0, 1e-06, -0.0, -0.0, 0.881814, 0.471596, 0.374726, -1e-06, -0.471596, 0.881815, 0.0, 0.0, 0.0, 0.0, 1.0],
                [1.0, -1e-06, 0.0, -0.0, -0.0, -0.092579, 0.995706, 0.374726, -1e-06, -0.995705, -0.092579, -0.0, 0.0, 0.0, 0.0, 1.0],
                [1.0, -0.0, 1e-06, -0.0, -0.0, 0.999988, 0.004718, 0.374726, -1e-06, -0.004718, 0.999989, 0.0, 0.0, 0.0, 0.0, 1.0],
                [1.0, -1e-06, 1e-06, -0.0, -0.0, 0.474414, 0.880302, 0.374726, -1e-06, -0.880301, 0.474414, 0.0, 0.0, 0.0, 0.0, 1.0],
                [1.0, -1e-06, 1e-06, -0.0, -0.0, 0.474414, 0.880302, 0.374726, -1e-06, -0.880301, 0.474414, 0.0, 0.0, 0.0, 0.0, 1.0],
                [1.0, -0.0, 1e-06, -0.0, -0.0, 0.985272, 0.170991, 0.374726, -1e-06, -0.170991, 0.985273, 0.0, 0.0, 0.0, 0.0, 1.0],
                [1.0, -1e-06, 1e-06, 0.0, -0.0, 0.450433, 0.89281, 0.374726, -1e-06, -0.89281, 0.450433, 0.0, 0.0, 0.0, 0.0, 1.0],
                [1.0, -0.0, 1e-06, -0.0, -0.0, 0.881814, 0.471596, 0.374726, -1e-06, -0.471596, 0.881815, 0.0, 0.0, 0.0, 0.0, 1.0]
            ]
        },
        {
            "name": "Knee_L",
            "time": [0.0, 0.4333],
            "transform": [
                [1.0, 0.0, -0.0, 0.0, -0.0, 0.00567, -0.999984, 0.374726, -0.0, 0.999984, 0.00567, 0.0, 0.0, 0.0, 0.0, 1.0],
                [1.0, 0.0, -0.0, 0.0, -0.0, 0.00567, -0.999984, 0.374726, -0.0, 0.999984, 0.00567, 0.0, 0.0, 0.0, 0.0, 1.0]
            ]
        },
        {
            "name": "Torso",
            "time": [0.0, 0.0167, 0.1, 0.2167, 0.2333, 0.3167, 0.4333],
            "transform": [
                [1.0, 0.0, 0.0, 0.0, -0.0, 1.0, -0.0, 0.05, -0.0, 0.0, 1.0, 0.0, 0.0, 0.0, 0.0, 1.0],
                [1.0, 0.0, 0.0, 0.0, -0.0, 1.0, -0.0, 0.05, -0.0, 0.0, 1.0, 0.0, 0.0, 0.0, 0.0, 1.0],
                [1.0, 0.0, 0.0, 0.0, -0.0, 0.996195, -0.087156, 0.05, -0.0, 0.087156, 0.996195, 0.0, 0.0, 0.0, 0.0, 1.0],
                [1.0, -0.0, -0.0, 0.0, -0.0, 1.0, -0.0, 0.05, 0.0, 0.0, 1.0, 0.0, 0.0, 0.0, 0.0, 1.0],
                [1.0, -0.0, -0.0, 0.0, -0.0, 1.0, -0.0, 0.05, 0.0, 0.0, 1.0, 0.0, 0.0, 0.0, 0.0, 1.0],
                [1.0, 0.0, 0.0, 0.0, -0.0, 0.996195, -0.087156, 0.05, -0.0, 0.087156, 0.996195, 0.0, 0.0, 0.0, 0.0, 1.0],
                [1.0, 0.0, 0.0, 0.0, -0.0, 1.0, -0.0, 0.05, -0.0, 0.0, 1.0, 0.0, 0.0, 0.0, 0.0, 1.0]
            ]
        },
        {
            "name": "Chest",
            "time": [0.0, 0.0167, 0.2167, 0.2333, 0.4333],
            "transform": [
                [0.928734, 0.03677, -0.368919, 0.0, -0.0, 0.99507, 0.099178, 0.3, 0.370747, -0.09211, 0.924155, 0.0, 0.0, 0.0, 0.0, 1.0],
                [0.928734, 0.03677, -0.368919, 0.0, -0.0, 0.99507, 0.099178, 0.3, 0.370747, -0.09211, 0.924155, 0.0, 0.0, 0.0, 0.0, 1.0],
                [0.742165, -0.102173, 0.662383, -0.0, -0.0, 0.988311, 0.152448, 0.3, -0.670217, -0.113142, 0.73349, -0.0, 0.0, 0.0, 0.0, 1.0],
                [0.742165, -0.102173, 0.662383, -0.0, -0.0, 0.988311, 0.152448, 0.3, -0.670217, -0.113142, 0.73349, -0.0, 0.0, 0.0, 0.0, 1.0],
                [0.928734, 0.03677, -0.368919, 0.0, -0.0, 0.99507, 0.099178, 0.3, 0.370747, -0.09211, 0.924155, 0.0, 0.0, 0.0, 0.0, 1.0]
            ]
        },
        {
            "name": "Head",
            "time": [0.0, 0.0167, 0.1, 0.2167, 0.2333, 0.3167, 0.4333],
            "transform": [
                [0.915999, -0.275245, -0.291865, 0.0, -0.038848, 0.663241, -0.747397, 0.4, 0.399295, 0.695954, 0.596835, 0.0, 0.0, 0.0, 0.0, 1.0],
                [0.915999, -0.275245, -0.291865, 0.0, -0.038848, 0.663241, -0.747397, 0.4, 0.399295, 0.695954, 0.596835, 0.0, 0.0, 0.0, 0.0, 1.0],
                [0.999963, 0.004024, 0.007628, -0.0, 0.001234, 0.808642, -0.5883, 0.4, -0.008535, 0.588287, 0.808607, 0.0, 0.0, 0.0, 0.0, 1.0],
                [0.97064, 0.169081, 0.171082, -0.0, 0.032948, 0.611089, -0.790876, 0.4, -0.238269, 0.773293, 0.587577, -0.0, 0.0, 0.0, 0.0, 1.0],
                [0.97064, 0.169081, 0.171082, -0.0, 0.032948, 0.611089, -0.790876, 0.4, -0.238269, 0.773293, 0.587577, -0.0, 0.0, 0.0, 0.0, 1.0],
                [0.983186, -0.081166, -0.163579, 0.0, -0.031154, 0.808098, -0.588223, 0.4, 0.179932, 0.583429, 0.791982, 0.0, 0.0, 0.0, 0.0, 1.0],
                [0.915999, -0.275245, -0.291865, 0.0, -0.038848, 0.663241, -0.747397, 0.4, 0.399295, 0.695954, 0.596835, 0.0, 0.0, 0.0, 0.0, 1.0]
            ]
        },
        {
            "name": "Shoulder_R",
            "time": [0.0, 0.0167, 0.2167, 0.2333, 0.4333],
            "transform": [
                [-0.598577, 0.783054, 0.168912, 0.0, -0.104912, -0.285674, 0.952567, 0.4, 0.794165, 0.552464, 0.25315, 0.0, 0.0, 0.0, 0.0, 1.0],
                [-0.598577, 0.783054, 0.168912, 0.0, -0.104912, -0.285674, 0.952567, 0.4, 0.794165, 0.552464, 0.25315, 0.0, 0.0, 0.0, 0.0, 1.0],
                [0.385291, 0.922204, -0.032998, -0.0, 0.135566, -0.021195, 0.990541, 0.4, 0.912783, -0.386121, -0.133186, -0.0, 0.0, 0.0, 0.0, 1.0],
                [0.385291, 0.922204, -0.032998, -0.0, 0.135566, -0.021195, 0.990541, 0.4, 0.912783, -0.386121, -0.133186, -0.0, 0.0, 0.0, 0.0, 1.0],
                [-0.598577, 0.783054, 0.168912, 0.0, -0.104912, -0.285674, 0.952567, 0.4, 0.794165, 0.552464, 0.25315, 0.0, 0.0, 0.0, 0.0, 1.0]
            ]
        },
        {
            "name": "Arm_R",
            "time": [0.0, 0.0167, 0.1, 0.2167, 0.2333, 0.3333, 0.3667, 0.4333],
            "transform": [
                [0.103699, 0.94227, -0.318395, 0.0, 0.833735, 0.092203, 0.544412, 0.393861, 0.542339, -0.321912, -0.776042, 0.0, 0.0, 0.0, 0.0, 1.0],
                [0.103699, 0.94227, -0.318395, 0.0, 0.833735, 0.092203, 0.544412, 0.393861, 0.542339, -0.321912, -0.776042, 0.0, 0.0, 0.0, 0.0, 1.0],
                [0.124637, -0.719985, -0.682706, -0.0, 0.765828, 0.507289, -0.395177, 0.39386, 0.630851, -0.473582, 0.614612, 0.0, 0.0, 0.0, 0.0, 1.0],
                [0.604832, -0.777755, 0.171103, 0.0, 0.259734, -0.010447, -0.965624, 0.393861, 0.752806, 0.628482, 0.195691, 0.0, 0.0, 0.0, 0.0, 1.0],
                [0.604832, -0.777755, 0.171103, 0.0, 0.259734, -0.010447, -0.965624, 0.393861, 0.752806, 0.628482, 0.195691, 0.0, 0.0, 0.0, 0.0, 1.0],
                [0.203394, -0.314214, -0.927308, 0.0, 0.60619, 0.784163, -0.132749, 0.39386, 0.768872, -0.535124, 0.349968, -0.0, 0.0, 0.0, 0.0, 1.0],
                [0.203799, 0.855871, -0.475342, -0.0, 0.646443, 0.246993, 0.721877, 0.39386, 0.73524, -0.454399, -0.502935, -0.0, 0.0, 0.0, 0.0, 1.0],
                [0.103699, 0.94227, -0.318395, 0.0, 0.833735, 0.092203, 0.544412, 0.393861, 0.542339, -0.321912, -0.776042, 0.0, 0.0, 0.0, 0.0, 1.0]
            ]
        },
        {
            "name": "Hand_R",
            "time": [0.0, 0.0167, 0.1, 0.2167, 0.2333, 0.4333, 0.3667],
            "transform": [
                [1.0, 0.0, -0.0, 0.0, -0.0, 0.737821, -0.674996, 0.300002, 0.0, 0.674996, 0.737821, 0.0, 0.0, 0.0, 0.0, 1.0],
                [1.0, 0.0, -0.0, 0.0, -0.0, 0.737821, -0.674996, 0.300002, 0.0, 0.674996, 0.737821, 0.0, 0.0, 0.0, 0.0, 1.0],
                [1.0, 0.0, -0.0, -0.0, -0.0, 0.119556, -0.992828, 0.300003, -0.0, 0.992828, 0.119556, -0.0, 0.0, 0.0, 0.0, 1.0],
                [1.0, -0.0, 0.0, 0.0, -0.0, 0.399411, -0.916772, 0.300003, -0.0, 0.916772, 0.399411, -0.0, 0.0, 0.0, 0.0, 1.0],
                [1.0, -0.0, 0.0, 0.0, -0.0, 0.399411, -0.916772, 0.300003, -0.0, 0.916772, 0.399411, -0.0, 0.0, 0.0, 0.0, 1.0],
                [1.0, -0.0, -0.0, -0.0, 0.0, 0.713947, -0.7002, 0.300003, 0.0, 0.7002, 0.713947, -0.0, 0.0, 0.0, 0.0, 1.0],
                [1.0, 0.0, -0.0, 0.0, -0.0, 0.737821, -0.674996, 0.300002, 0.0, 0.674996, 0.737821, 0.0, 0.0, 0.0, 0.0, 1.0]
            ]
        },
        {
            "name": "Tool_R",
            "time": [0.0, 0.4333],
            "transform": [
                [1.0, 0.0, 0.0, -0.0, 0.0, -0.999559, -0.029689, 0.271711, 0.0, 0.029689, -0.99956, -0.028915, 0.0, 0.0, 0.0, 1.0],
                [1.0, 0.0, 0.0, -0.0, 0.0, -0.999559, -0.029689, 0.271711, 0.0, 0.029689, -0.99956, -0.028915, 0.0, 0.0, 0.0, 1.0]
            ]
        },
        {
            "name": "Elbow_R",
            "time": [0.0, 0.4333],
            "transform": [
                [-1.0, 0.0, -0.0, -0.0, -0.0, 0.003946, -0.999992, 0.368633, -0.0, -0.999992, -0.003946, -0.000981, 0.0, 0.0, 0.0, 1.0],
                [-1.0, 0.0, -0.0, -0.0, -0.0, 0.003946, -0.999992, 0.368633, -0.0, -0.999992, -0.003946, -0.000981, 0.0, 0.0, 0.0, 1.0]
            ]
        },
        {
            "name": "Shoulder_L",
            "time": [0.0, 0.0167, 0.2167, 0.2333, 0.4333],
            "transform": [
                [0.69201, -0.702043, -0.168098, 0.0, 0.136839, -0.101069, 0.985424, 0.4, -0.7088, -0.704926, 0.026126, 0.0, 0.0, 0.0, 0.0, 1.0],
                [0.69201, -0.702043, -0.168098, 0.0, 0.136839, -0.101069, 0.985424, 0.4, -0.7088, -0.704926, 0.026126, 0.0, 0.0, 0.0, 0.0, 1.0],
                [-0.67034, -0.671129, -0.316589, -0.0, 0.041251, -0.459683, 0.887125, 0.4, -0.740906, 0.581616, 0.335829, -0.0, 0.0, 0.0, 0.0, 1.0],
                [-0.67034, -0.671129, -0.316589, -0.0, 0.041251, -0.459683, 0.887125, 0.4, -0.740906, 0.581616, 0.335829, -0.0, 0.0, 0.0, 0.0, 1.0],
                [0.69201, -0.702043, -0.168098, 0.0, 0.136839, -0.101069, 0.985424, 0.4, -0.7088, -0.704926, 0.026126, 0.0, 0.0, 0.0, 0.0, 1.0]
            ]
        },
        {
            "name": "Arm_L",
            "time": [0.0, 0.0167, 0.1, 0.2167, 0.2333, 0.35, 0.4333, 0.1833],
            "transform": [
                [0.578166, 0.801912, 0.150541, -0.0, 0.023113, 0.168334, -0.985459, 0.39386, -0.815592, 0.573238, 0.07879, -0.0, 0.0, 0.0, 0.0, 1.0],
                [0.578166, 0.801912, 0.150541, -0.0, 0.023113, 0.168334, -0.985459, 0.39386, -0.815592, 0.573238, 0.07879, -0.0, 0.0, 0.0, 0.0, 1.0],
                [0.028605, 0.088115, 0.995699, 0.0, -0.608916, 0.791492, -0.05255, 0.39386, -0.792719, -0.604794, 0.076295, 0.0, 0.0, 0.0, 0.0, 1.0],
                [-0.274419, -0.864277, 0.421567, -0.0, -0.787682, 0.453501, 0.417006, 0.39386, -0.55159, -0.217627, -0.805224, -0.0, 0.0, 0.0, 0.0, 1.0],
                [-0.210036, -0.936852, 0.279631, 0.0, -0.848027, 0.316904, 0.424761, 0.39386, -0.486555, -0.14792, -0.861037, 0.0, 0.0, 0.0, 0.0, 1.0],
                [-0.210036, -0.936852, 0.279631, 0.0, -0.848027, 0.316904, 0.424761, 0.39386, -0.486555, -0.14792, -0.861037, 0.0, 0.0, 0.0, 0.0, 1.0],
                [-0.114298, -0.044987, 0.992427, -0.0, -0.600597, 0.798872, -0.032958, 0.39386, -0.79134, -0.599816, -0.118328, 0.0, 0.0, 0.0, 0.0, 1.0],
                [0.578166, 0.801912, 0.150541, -0.0, 0.023113, 0.168334, -0.985459, 0.39386, -0.815592, 0.573238, 0.07879, -0.0, 0.0, 0.0, 0.0, 1.0]
            ]
        },
        {
            "name": "Hand_L",
            "time": [0.0, 0.0167, 0.2167, 0.2333, 0.4, 0.4333, 0.1833],
            "transform": [
                [1.0, -0.0, -0.0, -0.0, -0.0, 0.253961, -0.967214, 0.300003, 0.0, 0.967214, 0.253961, 0.0, 0.0, 0.0, 0.0, 1.0],
                [1.0, -0.0, -0.0, -0.0, -0.0, 0.253961, -0.967214, 0.300003, 0.0, 0.967214, 0.253961, 0.0, 0.0, 0.0, 0.0, 1.0],
                [1.0, -1e-06, 0.0, 0.0, 1e-06, 0.680624, -0.732632, 0.300003, 0.0, 0.732632, 0.680625, -0.0, 0.0, 0.0, 0.0, 1.0],
                [1.0, -1e-06, 0.0, -0.0, 1e-06, 0.712379, -0.701795, 0.300002, 1e-06, 0.701795, 0.712379, -0.0, 0.0, 0.0, 0.0, 1.0],
                [1.0, -1e-06, 0.0, -0.0, 1e-06, 0.712379, -0.701795, 0.300002, 1e-06, 0.701795, 0.712379, -0.0, 0.0, 0.0, 0.0, 1.0],
                [1.0, -0.0, 1e-06, -0.0, 1e-06, 0.143402, -0.989665, 0.300003, 0.0, 0.989665, 0.143401, -0.0, 0.0, 0.0, 0.0, 1.0],
                [1.0, -0.0, -0.0, -0.0, -0.0, 0.253961, -0.967214, 0.300003, 0.0, 0.967214, 0.253961, 0.0, 0.0, 0.0, 0.0, 1.0]
            ]
        },
        {
            "name": "Tool_L",
            "time": [0.0, 0.4333],
            "transform": [
                [1.0, 0.0, 0.0, -0.0, 0.0, -0.999559, -0.029689, 0.271711, 0.0, 0.029689, -0.999559, -0.028915, 0.0, 0.0, 0.0, 1.0],
                [1.0, 0.0, 0.0, -0.0, 0.0, -0.999559, -0.029689, 0.271711, 0.0, 0.029689, -0.999559, -0.028915, 0.0, 0.0, 0.0, 1.0]
            ]
        },
        {
            "name": "Elbow_L",
            "time": [0.0, 0.4333],
            "transform": [
                [-1.0, 0.0, -0.0, -0.0, 0.0, 0.003946, -0.999992, 0.422335, -0.0, -0.999993, -0.003946, -0.00077, 0.0, 0.0, 0.0, 1.0],
                [-1.0, 0.0, -0.0, -0.0, 0.0, 0.003946, -0.999992, 0.422335, -0.0, -0.999993, -0.003946, -0.00077, 0.0, 0.0, 0.0, 1.0]
            ]
        }
    ]
}