{
    "animation": [
        {
            "name": "Root",
            "time": [0.0, 0.25, 0.5, 0.75, 1.0],
            "transform": [
                [0.988764, -0.038361, 0.144478, -5e-06, 0.149454, 0.272955, -0.950347, 0.000946, -0.002979, 0.961262, 0.275621, 0.737448, 0.0, 0.0, 0.0, 1.0],
                [0.999939, -6.3e-05, 0.011028, -5e-06, 0.010618, 0.275637, -0.961203, 0.000946, -0.002979, 0.961262, 0.275621, 0.754448, 0.0, 0.0, 0.0, 1.0],
                [0.991715, 0.038237, -0.122637, -5e-06, -0.128425, 0.272972, -0.953411, 0.000946, -0.002979, 0.961262, 0.275621, 0.737448, 0.0, 0.0, 0.0, 1.0],
                [0.999694, -0.003906, 0.024427, -5e-06, 0.024557, 0.27561, -0.960956, 0.000946, -0.002979, 0.961262, 0.275621, 0.75432, 0.0, 0.0, 0.0, 1.0],
                [0.988764, -0.038361, 0.144478, -5e-06, 0.149454, 0.272955, -0.950347, 0.000946, -0.002979, 0.961262, 0.275621, 0.737448, 0.0, 0.0, 0.0, 1.0]
            ]
        },
        {
            "name": "Thigh_R",
            "time": [0.0, 0.1333, 0.25, 0.5, 0.6333, 0.8333, 1.0],
            "transform": [
                [0.988038, 0.153592, -0.01379, 0.124994, 0.063979, -0.32691, 0.942888, -0.002831, 0.140312, -0.932489, -0.332827, -1.2e-05, 0.0, 0.0, 0.0, 1.0],
                [0.991913, 0.106536, 0.068984, 0.124994, 0.00034, -0.545746, 0.83795, -0.002831, 0.12692, -0.831148, -0.54137, -1.2e-05, 0.0, 0.0, 0.0, 1.0],
                [0.994457, 0.050448, 0.092247, 0.124994, -0.014827, -0.801311, 0.598062, -0.00283, 0.104089, -0.596113, -0.796124, -1.2e-05, 0.0, 0.0, 0.0, 1.0],
                [0.986705, 0.144797, 0.073794, 0.124994, 0.145193, -0.989401, 1.4e-05, -0.002831, 0.073014, 0.010701, -0.997274, -1.2e-05, 0.0, 0.0, 0.0, 1.0],
                [0.982136, 0.120575, 0.144465, 0.124994, 0.164114, -0.924464, -0.344136, -0.002831, 0.092059, 0.361696, -0.92774, -1.2e-05, 0.0, 0.0, 0.0, 1.0],
                [0.990859, 0.134878, -0.002582, 0.124994, 0.029343, -0.196807, 0.980003, -0.002831, 0.131673, -0.971118, -0.198966, -1.2e-05, 0.0, 0.0, 0.0, 1.0],
                [0.988038, 0.153592, -0.013791, 0.124994, 0.063979, -0.326907, 0.942888, -0.002831, 0.140312, -0.93249, -0.332824, -1.2e-05, 0.0, 0.0, 0.0, 1.0]
            ]
        },
        {
            "name": "Leg_R",
            "time": [0.0, 0.1333, 0.25, 0.5, 0.6333, 0.8333, 1.0],
            "transform": [
                [1.0, -0.0, 1e-06, -0.0, -0.0, 0.980752, 0.195262, 0.374726, -1e-06, -0.195263, 0.98075, 0.0, 0.0, 0.0, 0.0, 1.0],
                [1.0, -0.0, 1e-06, 0.0, -0.0, 0.972649, 0.232283, 0.374726, -1e-06, -0.232284, 0.972647, -0.0, 0.0, 0.0, 0.0, 1.0],
                [1.0, -0.0, 1e-06, -0.0, -0.0, 0.9947, 0.102827, 0.374726, -1e-06, -0.102827, 0.994699, -0.0, 0.0, 0.0, 0.0, 1.0],
                [1.0, -0.0, 1e-06, 0.0, -0.0, 0.894603, 0.446862, 0.374726, -1e-06, -0.446862, 0.894602, 0.0, 0.0, 0.0, 0.0, 1.0],
                [1.0, -0.0, 1e-06, -0.0, -0.0, 0.980948, 0.194275, 0.374726, -1e-06, -0.194275, 0.980946, 0.0, 0.0, 0.0, 0.0, 1.0],
                [1.0, -1e-06, 0.0, 0.0, -0.0, -0.120685, 0.99269, 0.374726, -1e-06, -0.992692, -0.120685, 0.0, 0.0, 0.0, 0.0, 1.0],
                [1.0, -0.0, 1e-06, 0.0, -0.0, 0.98075, 0.195269, 0.374726, -1e-06, -0.195269, 0.980749, -0.0, 0.0, 0.0, 0.0, 1.0]
            ]
        },
        {
            "name": "Knee_R",
            "time": [0.0, 1.0],
            "transform": [
                [1.0, 0.0, -0.0, -0.0, -0.0, 0.00567, -0.999984, 0.374726, -0.0, 0.999984, 0.00567, 0.0, 0.0, 0.0, 0.0, 1.0],
                [1.0, 0.0, -0.0, 0.0, -0.0, 0.00567, -0.999984, 0.374726, -0.0, 0.999984, 0.00567, -0.0, 0.0, 0.0, 0.0, 1.0]
            ]
        },
        {
            "name": "Thigh_L",
            "time": [0.0, 0.1333, 0.5, 0.6333, 0.75, 1.0],
            "transform": [
                [0.989702, -0.134373, -0.049323, -0.125006, -0.132708, -0.990514, 0.035614, -0.002831, -0.053641, -0.028702, -0.998147, -1.2e-05, 0.0, 0.0, 0.0, 1.0],
                [0.985301, -0.125239, -0.116175, -0.125006, -0.15803, -0.926502, -0.341494, -0.002831, -0.064868, 0.354833, -0.932676, -1.2e-05, 0.0, 0.0, 0.0, 1.0],
                [0.98956, -0.138714, 0.039088, -0.125006, -0.086265, -0.352857, 0.931692, -0.002831, -0.115446, -0.925337, -0.36114, -1.2e-05, 0.0, 0.0, 0.0, 1.0],
                [0.995333, -0.086894, -0.041966, -0.125006, -0.015628, -0.574305, 0.818492, -0.00283, -0.095224, -0.814016, -0.572983, -1.2e-05, 0.0, 0.0, 0.0, 1.0],
                [0.99767, -0.042093, -0.053685, -0.125006, 0.003847, -0.750979, 0.660314, -0.002831, -0.068111, -0.658982, -0.749068, -1.2e-05, 0.0, 0.0, 0.0, 1.0],
                [0.989702, -0.134373, -0.049323, -0.125006, -0.132708, -0.990514, 0.035614, -0.002831, -0.053641, -0.028702, -0.998147, -1.2e-05, 0.0, 0.0, 0.0, 1.0]
            ]
        },
        {
            "name": "Leg_L",
            "time": [0.0, 0.1333, 0.5, 0.6333, 0.75, 1.0],
            "transform": [
                [1.0, -0.0, 1e-06, 0.0, -0.0, 0.87854, 0.477668, 0.374726, -1e-06, -0.477668, 0.878541, -0.0, 0.0, 0.0, 0.0, 1.0],
                [1.0, -0.0, 1e-06, -0.0, -0.0, 0.978473, 0.206375, 0.374726, -1e-06, -0.206375, 0.978473, -0.0, 0.0, 0.0, 0.0, 1.0],
                [1.0, -0.0, 1e-06, -0.0, -0.0, 0.989938, 0.141495, 0.374726, -1e-06, -0.141495, 0.989939, -0.0, 0.0, 0.0, 0.0, 1.0],
                [1.0, -0.0, 1e-06, -0.0, -0.0, 0.986566, 0.163361, 0.374726, -1e-06, -0.163361, 0.986567, -0.0, 0.0, 0.0, 0.0, 1.0],
                [1.0, -0.0, 1e-06, 0.0, -0.0, 0.965685, 0.259716, 0.374726, -1e-06, -0.259716, 0.965685, 0.0, 0.0, 0.0, 0.0, 1.0],
                [1.0, -0.0, 1e-06, -0.0, -0.0, 0.87854, 0.477669, 0.374726, -1e-06, -0.477669, 0.87854, -0.0, 0.0, 0.0, 0.0, 1.0]
            ]
        },
        {
            "name": "Knee_L",
            "time": [0.0, 1.0],
            "transform": [
                [1.0, 0.0, -0.0, 0.0, -0.0, 0.00567, -0.999984, 0.374726, -0.0, 0.999984, 0.00567, -0.0, 0.0, 0.0, 0.0, 1.0],
                [1.0, 0.0, -0.0, -0.0, -0.0, 0.00567, -0.999984, 0.374726, -0.0, 0.999984, 0.00567, -0.0, 0.0, 0.0, 0.0, 1.0]
            ]
        },
        {
            "name": "Torso",
            "time": [0.0, 0.5, 1.0],
            "transform": [
                [1.0, 0.0, -0.0, -0.0, -0.0, 1.0, -0.000689, 0.05, -0.0, 0.000689, 1.0, 0.0, 0.0, 0.0, 0.0, 1.0],
                [1.0, 0.0, -0.0, -0.0, -0.0, 1.0, -0.000689, 0.05, -0.0, 0.000689, 1.0, 0.0, 0.0, 0.0, 0.0, 1.0],
                [1.0, 0.0, -0.0, -0.0, -0.0, 1.0, -0.000689, 0.05, -0.0, 0.000689, 1.0, 0.0, 0.0, 0.0, 0.0, 1.0]
            ]
        },
        {
            "name": "Chest",
            "time": [0.0, 0.5, 1.0],
            "transform": [
                [0.836486, 0.149552, -0.527186, -0.0, -0.099976, 0.987542, 0.121512, 0.3, 0.538791, -0.048937, 0.841017, 0.0, 0.0, 0.0, 0.0, 1.0],
                [0.894404, -0.147666, 0.422181, 0.0, 0.110527, 0.987623, 0.111284, 0.3, -0.433388, -0.05287, 0.899655, -0.0, 0.0, 0.0, 0.0, 1.0],
                [0.836486, 0.149552, -0.527186, -0.0, -0.099976, 0.987542, 0.121512, 0.3, 0.538791, -0.048937, 0.841017, 0.0, 0.0, 0.0, 0.0, 1.0]
            ]
        },
        {
            "name": "Head",
            "time": [0.0, 0.5, 1.0],
            "transform": [
                [0.913758, -0.138207, 0.382029, -0.0, 0.146219, 0.989219, 0.008135, 0.4, -0.379034, 0.048427, 0.924114, 0.0, 0.0, 0.0, 0.0, 1.0],
                [0.914116, 0.141956, -0.379791, 0.0, -0.14446, 0.989265, 0.022061, 0.4, 0.378846, 0.034698, 0.924809, 0.0, 0.0, 0.0, 0.0, 1.0],
                [0.913758, -0.138207, 0.382029, -0.0, 0.146219, 0.989219, 0.008135, 0.4, -0.379034, 0.048427, 0.924114, 0.0, 0.0, 0.0, 0.0, 1.0]
            ]
        },
        {
            "name": "Shoulder_R",
            "time": [0.0, 1.0],
            "transform": [
                [0.104401, 0.965883, 0.237001, -0.0, 0.003651, -0.238673, 0.971093, 0.4, 0.994528, -0.100518, -0.028444, 0.0, 0.0, 0.0, 0.0, 1.0],
                [0.104401, 0.965883, 0.237001, -0.0, 0.003651, -0.238673, 0.971093, 0.4, 0.994528, -0.100518, -0.028444, 0.0, 0.0, 0.0, 0.0, 1.0]
            ]
        },
        {
            "name": "Arm_R",
            "time": [0.0, 0.25, 0.5, 0.75, 1.0],
            "transform": [
                [0.165016, 0.402046, -0.900627, -0.0, 0.809595, 0.466325, 0.356508, 0.39386, 0.563317, -0.787973, -0.248543, -0.0, 0.0, 0.0, 0.0, 1.0],
                [-0.022181, -0.316695, -0.948268, 0.0, 0.856259, 0.483597, -0.181537, 0.39386, 0.516071, -0.815989, 0.260446, 0.0, 0.0, 0.0, 0.0, 1.0],
                [0.356033, -0.560475, -0.747736, -0.0, 0.691339, 0.69634, -0.19277, 0.393861, 0.628721, -0.448307, 0.635399, -0.0, 0.0, 0.0, 0.0, 1.0],
                [0.168093, -0.304026, -0.937717, 0.0, 0.872782, 0.488106, -0.001801, 0.393861, 0.458253, -0.81812, 0.347396, -0.0, 0.0, 0.0, 0.0, 1.0],
                [0.165017, 0.402046, -0.900627, -0.0, 0.809594, 0.466325, 0.356508, 0.39386, 0.563317, -0.787972, -0.248543, -0.0, 0.0, 0.0, 0.0, 1.0]
            ]
        },
        {
            "name": "Hand_R",
            "time": [0.0, 0.25, 0.5, 0.75, 1.0],
            "transform": [
                [1.0, -0.0, 0.0, 0.0, 0.0, 1.0, -0.000992, 0.300003, -0.0, 0.000992, 1.0, -0.0, 0.0, 0.0, 0.0, 1.0],
                [1.0, -0.0, 0.0, -0.0, 0.0, 1.0, -0.000993, 0.300002, -0.0, 0.000993, 1.0, -0.0, 0.0, 0.0, 0.0, 1.0],
                [1.0, 1e-06, -1e-06, -0.0, -1e-06, 0.589935, -0.807451, 0.300002, -1e-06, 0.807451, 0.589935, 0.0, 0.0, 0.0, 0.0, 1.0],
                [1.0, -0.0, 0.0, 0.0, -0.0, 1.0, -0.000993, 0.300003, -0.0, 0.000993, 1.0, 0.0, 0.0, 0.0, 0.0, 1.0],
                [1.0, -0.0, 0.0, 0.0, -0.0, 1.0, -0.000992, 0.300003, -0.0, 0.000992, 1.0, -0.0, 0.0, 0.0, 0.0, 1.0]
            ]
        },
        {
            "name": "Tool_R",
            "time": [0.0, 1.0],
            "transform": [
                [1.0, 0.0, 0.0, -0.0, -0.0, -0.999559, -0.029689, 0.271711, 0.0, 0.029689, -0.99956, -0.028915, 0.0, 0.0, 0.0, 1.0],
                [1.0, 0.0, 0.0, -0.0, 0.0, -0.999559, -0.029689, 0.271711, 0.0, 0.029689, -0.99956, -0.028915, 0.0, 0.0, 0.0, 1.0]
            ]
        },
        {
            "name": "Elbow_R",
            "time": [0.0, 1.0],
            "transform": [
                [-1.0, 0.0, 0.0, 0.0, 0.0, 0.003946, -0.999992, 0.300008, -0.0, -0.999992, -0.003946, -0.001252, 0.0, 0.0, 0.0, 1.0],
                [-1.0, 0.0, 0.0, 0.0, 0.0, 0.003946, -0.999992, 0.300007, -0.0, -0.999992, -0.003946, -0.001252, 0.0, 0.0, 0.0, 1.0]
            ]
        },
        {
            "name": "Shoulder_L",
            "time": [0.0, 1.0],
            "transform": [
                [0.104401, -0.965883, -0.237001, -0.0, -0.003651, -0.238674, 0.971093, 0.4, -0.994529, -0.100518, -0.028444, 0.0, 0.0, 0.0, 0.0, 1.0],
                [0.104401, -0.965883, -0.237001, -0.0, -0.003651, -0.238674, 0.971093, 0.4, -0.994529, -0.100518, -0.028444, 0.0, 0.0, 0.0, 0.0, 1.0]
            ]
        },
        {
            "name": "Arm_L",
            "time": [0.0, 0.25, 0.5, 0.75, 1.0],
            "transform": [
                [0.411668, 0.438077, 0.799136, -0.0, -0.681167, 0.730451, -0.049527, 0.39386, -0.605426, -0.523956, 0.599107, -0.0, 0.0, 0.0, 0.0, 1.0],
                [0.257762, 0.139163, 0.956134, 0.0, -0.841605, 0.518429, 0.151431, 0.39386, -0.474614, -0.84372, 0.250752, -0.0, 0.0, 0.0, 0.0, 1.0],
                [0.153859, -0.479546, 0.863923, 0.0, -0.834459, 0.405172, 0.373514, 0.39386, -0.529155, -0.778377, -0.337822, 0.0, 0.0, 0.0, 0.0, 1.0],
                [0.082133, 0.126867, 0.988513, 0.0, -0.847876, 0.530189, 0.002402, 0.39386, -0.523794, -0.838334, 0.151114, -0.0, 0.0, 0.0, 0.0, 1.0],
                [0.411667, 0.438078, 0.799136, -0.0, -0.681168, 0.73045, -0.049528, 0.39386, -0.605425, -0.523957, 0.599107, -0.0, 0.0, 0.0, 0.0, 1.0]
            ]
        },
        {
            "name": "Hand_L",
            "time": [0.0, 0.25, 0.5, 0.75, 1.0],
            "transform": [
                [1.0, 0.0, -0.0, -0.0, -0.0, 0.387163, -0.922011, 0.300003, -0.0, 0.922011, 0.387163, -0.0, 0.0, 0.0, 0.0, 1.0],
                [1.0, 1e-06, -0.0, -0.0, -1e-06, 0.981566, -0.191122, 0.300003, -0.0, 0.191122, 0.981566, 0.0, 0.0, 0.0, 0.0, 1.0],
                [1.0, 0.0, 0.0, 0.0, -0.0, 0.999999, -0.000994, 0.300003, -0.0, 0.000993, 0.999999, -0.0, 0.0, 0.0, 0.0, 1.0],
                [1.0, 1e-06, -0.0, 0.0, -1e-06, 0.970902, -0.239475, 0.300003, -0.0, 0.239475, 0.970902, 0.0, 0.0, 0.0, 0.0, 1.0],
                [1.0, -3e-06, 2e-06, -0.0, 3e-06, 0.387165, -0.922011, 0.300003, 2e-06, 0.922011, 0.387165, -0.0, 0.0, 0.0, 0.0, 1.0]
            ]
        },
        {
            "name": "Tool_L",
            "time": [0.0, 1.0],
            "transform": [
                [1.0, -0.0, 0.0, -0.0, -0.0, -0.999559, -0.029689, 0.271711, 0.0, 0.029689, -0.99956, -0.028915, 0.0, 0.0, 0.0, 1.0],
                [1.0, -0.0, 0.0, -0.0, 0.0, -0.999559, -0.029689, 0.271711, 0.0, 0.029689, -0.99956, -0.028915, 0.0, 0.0, 0.0, 1.0]
            ]
        },
        {
            "name": "Elbow_L",
            "time": [0.0, 1.0],
            "transform": [
                [-1.0, 0.0, -0.0, -0.0, 0.0, 0.003946, -0.999992, 0.409143, -0.0, -0.999993, -0.003946, -0.000822, 0.0, 0.0, 0.0, 1.0],
                [-1.0, 0.0, -0.0, 0.0, 0.0, 0.003946, -0.999992, 0.409143, -0.0, -0.999993, -0.003946, -0.000822, 0.0, 0.0, 0.0, 1.0]
            ]
        }
    ]
}