{
    "animation": [
        {
            "name": "Coord",
            "time": [0.0, 0.05, 0.2, 1.35],
            "transform": [
                [1.0, 0.0, 0.0, -5e-06, 0.0, 0.0, -1.0, -0.998936, 0.0, 1.0, 0.0, -1.545264, 0.0, 0.0, 0.0, 1.0],
                [1.0, 0.0, 0.0, -5e-06, 0.0, 0.0, -1.0, -0.156082, 0.0, 1.0, 0.0, -1.445264, 0.0, 0.0, 0.0, 1.0],
                [1.0, 0.0, 0.0, -5e-06, 0.0, 0.0, -1.0, 2e-06, 0.0, 1.0, 0.0, -1.545264, 0.0, 0.0, 0.0, 1.0],
                [1.0, 0.0, 0.0, -5e-06, 0.0, 0.0, -1.0, 2e-06, 0.0, 1.0, 0.0, -1.545264, 0.0, 0.0, 0.0, 1.0]
            ]
        },
        {
            "name": "Root",
            "time": [0.0, 0.05, 0.1167, 0.2, 0.3, 0.4167, 0.5, 0.55, 0.6833, 0.8167, 1.1333, 1.35],
            "transform": [
                [1.0, 0.0, 0.0, 0.0, 0.0, 0.945137, 0.326675, 0.737663, 0.0, -0.326675, 0.945137, -0.000944, 0.0, 0.0, 0.0, 1.0],
                [1.0, 0.0, 0.0, 0.0, 0.0, 0.982932, 0.183969, 0.831983, 0.0, -0.183969, 0.982932, 0.348478, 0.0, 0.0, 0.0, 1.0],
                [1.0, 0.0, 0.0, 0.0, 0.0, 0.980597, -0.196033, 0.833399, 0.0, 0.196033, 0.980597, 0.023416, 0.0, 0.0, 0.0, 1.0],
                [1.0, 0.0, 0.0, 0.0, 0.0, 0.735061, -0.678001, 0.933692, 0.0, 0.678001, 0.735061, -0.43103, 0.0, 0.0, 0.0, 1.0],
                [1.0, 0.0, 0.0, 0.0, 0.0, 0.781083, -0.624427, 0.953798, 0.0, 0.624427, 0.781083, -0.384259, 0.0, 0.0, 0.0, 1.0],
                [1.0, 0.0, 0.0, 0.0, 0.0, 0.995945, -0.089961, 0.87016, 0.0, 0.089961, 0.995945, -0.026297, 0.0, 0.0, 0.0, 1.0],
                [1.0, 0.0, 0.0, 0.0, 0.0, 0.947476, 0.319828, 0.876094, 0.0, -0.319828, 0.947476, 0.24397, 0.0, 0.0, 0.0, 1.0],
                [1.0, 0.0, 0.0, 0.0, 0.0, 0.933802, 0.357791, 0.872106, 0.0, -0.357791, 0.933802, 0.275783, 0.0, 0.0, 0.0, 1.0],
                [1.0, 0.0, 0.0, 0.0, 0.0, 0.97669, 0.214653, 0.854485, 0.0, -0.214653, 0.97669, 0.117977, 0.0, 0.0, 0.0, 1.0],
                [1.0, 0.0, 0.0, 0.0, 0.0, 0.998261, -0.058951, 0.832876, 0.0, 0.058951, 0.998261, -0.161906, 0.0, 0.0, 0.0, 1.0],
                [1.0, 0.0, 0.0, 0.0, 0.0, 0.999036, 0.043891, 0.858198, 0.0, -0.043891, 0.999036, 0.027144, 0.0, 0.0, 0.0, 1.0],
                [1.0, 0.0, 0.0, 0.0, 0.0, 1.0, 0.0, 0.860865, 0.0, 0.0, 1.0, -0.000944, 0.0, 0.0, 0.0, 1.0]
            ]
        },
        {
            "name": "Thigh_R",
            "time": [0.0, 0.05, 0.1167, 0.2, 0.2667, 0.45, 0.5667, 0.7, 0.9667, 1.1333, 1.1833, 1.35],
            "transform": [
                [0.99336, 0.076574, 0.085858, 0.124994, -0.070483, -0.184751, 0.980255, -0.002831, 0.090924, -0.979796, -0.178127, -1.2e-05, 0.0, 0.0, 0.0, 1.0],
                [0.999554, 0.028116, 0.01004, 0.124994, 0.004134, -0.463398, 0.88614, -0.002831, 0.029567, -0.885702, -0.463309, -1.2e-05, 0.0, 0.0, 0.0, 1.0],
                [0.999784, 0.01736, -0.011389, 0.124994, 0.020512, -0.740855, 0.67135, -0.002831, 0.003217, -0.671437, -0.741053, -1.2e-05, 0.0, 0.0, 0.0, 1.0],
                [0.998947, -0.003744, -0.045725, 0.124994, 0.026625, -0.764343, 0.644258, -0.002831, -0.037361, -0.644796, -0.76344, -1.2e-05, 0.0, 0.0, 0.0, 1.0],
                [0.999807, 0.019387, -0.002996, 0.124994, 0.016106, -0.724036, 0.689573, -0.00283, 0.0112, -0.689487, -0.724211, -1.2e-05, 0.0, 0.0, 0.0, 1.0],
                [0.999833, 0.018119, -0.002139, 0.124994, 0.007337, -0.291956, 0.956404, -0.002831, 0.016704, -0.956258, -0.292041, -1.2e-05, 0.0, 0.0, 0.0, 1.0],
                [0.999636, 0.021836, 0.015811, 0.124994, 0.014634, -0.932054, 0.36202, -0.002831, 0.022642, -0.361656, -0.932037, -1.2e-05, 0.0, 0.0, 0.0, 1.0],
                [0.999078, 0.017931, 0.038993, 0.124994, 0.033405, -0.895299, -0.444207, -0.00283, 0.026945, 0.4451, -0.895075, -1.2e-05, 0.0, 0.0, 0.0, 1.0],
                [0.99942, 0.02098, 0.026797, 0.124994, -0.000127, -0.785086, 0.619386, -0.00283, 0.034033, -0.619029, -0.78463, -1.2e-05, 0.0, 0.0, 0.0, 1.0],
                [0.999706, 0.018894, 0.015186, 0.124994, 0.01481, -0.972032, 0.234372, -0.002831, 0.01919, -0.234078, -0.972029, -1.2e-05, 0.0, 0.0, 0.0, 1.0],
                [0.999755, 0.019288, 0.010833, 0.124994, 0.018593, -0.997967, 0.060932, -0.002831, 0.011986, -0.060715, -0.998084, -1.2e-05, 0.0, 0.0, 0.0, 1.0],
                [0.999727, 0.019055, 0.013488, 0.124994, 0.018249, -0.998174, 0.057552, -0.002831, 0.01456, -0.05729, -0.998252, -1.2e-05, 0.0, 0.0, 0.0, 1.0]
            ]
        },
        {
            "name": "Leg_R",
            "time": [0.0, 0.05, 0.1167, 0.2, 0.2667, 0.45, 0.5667, 0.7, 0.9667, 1.1333, 1.1833, 1.35],
            "transform": [
                [1.000001, -0.0, 1e-06, 0.0, -0.0, 0.734105, 0.679037, 0.374726, -1e-06, -0.679045, 0.734096, 0.0, 0.0, 0.0, 0.0, 1.0],
                [1.000001, -1e-06, 1e-06, -0.0, -0.0, 0.735827, 0.677171, 0.374726, -1e-06, -0.67718, 0.735817, -0.0, 0.0, 0.0, 0.0, 1.0],
                [1.000001, -0.0, 1e-06, 0.0, -0.0, 0.947011, 0.321217, 0.374726, -1e-06, -0.321221, 0.946999, 0.0, 0.0, 0.0, 0.0, 1.0],
                [1.000001, -1e-06, 1e-06, -0.0, -0.0, 0.409163, 0.912456, 0.374726, -1e-06, -0.912468, 0.409158, 0.0, 0.0, 0.0, 0.0, 1.0],
                [1.000001, -0.0, 1e-06, 0.0, -0.0, 0.768976, 0.639279, 0.374726, -1e-06, -0.639288, 0.768966, 0.0, 0.0, 0.0, 0.0, 1.0],
                [1.000001, -0.0, 1e-06, 0.0, -0.0, 0.954699, 0.297591, 0.374726, -1e-06, -0.297595, 0.954687, 0.0, 0.0, 0.0, 0.0, 1.0],
                [1.000001, -0.0, 1e-06, 0.0, -0.0, 0.924781, 0.380513, 0.374726, -1e-06, -0.380518, 0.924769, -0.0, 0.0, 0.0, 0.0, 1.0],
                [1.000001, -0.0, 1e-06, 0.0, 0.0, 0.999996, 0.00469, 0.374726, -1e-06, -0.00469, 0.999983, -0.0, 0.0, 0.0, 0.0, 1.0],
                [1.000001, -0.0, 1e-06, -0.0, -0.0, 0.97861, 0.205755, 0.374726, -1e-06, -0.205758, 0.978597, 0.0, 0.0, 0.0, 0.0, 1.0],
                [1.000001, -0.0, 1e-06, -0.0, -0.0, 0.993864, 0.110645, 0.374726, -1e-06, -0.110646, 0.993856, 0.0, 0.0, 0.0, 0.0, 1.0],
                [1.000001, -0.0, 1e-06, -0.0, -0.0, 0.979391, 0.201986, 0.374726, -1e-06, -0.201987, 0.979385, -0.0, 0.0, 0.0, 0.0, 1.0],
                [1.0, -0.0, 1e-06, 0.0, -0.0, 0.989772, 0.142662, 0.374726, -1e-06, -0.142663, 0.989771, -0.0, 0.0, 0.0, 0.0, 1.0]
            ]
        },
        {
            "name": "Knee_R",
            "time": [0.0, 1.35],
            "transform": [
                [1.0, 0.0, -0.0, 0.0, -0.0, 0.00567, -0.999984, 0.396944, -0.0, 0.999984, 0.00567, -0.000126, 0.0, 0.0, 0.0, 1.0],
                [1.0, 0.0, -0.0, -0.0, -0.0, 0.00567, -0.999984, 0.374726, -0.0, 0.999984, 0.00567, -0.0, 0.0, 0.0, 0.0, 1.0]
            ]
        },
        {
            "name": "Thigh_L",
            "time": [0.0, 0.05, 0.1667, 0.2, 0.2667, 0.45, 0.5667, 0.7, 0.9667, 1.1333, 1.1833, 1.35],
            "transform": [
                [0.998197, -0.052709, -0.028687, -0.125006, -0.055274, -0.993697, -0.097515, -0.002831, -0.023366, 0.098925, -0.99482, -1.2e-05, 0.0, 0.0, 0.0, 1.0],
                [0.999794, -0.020216, 0.001571, -0.125006, -0.019542, -0.93998, 0.340667, -0.002831, -0.00541, -0.340627, -0.940182, -1.2e-05, 0.0, 0.0, 0.0, 1.0],
                [0.999902, -0.013394, -0.00384, -0.125006, -0.012707, -0.989634, 0.143044, -0.002831, -0.005716, -0.142981, -0.989709, -1.2e-05, 0.0, 0.0, 0.0, 1.0],
                [0.999888, -0.01494, 7.7e-05, -0.125006, -0.012533, -0.83604, 0.548525, -0.002831, -0.008131, -0.548464, -0.836134, -1.2e-05, 0.0, 0.0, 0.0, 1.0],
                [0.999758, -0.019908, -0.009298, -0.125006, -0.002967, -0.541616, 0.84062, -0.002831, -0.021771, -0.840389, -0.541545, -1.2e-05, 0.0, 0.0, 0.0, 1.0],
                [0.999892, -0.013511, -0.005719, -0.125006, 0.005512, -0.015352, 0.999867, -0.002831, -0.013597, -0.99979, -0.015276, -1.2e-05, 0.0, 0.0, 0.0, 1.0],
                [0.999755, -0.015455, -0.015849, -0.125006, -0.006973, -0.899368, 0.437136, -0.002831, -0.02101, -0.436918, -0.899256, -1.2e-05, 0.0, 0.0, 0.0, 1.0],
                [0.99894, -0.011606, -0.04454, -0.125006, -0.034825, -0.823306, -0.566528, -0.002831, -0.030095, 0.567478, -0.822838, -1.2e-05, 0.0, 0.0, 0.0, 1.0],
                [0.998634, -0.011269, -0.051004, -0.125006, 0.019809, -0.821807, 0.569421, -0.002831, -0.048332, -0.569654, -0.820462, -1.2e-05, 0.0, 0.0, 0.0, 1.0],
                [0.999571, -0.014244, -0.025583, -0.125006, -0.005763, -0.952317, 0.305054, -0.002831, -0.028708, -0.304776, -0.951991, -1.2e-05, 0.0, 0.0, 0.0, 1.0],
                [0.999703, -0.01369, -0.020141, -0.125006, -0.012335, -0.997747, 0.065929, -0.002831, -0.020998, -0.065661, -0.997621, -1.2e-05, 0.0, 0.0, 0.0, 1.0],
                [0.999676, -0.012828, -0.021977, -0.125006, -0.011701, -0.998647, 0.050656, -0.002831, -0.022597, -0.050383, -0.998474, -1.2e-05, 0.0, 0.0, 0.0, 1.0]
            ]
        },
        {
            "name": "Leg_L",
            "time": [0.0, 0.05, 0.1667, 0.2, 0.2667, 0.45, 0.5667, 0.7, 0.9667, 1.1333, 1.1833, 1.35],
            "transform": [
                [1.0, -0.0, 1e-06, 0.0, -0.0, 0.912758, 0.408501, 0.374726, -1e-06, -0.408501, 0.912758, -0.0, 0.0, 0.0, 0.0, 1.0],
                [1.0, -1e-06, 1e-06, 0.0, -0.0, 0.589801, 0.807549, 0.374726, -1e-06, -0.807549, 0.589801, -0.0, 0.0, 0.0, 0.0, 1.0],
                [1.0, -0.0, 1e-06, 0.0, -0.0, 0.915671, 0.401928, 0.374726, -1e-06, -0.401928, 0.915672, 0.0, 0.0, 0.0, 0.0, 1.0],
                [1.0, -1e-06, 1e-06, 0.0, -0.0, 0.59615, 0.802873, 0.374726, -1e-06, -0.802873, 0.59615, -0.0, 0.0, 0.0, 0.0, 1.0],
                [1.0, -1e-06, 1e-06, 0.0, -0.0, 0.564715, 0.825286, 0.374726, -1e-06, -0.825286, 0.564715, -0.0, 0.0, 0.0, 0.0, 1.0],
                [1.0, -0.0, 1e-06, -0.0, -0.0, 0.900515, 0.434825, 0.374726, -1e-06, -0.434825, 0.900515, -0.0, 0.0, 0.0, 0.0, 1.0],
                [1.0, -0.0, 1e-06, -0.0, -0.0, 0.913683, 0.406428, 0.374726, -1e-06, -0.406428, 0.913683, -0.0, 0.0, 0.0, 0.0, 1.0],
                [1.0, -0.0, 1e-06, -0.0, -0.0, 0.999989, 0.004686, 0.374726, -1e-06, -0.004686, 0.999989, -0.0, 0.0, 0.0, 0.0, 1.0],
                [1.0, -0.0, 1e-06, 0.0, -0.0, 0.999988, 0.004719, 0.374726, -1e-06, -0.004719, 0.999989, 0.0, 0.0, 0.0, 0.0, 1.0],
                [1.0, -0.0, 1e-06, 0.0, -0.0, 0.979894, 0.199516, 0.374726, -1e-06, -0.199516, 0.979895, 0.0, 0.0, 0.0, 0.0, 1.0],
                [1.0, -0.0, 1e-06, -0.0, -0.0, 0.979972, 0.199132, 0.374726, -1e-06, -0.199132, 0.979973, -0.0, 0.0, 0.0, 0.0, 1.0],
                [1.0, -0.0, 1e-06, -0.0, -0.0, 0.993612, 0.112847, 0.374726, -1e-06, -0.112847, 0.993613, -0.0, 0.0, 0.0, 0.0, 1.0]
            ]
        },
        {
            "name": "Knee_L",
            "time": [0.0, 1.35],
            "transform": [
                [1.0, 0.0, -0.0, 0.0, -0.0, 0.00567, -0.999984, 0.374726, -0.0, 0.999984, 0.00567, -0.0, 0.0, 0.0, 0.0, 1.0],
                [1.0, 0.0, -0.0, -0.0, -0.0, 0.00567, -0.999984, 0.374726, -0.0, 0.999984, 0.00567, -0.0, 0.0, 0.0, 0.0, 1.0]
            ]
        },
        {
            "name": "Torso",
            "time": [0.0, 0.05, 0.2, 0.8667, 1.35],
            "transform": [
                [1.0, 0.0, 0.0, 0.0, 0.0, 1.0, 0.0, 0.05, 0.0, 0.0, 1.0, -0.0, 0.0, 0.0, 0.0, 1.0],
                [1.0, 0.0, 0.0, -0.0, 0.0, 0.947894, 0.318585, 0.05, 0.0, -0.318586, 0.947894, -0.0, 0.0, 0.0, 0.0, 1.0],
                [1.0, 0.0, 0.0, 0.0, 0.0, 0.991878, 0.127197, 0.05, 0.0, -0.127197, 0.991877, 0.0, 0.0, 0.0, 0.0, 1.0],
                [1.0, 0.0, 0.0, 0.0, 0.0, 0.99602, -0.089133, 0.05, 0.0, 0.089133, 0.99602, 0.0, 0.0, 0.0, 0.0, 1.0],
                [1.0, 0.0, 0.0, 0.0, 0.0, 1.0, 0.0, 0.05, 0.0, 0.0, 1.0, 0.0, 0.0, 0.0, 0.0, 1.0]
            ]
        },
        {
            "name": "Chest",
            "time": [0.0, 0.05, 0.1167, 0.2, 0.3, 0.5, 0.8667, 1.1333, 1.35],
            "transform": [
                [1.0, 0.0, 0.0, 0.0, 0.0, 0.985627, -0.168936, 0.3, 0.0, 0.168936, 0.985627, -0.0, 0.0, 0.0, 0.0, 1.0],
                [1.0, 0.0, 0.0, 0.0, 0.0, 0.988877, -0.148737, 0.3, 0.0, 0.148737, 0.988877, 0.0, 0.0, 0.0, 0.0, 1.0],
                [1.0, 0.0, 0.0, 0.0, 0.0, 0.99421, -0.107451, 0.3, 0.0, 0.107451, 0.99421, -0.0, 0.0, 0.0, 0.0, 1.0],
                [1.0, 0.0, 0.0, 0.0, 0.0, 0.953127, 0.30257, 0.3, 0.0, -0.30257, 0.953127, 0.0, 0.0, 0.0, 0.0, 1.0],
                [1.0, 0.0, 0.0, 0.0, 0.0, 0.918826, 0.394664, 0.3, 0.0, -0.394664, 0.918826, 0.0, 0.0, 0.0, 0.0, 1.0],
                [1.0, 0.0, 0.0, 0.0, 0.0, 0.9794, -0.201931, 0.3, 0.0, 0.201931, 0.9794, 0.0, 0.0, 0.0, 0.0, 1.0],
                [1.0, 0.0, 0.0, 0.0, 0.0, 0.999616, 0.027707, 0.3, 0.0, -0.027707, 0.999616, 0.0, 0.0, 0.0, 0.0, 1.0],
                [1.0, 0.0, 0.0, -0.0, 0.0, 0.999763, 0.021757, 0.3, 0.0, -0.021757, 0.999763, 0.0, 0.0, 0.0, 0.0, 1.0],
                [1.0, 0.0, 0.0, 0.0, 0.0, 0.998338, -0.057631, 0.3, 0.0, 0.057631, 0.998338, 0.0, 0.0, 0.0, 0.0, 1.0]
            ]
        },
        {
            "name": "Head",
            "time": [0.0, 0.05, 0.2, 0.2333, 0.4333, 0.4667, 0.6833, 1.35],
            "transform": [
                [1.0, 0.0, 0.0, 0.0, 0.0, 0.915731, -0.401791, 0.4, 0.0, 0.401791, 0.915731, -0.0, 0.0, 0.0, 0.0, 1.0],
                [1.0, 0.0, 0.0, -0.0, 0.0, 0.840949, -0.541115, 0.4, 0.0, 0.541115, 0.840949, -0.0, 0.0, 0.0, 0.0, 1.0],
                [1.0, 0.0, 0.0, 0.0, 0.0, 0.98261, -0.185683, 0.4, 0.0, 0.185683, 0.98261, 0.0, 0.0, 0.0, 0.0, 1.0],
                [1.0, 0.0, 0.0, 0.0, 0.0, 0.999912, -0.013257, 0.4, 0.0, 0.013257, 0.999912, 0.0, 0.0, 0.0, 0.0, 1.0],
                [1.0, 0.0, 0.0, -0.0, 0.0, 0.980177, 0.198124, 0.4, 0.0, -0.198124, 0.980177, -0.0, 0.0, 0.0, 0.0, 1.0],
                [1.0, 0.0, 0.0, 0.0, 0.0, 0.980177, 0.198124, 0.4, 0.0, -0.198124, 0.980177, 0.0, 0.0, 0.0, 0.0, 1.0],
                [1.0, 0.0, 0.0, 0.0, 0.0, 0.996354, 0.085319, 0.4, 0.0, -0.085319, 0.996354, 0.0, 0.0, 0.0, 0.0, 1.0],
                [1.0, 0.0, 0.0, 0.0, 0.0, 0.999604, -0.028128, 0.4, 0.0, 0.028128, 0.999604, 0.0, 0.0, 0.0, 0.0, 1.0]
            ]
        },
        {
            "name": "Shoulder_R",
            "time": [0.0, 0.05, 1.35],
            "transform": [
                [0.104401, 0.965883, 0.237001, 0.0, 0.003651, -0.238673, 0.971093, 0.4, 0.994528, -0.100518, -0.028444, -0.0, 0.0, 0.0, 0.0, 1.0],
                [0.0, 0.952114, 0.305743, -0.065047, 0.0, -0.305743, 0.952114, 0.604223, 1.0, -0.0, -0.0, 0.045624, 0.0, 0.0, 0.0, 1.0],
                [0.0, 0.952114, 0.305743, -0.065047, 0.0, -0.305743, 0.952114, 0.604223, 1.0, -0.0, -0.0, 0.045624, 0.0, 0.0, 0.0, 1.0]
            ]
        },
        {
            "name": "Arm_R",
            "time": [0.0, 0.05, 0.0833, 0.1167, 0.1667, 0.2, 0.3833, 0.4333, 0.4667, 0.5, 0.55, 0.5833, 0.6833, 0.7167, 0.8667, 0.9667, 1.0833, 1.1667, 1.35],
            "transform": [
                [0.517275, -0.313664, 0.79627, -0.0, 0.811832, -0.114611, -0.572534, 0.393861, 0.270844, 0.942594, 0.195357, 0.0, 0.0, 0.0, 0.0, 1.0],
                [0.97191, 0.009121, -0.23518, 0.0, -0.157129, -0.7188, -0.677231, 0.393861, -0.175224, 0.695161, -0.697175, 0.0, 0.0, 0.0, 0.0, 1.0],
                [0.983991, -0.10633, -0.143028, -0.0, -0.174364, -0.740423, -0.649134, 0.39386, -0.036878, 0.66368, -0.74711, 0.0, 0.0, 0.0, 0.0, 1.0],
                [0.979072, -0.203414, -0.00651, -0.0, -0.160027, -0.749695, -0.642148, 0.393861, 0.125741, 0.62975, -0.766557, -0.0, 0.0, 0.0, 0.0, 1.0],
                [0.95318, -0.27273, 0.130647, 0.0, -0.110031, -0.715192, -0.690216, 0.39386, 0.281679, 0.643524, -0.711715, -0.0, 0.0, 0.0, 0.0, 1.0],
                [0.963764, -0.226003, 0.14171, 0.0, -0.061209, -0.704418, -0.707144, 0.393861, 0.259639, 0.672846, -0.692727, 0.0, 0.0, 0.0, 0.0, 1.0],
                [0.980555, -0.192424, 0.03854, -0.0, -0.114571, -0.72076, -0.683654, 0.393861, 0.159329, 0.665944, -0.728792, 0.0, 0.0, 0.0, 0.0, 1.0],
                [0.976699, -0.214416, -0.009218, -0.0, -0.164095, -0.718423, -0.675977, 0.393861, 0.138317, 0.661739, -0.736868, 0.0, 0.0, 0.0, 0.0, 1.0],
                [0.978599, -0.200432, -0.046605, -0.0, -0.179031, -0.717614, -0.67304, 0.393861, 0.101454, 0.666979, -0.73814, -0.0, 0.0, 0.0, 0.0, 1.0],
                [0.983804, -0.158985, -0.082797, -0.0, -0.172688, -0.71675, -0.675613, 0.393861, 0.048068, 0.678968, -0.732596, 0.0, 0.0, 0.0, 0.0, 1.0],
                [0.986644, -0.126084, -0.103139, 0.0, -0.162454, -0.715078, -0.67991, 0.393861, 0.011973, 0.687584, -0.72601, -0.0, 0.0, 0.0, 0.0, 1.0],
                [0.988081, -0.113947, -0.103504, 0.0, -0.153895, -0.715285, -0.681681, 0.393861, 0.003641, 0.689484, -0.724295, 0.0, 0.0, 0.0, 0.0, 1.0],
                [0.994702, -0.086797, -0.055093, 0.0, -0.100868, -0.720441, -0.686146, 0.39386, 0.019863, 0.688067, -0.725379, 0.0, 0.0, 0.0, 0.0, 1.0],
                [0.995176, -0.096208, -0.019246, -0.0, -0.082853, -0.718986, -0.690072, 0.393861, 0.052552, 0.688337, -0.723488, 0.0, 0.0, 0.0, 0.0, 1.0],
                [0.99471, -0.092742, 0.044174, -0.0, -0.034969, -0.710043, -0.703293, 0.393861, 0.09659, 0.698027, -0.709531, 0.0, 0.0, 0.0, 0.0, 1.0],
                [0.995514, -0.093812, 0.012343, 0.0, -0.058895, -0.716442, -0.69516, 0.393861, 0.074057, 0.691314, -0.718753, 0.0, 0.0, 0.0, 0.0, 1.0],
                [0.997127, -0.069699, -0.029663, -0.0, -0.071028, -0.724239, -0.685885, 0.393861, 0.026322, 0.686021, -0.727109, 0.0, 0.0, 0.0, 0.0, 1.0],
                [0.99824, -0.046799, -0.036447, -0.0, -0.059061, -0.727105, -0.683984, 0.393861, 0.005509, 0.684932, -0.728589, 0.0, 0.0, 0.0, 0.0, 1.0],
                [0.988815, -0.149147, -0.000562, 0.0, -0.109193, -0.721352, -0.683907, 0.393861, 0.101598, 0.676319, -0.729569, -0.0, 0.0, 0.0, 0.0, 1.0]
            ]
        },
        {
            "name": "Hand_R",
            "time": [0.0, 0.05, 0.0833, 0.1167, 0.1667, 0.2, 0.3833, 0.4333, 0.4667, 0.5, 0.55, 0.5833, 0.6833, 0.7167, 0.8667, 0.9667, 1.0833, 1.1667, 1.35],
            "transform": [
                [1.0, -0.0, 0.0, -0.0, 0.0, 0.998981, -0.045138, 0.300003, 0.0, 0.045138, 0.998981, 0.0, 0.0, 0.0, 0.0, 1.0],
                [1.0, 0.0, 0.0, 0.0, 0.0, 1.0, -0.001003, 0.300003, -0.0, 0.001003, 0.999999, 0.0, 0.0, 0.0, 0.0, 1.0],
                [1.0, 0.0, 0.0, 0.0, 0.0, 0.999999, -0.001, 0.300003, -0.0, 0.001, 0.999999, -0.0, 0.0, 0.0, 0.0, 1.0],
                [1.0, 0.0, 0.0, -0.0, -0.0, 0.999999, -0.000999, 0.300003, -0.0, 0.000999, 0.999999, 0.0, 0.0, 0.0, 0.0, 1.0],
                [1.0, -0.0, 0.0, 0.0, 0.0, 0.999999, -0.001002, 0.300002, -0.0, 0.001002, 0.999999, -0.0, 0.0, 0.0, 0.0, 1.0],
                [1.0, -0.0, 0.0, 0.0, 0.0, 1.0, -0.001003, 0.300003, -0.0, 0.001003, 1.0, 0.0, 0.0, 0.0, 0.0, 1.0],
                [1.0, -0.0, 0.0, -0.0, -0.0, 0.999999, -0.001002, 0.300002, -0.0, 0.001002, 0.999999, -0.0, 0.0, 0.0, 0.0, 1.0],
                [1.0, 0.0, 0.0, 0.0, 0.0, 1.0, -0.001002, 0.300003, -0.0, 0.001002, 0.999999, -0.0, 0.0, 0.0, 0.0, 1.0],
                [1.0, -0.0, 0.0, 0.0, 0.0, 0.999999, -0.001002, 0.300003, -0.0, 0.001002, 0.999999, 0.0, 0.0, 0.0, 0.0, 1.0],
                [1.0, -0.0, 0.0, 0.0, 0.0, 0.999999, -0.001003, 0.300003, -0.0, 0.001003, 0.999999, 0.0, 0.0, 0.0, 0.0, 1.0],
                [1.0, -0.0, 0.0, 0.0, 0.0, 0.999999, -0.001003, 0.300003, -0.0, 0.001003, 0.999999, -0.0, 0.0, 0.0, 0.0, 1.0],
                [1.0, -0.0, 0.0, 0.0, 0.0, 1.0, -0.001003, 0.300003, -0.0, 0.001003, 1.0, -0.0, 0.0, 0.0, 0.0, 1.0],
                [1.0, -0.0, 0.0, -0.0, 0.0, 1.0, -0.001003, 0.300003, -0.0, 0.001003, 0.999999, -0.0, 0.0, 0.0, 0.0, 1.0],
                [1.0, -0.0, 0.0, -0.0, -0.0, 0.999999, -0.001003, 0.300003, -0.0, 0.001003, 0.999999, 0.0, 0.0, 0.0, 0.0, 1.0],
                [1.0, -0.0, 0.0, -0.0, 0.0, 1.0, -0.001004, 0.300003, -0.0, 0.001004, 1.0, -0.0, 0.0, 0.0, 0.0, 1.0],
                [1.0, -0.0, 0.0, 0.0, 0.0, 1.0, -0.001003, 0.300003, -0.0, 0.001003, 0.999999, -0.0, 0.0, 0.0, 0.0, 1.0],
                [1.0, -0.0, 0.0, 0.0, -0.0, 1.0, -0.001002, 0.300003, -0.0, 0.001002, 1.0, -0.0, 0.0, 0.0, 0.0, 1.0],
                [1.0, -0.0, 0.0, 0.0, 0.0, 1.0, -0.001002, 0.300003, -0.0, 0.001002, 1.0, 0.0, 0.0, 0.0, 0.0, 1.0],
                [1.0, -0.0, 0.0, 0.0, 0.0, 1.0, -0.001002, 0.300003, -0.0, 0.001002, 1.0, -0.0, 0.0, 0.0, 0.0, 1.0]
            ]
        },
        {
            "name": "Tool_R",
            "time": [0.0, 1.35],
            "transform": [
                [1.0, 0.0, 0.0, 0.0, -0.0, -0.999559, -0.029689, 0.271711, 0.0, 0.029689, -0.99956, -0.028915, 0.0, 0.0, 0.0, 1.0],
                [1.0, -0.0, 0.0, 0.0, -0.0, -0.999559, -0.029689, 0.271711, 0.0, 0.029689, -0.99956, -0.028915, 0.0, 0.0, 0.0, 1.0]
            ]
        },
        {
            "name": "Elbow_R",
            "time": [0.0, 1.35],
            "transform": [
                [-1.0, 0.0, -0.0, -0.0, 0.0, 0.003946, -0.999992, 0.30343, -0.0, -0.999993, -0.003946, -0.001239, 0.0, 0.0, 0.0, 1.0],
                [-1.0, 0.0, -0.0, 0.0, 0.0, 0.003946, -0.999992, 0.300008, -0.0, -0.999992, -0.003946, -0.001252, 0.0, 0.0, 0.0, 1.0]
            ]
        },
        {
            "name": "Shoulder_L",
            "time": [0.0, 0.05, 1.35],
            "transform": [
                [0.104401, -0.965883, -0.237001, 0.0, -0.003651, -0.238674, 0.971093, 0.4, -0.994528, -0.100518, -0.028444, -0.0, 0.0, 0.0, 0.0, 1.0],
                [-0.0, -0.952114, -0.305743, 0.074089, 0.0, -0.305743, 0.952114, 0.632142, -1.0, -0.0, 0.0, 0.12451, 0.0, 0.0, 0.0, 1.0],
                [-0.0, -0.952114, -0.305743, 0.074089, 0.0, -0.305743, 0.952114, 0.632142, -1.0, 0.0, 0.0, 0.12451, 0.0, 0.0, 0.0, 1.0]
            ]
        },
        {
            "name": "Arm_L",
            "time": [0.0, 0.05, 0.0833, 0.1167, 0.1667, 0.2, 0.3833, 0.4333, 0.4667, 0.5, 0.55, 0.5833, 0.6833, 0.7167, 0.8667, 0.9667, 1.0833, 1.1667, 1.35],
            "transform": [
                [0.374756, 0.330815, -0.866093, -0.0, -0.897969, -0.102907, -0.427855, 0.39386, -0.230669, 0.938065, 0.258497, 0.0, 0.0, 0.0, 0.0, 1.0],
                [0.952486, 0.25031, 0.17353, -0.0, 0.300081, -0.673661, -0.675373, 0.39386, -0.052152, 0.695356, -0.716768, 0.0, 0.0, 0.0, 0.0, 1.0],
                [0.920548, 0.381192, 0.085338, -0.0, 0.340447, -0.675792, -0.653756, 0.39386, -0.191536, 0.630866, -0.751876, 0.0, 0.0, 0.0, 0.0, 1.0],
                [0.873229, 0.487073, -0.015112, 0.0, 0.363067, -0.670967, -0.646516, 0.39386, -0.32504, 0.55907, -0.762749, -0.0, 0.0, 0.0, 0.0, 1.0],
                [0.840376, 0.536538, -0.076764, -0.0, 0.347835, -0.642499, -0.682791, 0.39386, -0.415665, 0.547099, -0.726568, 0.0, 0.0, 0.0, 0.0, 1.0],
                [0.870521, 0.488662, -0.05832, 0.0, 0.315489, -0.645079, -0.695942, 0.39386, -0.377702, 0.587433, -0.715723, -0.0, 0.0, 0.0, 0.0, 1.0],
                [0.886019, 0.46352, -0.010858, 0.0, 0.334972, -0.656137, -0.67622, 0.39386, -0.320566, 0.595507, -0.736617, 0.0, 0.0, 0.0, 0.0, 1.0],
                [0.878399, 0.477908, 0.004187, -0.0, 0.355485, -0.647477, -0.674093, 0.39386, -0.319444, 0.59361, -0.738633, 0.0, 0.0, 0.0, 0.0, 1.0],
                [0.886692, 0.461642, 0.025726, -0.0, 0.356644, -0.647487, -0.67347, 0.39386, -0.294245, 0.606335, -0.738765, 0.0, 0.0, 0.0, 0.0, 1.0],
                [0.905496, 0.420644, 0.055972, 0.0, 0.344787, -0.652398, -0.674903, 0.39386, -0.247379, 0.630421, -0.735778, 0.0, 0.0, 0.0, 0.0, 1.0],
                [0.9185, 0.387927, 0.076605, 0.0, 0.333462, -0.655792, -0.677301, 0.39386, -0.212507, 0.647645, -0.731705, 0.0, 0.0, 0.0, 0.0, 1.0],
                [0.922669, 0.377063, 0.080644, 0.0, 0.328139, -0.657994, -0.677765, 0.39386, -0.202498, 0.651815, -0.730841, -0.0, 0.0, 0.0, 0.0, 1.0],
                [0.930439, 0.360526, 0.065587, 0.0, 0.307077, -0.669441, -0.676424, 0.39386, -0.199962, 0.649511, -0.733585, -0.0, 0.0, 0.0, 0.0, 1.0],
                [0.927352, 0.37115, 0.047575, 0.0, 0.302552, -0.668917, -0.678976, 0.39386, -0.220179, 0.644044, -0.732615, -0.0, 0.0, 0.0, 0.0, 1.0],
                [0.930281, 0.365984, 0.025121, 0.0, 0.28097, -0.666808, -0.690231, 0.39386, -0.235863, 0.649167, -0.72315, 0.0, 0.0, 0.0, 0.0, 1.0],
                [0.92855, 0.369492, 0.035597, -0.0, 0.292572, -0.669465, -0.682798, 0.39386, -0.228458, 0.644427, -0.729737, 0.0, 0.0, 0.0, 0.0, 1.0],
                [0.935127, 0.349619, 0.057457, -0.0, 0.294584, -0.677099, -0.674354, 0.39386, -0.196863, 0.647533, -0.736167, 0.0, 0.0, 0.0, 0.0, 1.0],
                [0.941663, 0.330027, 0.065967, 0.0, 0.286465, -0.683081, -0.671814, 0.39386, -0.176656, 0.651519, -0.737775, -0.0, 0.0, 0.0, 0.0, 1.0],
                [0.906254, 0.422227, 0.020718, 0.0, 0.32399, -0.66225, -0.675615, 0.39386, -0.271542, 0.618991, -0.736963, -0.0, 0.0, 0.0, 0.0, 1.0]
            ]
        },
        {
            "name": "Hand_L",
            "time": [0.0, 0.05, 0.0833, 0.1167, 0.1667, 0.2, 0.3833, 0.4333, 0.4667, 0.5, 0.55, 0.5833, 0.6833, 0.7167, 0.8667, 0.9667, 1.0833, 1.1667, 1.35],
            "transform": [
                [1.0, 0.0, 0.0, -0.0, 0.0, 0.999473, -0.032466, 0.300003, -0.0, 0.032466, 0.999473, 0.0, 0.0, 0.0, 0.0, 1.0],
                [1.0, 0.0, 0.0, 0.0, -0.0, 0.999999, -0.001004, 0.300003, -0.0, 0.001004, 0.999999, 0.0, 0.0, 0.0, 0.0, 1.0],
                [1.0, -0.0, 0.0, -0.0, 0.0, 0.999999, -0.001003, 0.300003, -0.0, 0.001003, 0.999999, -0.0, 0.0, 0.0, 0.0, 1.0],
                [1.0, -0.0, 0.0, -0.0, 0.0, 0.999999, -0.001001, 0.300003, -0.0, 0.001001, 0.999999, -0.0, 0.0, 0.0, 0.0, 1.0],
                [1.0, 0.0, 0.0, -0.0, 0.0, 0.999999, -0.001003, 0.300003, -0.0, 0.001003, 0.999999, 0.0, 0.0, 0.0, 0.0, 1.0],
                [1.0, -0.0, -0.0, 0.0, 0.0, 1.0, -0.001004, 0.300003, -0.0, 0.001004, 0.999999, -0.0, 0.0, 0.0, 0.0, 1.0],
                [1.0, 0.0, -0.0, 0.0, -0.0, 0.999999, -0.001003, 0.300003, 0.0, 0.001003, 0.999999, -0.0, 0.0, 0.0, 0.0, 1.0],
                [1.0, -0.0, 0.0, 0.0, -0.0, 1.0, -0.001004, 0.300003, -0.0, 0.001004, 0.999999, -0.0, 0.0, 0.0, 0.0, 1.0],
                [1.0, 0.0, 0.0, 0.0, -0.0, 0.999999, -0.001004, 0.300003, -0.0, 0.001004, 0.999999, -0.0, 0.0, 0.0, 0.0, 1.0],
                [1.0, 0.0, 0.0, -0.0, -0.0, 1.0, -0.001005, 0.300003, 0.0, 0.001005, 0.999999, -0.0, 0.0, 0.0, 0.0, 1.0],
                [1.0, 0.0, 0.0, 0.0, -0.0, 1.0, -0.001005, 0.300003, -0.0, 0.001005, 0.999999, 0.0, 0.0, 0.0, 0.0, 1.0],
                [1.0, 0.0, 0.0, -0.0, -0.0, 0.999999, -0.001005, 0.300003, 0.0, 0.001005, 0.999999, 0.0, 0.0, 0.0, 0.0, 1.0],
                [1.0, -0.0, 0.0, -0.0, -0.0, 1.0, -0.001004, 0.300003, -0.0, 0.001004, 0.999999, 0.0, 0.0, 0.0, 0.0, 1.0],
                [1.0, 0.0, -0.0, 0.0, -0.0, 1.0, -0.001004, 0.300003, 0.0, 0.001004, 0.999999, 0.0, 0.0, 0.0, 0.0, 1.0],
                [1.0, -0.0, 0.0, 0.0, 0.0, 1.0, -0.001004, 0.300003, -0.0, 0.001004, 0.999999, -0.0, 0.0, 0.0, 0.0, 1.0],
                [1.0, 0.0, 0.0, 0.0, 0.0, 1.0, -0.001004, 0.300003, -0.0, 0.001003, 0.999999, 0.0, 0.0, 0.0, 0.0, 1.0],
                [1.0, 0.0, 0.0, 0.0, 0.0, 1.0, -0.001003, 0.300003, -0.0, 0.001003, 0.999999, -0.0, 0.0, 0.0, 0.0, 1.0],
                [1.0, 0.0, 0.0, 0.0, -0.0, 0.999999, -0.001003, 0.300003, -0.0, 0.001002, 0.999999, 0.0, 0.0, 0.0, 0.0, 1.0],
                [1.0, 0.0, -0.0, 0.0, -0.0, 1.0, -0.001003, 0.300003, -0.0, 0.001003, 0.999999, 0.0, 0.0, 0.0, 0.0, 1.0]
            ]
        },
        {
            "name": "Tool_L",
            "time": [0.0, 1.35],
            "transform": [
                [1.0, -0.0, 0.0, -0.0, -0.0, -0.999559, -0.029689, 0.271711, 0.0, 0.029689, -0.99956, -0.028915, 0.0, 0.0, 0.0, 1.0],
                [1.0, -0.0, 0.0, 0.0, -0.0, -0.999559, -0.029689, 0.271711, 0.0, 0.029689, -0.99956, -0.028915, 0.0, 0.0, 0.0, 1.0]
            ]
        },
        {
            "name": "Elbow_L",
            "time": [0.0, 1.35],
            "transform": [
                [-1.0, 0.0, -0.0, -0.0, 0.0, 0.003946, -0.999992, 0.302241, -0.0, -0.999993, -0.003946, -0.001243, 0.0, 0.0, 0.0, 1.0],
                [-1.0, 0.0, -0.0, 0.0, 0.0, 0.003946, -0.999992, 0.300007, -0.0, -0.999993, -0.003946, -0.001252, 0.0, 0.0, 0.0, 1.0]
            ]
        }
    ]
}