{
    "animation": [
        {
            "name": "Coord",
            "time": [0.0, 0.3167, 0.45],
            "transform": [
                [1.0, 0.0, 0.0, -5e-06, 0.0, 0.0, -1.0, 2e-06, 0.0, 1.0, 0.0, -0.000216, 0.0, 0.0, 0.0, 1.0],
                [1.0, 0.0, 0.0, -5e-06, 0.0, 0.0, -1.0, 0.602217, 0.0, 1.0, 0.0, -0.000216, 0.0, 0.0, 0.0, 1.0],
                [1.0, 0.0, 0.0, -5e-06, 0.0, 0.0, -1.0, 0.609459, 0.0, 1.0, 0.0, -0.000216, 0.0, 0.0, 0.0, 1.0]
            ]
        },
        {
            "name": "Root",
            "time": [0.0, 0.0667, 0.1333, 0.25, 0.3167, 0.45],
            "transform": [
                [1.0, 0.0, 0.0, 0.0, 0.0, 1.0, 0.0, 0.860865, 0.0, 0.0, 1.0, -0.000944, 0.0, 0.0, 0.0, 1.0],
                [0.91738, 0.0295, 0.396918, 0.075806, -0.04334, 0.998723, 0.025943, 0.816283, -0.395646, -0.041002, 0.917488, 0.000289, 0.0, 0.0, 0.0, 1.0],
                [0.645551, 0.040153, 0.762661, 0.151613, -0.09953, 0.994524, 0.031886, 0.843406, -0.757204, -0.096492, 0.646012, 0.001522, 0.0, 0.0, 0.0, 1.0],
                [0.3062, -0.104947, 0.946165, 0.196933, 0.085902, 0.992896, 0.08233, 1.021182, -0.948084, 0.056068, 0.31304, -0.025066, 0.0, 0.0, 0.0, 1.0],
                [0.249476, -0.062213, 0.966381, 0.145888, 0.084987, 0.99549, 0.042147, 0.990791, -0.964645, 0.071615, 0.253638, 0.002861, 0.0, 0.0, 0.0, 1.0],
                [0.202769, 0.007963, 0.979194, 4.6e-05, 0.048166, 0.998675, -0.018095, 0.903959, -0.978041, 0.050833, 0.202117, -0.002971, 0.0, 0.0, 0.0, 1.0]
            ]
        },
        {
            "name": "Thigh_R",
            "time": [0.0, 0.1333, 0.25, 0.3167, 0.45],
            "transform": [
                [0.999727, 0.019055, 0.013488, 0.124994, 0.018249, -0.998174, 0.057552, -0.002831, 0.01456, -0.05729, -0.998252, -1.2e-05, 0.0, 0.0, 0.0, 1.0],
                [0.619203, 0.569736, 0.540358, 0.121931, 0.468035, -0.820338, 0.328613, -0.026957, 0.6305, 0.049428, -0.774614, 0.013197, 0.0, 0.0, 0.0, 1.0],
                [0.559812, 0.47016, 0.682319, 0.124994, 0.337442, -0.88142, 0.330499, -0.002831, 0.756797, 0.045226, -0.652083, -1.2e-05, 0.0, 0.0, 0.0, 1.0],
                [0.567055, 0.809191, 0.153805, 0.124741, 0.331268, -0.395008, 0.856872, 0.004755, 0.754128, -0.434942, -0.492051, -0.002423, 0.0, 0.0, 0.0, 1.0],
                [0.533726, 0.843633, 0.058453, 0.124994, 0.175248, -0.177962, 0.968307, -0.002831, 0.827299, -0.506566, -0.242829, -1.2e-05, 0.0, 0.0, 0.0, 1.0]
            ]
        },
        {
            "name": "Leg_R",
            "time": [0.0, 0.45, 0.1333, 0.25, 0.3167],
            "transform": [
                [1.0, -0.0, 1e-06, -0.0, -0.0, 0.989772, 0.142662, 0.374726, -1e-06, -0.142663, 0.989771, 0.0, 0.0, 0.0, 0.0, 1.0],
                [1.0, -0.0, 1e-06, -0.0, -0.0, 0.929676, 0.36838, 0.374726, -1e-06, -0.36838, 0.929675, -0.0, 0.0, 0.0, 0.0, 1.0],
                [1.0, -1e-06, 1e-06, -0.0, -0.0, 0.640489, 0.767967, 0.374726, -1e-06, -0.767968, 0.640488, -0.0, 0.0, 0.0, 0.0, 1.0],
                [1.0, -1e-06, 1e-06, -0.0, -0.0, 0.314609, 0.949221, 0.374726, -1e-06, -0.949222, 0.314609, -0.0, 0.0, 0.0, 0.0, 1.0],
                [1.0, -1e-06, 0.0, -0.0, -0.0, 0.070388, 0.997519, 0.374726, -1e-06, -0.99752, 0.070388, -0.0, 0.0, 0.0, 0.0, 1.0]
            ]
        },
        {
            "name": "Knee_R",
            "time": [0.0, 0.45],
            "transform": [
                [1.0, 0.0, -0.0, -0.0, -0.0, 0.00567, -0.999984, 0.374726, -0.0, 0.999984, 0.00567, 0.0, 0.0, 0.0, 0.0, 1.0],
                [1.0, 0.0, -0.0, 0.0, -0.0, 0.00567, -0.999984, 0.476134, -0.0, 0.999984, 0.00567, -0.000575, 0.0, 0.0, 0.0, 1.0]
            ]
        },
        {
            "name": "Thigh_L",
            "time": [0.0, 0.1333, 0.25, 0.3167, 0.45],
            "transform": [
                [0.999676, -0.012828, -0.021977, -0.125006, -0.011701, -0.998647, 0.050656, -0.002831, -0.022597, -0.050383, -0.998474, -1.2e-05, 0.0, 0.0, 0.0, 1.0],
                [0.825911, 0.498219, 0.26391, -0.124008, 0.447617, -0.864045, 0.230355, 0.00859, 0.342797, -0.072122, -0.936636, -0.010873, 0.0, 0.0, 0.0, 1.0],
                [0.647489, 0.639157, 0.415012, -0.124286, 0.448558, -0.759895, 0.470483, -0.000914, 0.616079, -0.118476, -0.778723, -0.004237, 0.0, 0.0, 0.0, 1.0],
                [0.598972, 0.730957, 0.327005, -0.124751, 0.313615, -0.589874, 0.744106, -0.010417, 0.736802, -0.343145, -0.582558, 0.0024, 0.0, 0.0, 0.0, 1.0],
                [0.698972, 0.690515, 0.186082, -0.125006, 0.076879, -0.331244, 0.940408, -0.002831, 0.711004, -0.643013, -0.284617, -1.2e-05, 0.0, 0.0, 0.0, 1.0]
            ]
        },
        {
            "name": "Leg_L",
            "time": [0.0, 0.45, 0.1333, 0.25, 0.3167],
            "transform": [
                [1.0, -0.0, 1e-06, -0.0, -0.0, 0.993612, 0.112847, 0.374726, -1e-06, -0.112847, 0.993613, 0.0, 0.0, 0.0, 0.0, 1.0],
                [1.0, -0.0, 1e-06, 0.0, 0.0, 0.947575, 0.319533, 0.374726, -1e-06, -0.319533, 0.947575, -0.0, 0.0, 0.0, 0.0, 1.0],
                [1.0, -1e-06, 1e-06, 0.0, -0.0, 0.565829, 0.824523, 0.374726, -1e-06, -0.824522, 0.565829, -0.0, 0.0, 0.0, 0.0, 1.0],
                [1.0, -1e-06, 1e-06, -0.0, -0.0, 0.564023, 0.825759, 0.374726, -1e-06, -0.825758, 0.564024, 0.0, 0.0, 0.0, 0.0, 1.0],
                [1.0, -1e-06, 1e-06, 0.0, -0.0, 0.384154, 0.923269, 0.374726, -1e-06, -0.923269, 0.384154, 0.0, 0.0, 0.0, 0.0, 1.0]
            ]
        },
        {
            "name": "Knee_L",
            "time": [0.0, 0.45],
            "transform": [
                [1.0, 0.0, -0.0, 0.0, -0.0, 0.00567, -0.999984, 0.374726, -0.0, 0.999984, 0.00567, -0.0, 0.0, 0.0, 0.0, 1.0],
                [1.0, 0.0, -0.0, 0.0, -0.0, 0.00567, -0.999984, 0.442117, -0.0, 0.999984, 0.00567, -0.000382, 0.0, 0.0, 0.0, 1.0]
            ]
        },
        {
            "name": "Torso",
            "time": [0.0, 0.45, 0.1333, 0.25, 0.3167],
            "transform": [
                [1.0, 0.0, 0.0, 0.0, 0.0, 1.0, 0.0, 0.05, 0.0, 0.0, 1.0, 0.0, 0.0, 0.0, 0.0, 1.0],
                [1.0, 0.0, -0.0, -0.0, -0.0, 1.0, -0.0, 0.05, -0.0, 0.0, 1.0, 0.0, 0.0, 0.0, 0.0, 1.0],
                [1.0, 0.0, 0.0, -0.0, -0.0, 1.0, -0.0, 0.05, 0.0, 0.0, 1.0, 0.0, 0.0, 0.0, 0.0, 1.0],
                [1.0, 0.0, -0.0, 0.0, -0.0, 1.0, -0.0, 0.05, 0.0, 0.0, 1.0, 0.0, 0.0, 0.0, 0.0, 1.0],
                [1.0, -0.0, -0.0, -0.0, 0.0, 1.0, -0.0, 0.05, 0.0, 0.0, 1.0, -0.0, 0.0, 0.0, 0.0, 1.0]
            ]
        },
        {
            "name": "Chest",
            "time": [0.0, 0.45, 0.1333, 0.25, 0.3167],
            "transform": [
                [1.0, 0.0, 0.0, 0.0, 0.0, 0.998338, -0.057631, 0.3, 0.0, 0.057631, 0.998338, 0.0, 0.0, 0.0, 0.0, 1.0],
                [1.0, 0.0, 0.0, -0.0, -0.0, 1.0, -0.0, 0.3, 0.0, 0.0, 1.0, 0.0, 0.0, 0.0, 0.0, 1.0],
                [1.0, 0.0, 0.0, -0.0, -0.0, 1.0, -0.0, 0.3, 0.0, 0.0, 1.0, 0.0, 0.0, 0.0, 0.0, 1.0],
                [1.0, 0.0, -0.0, -0.0, -0.0, 1.0, -0.0, 0.3, -0.0, 0.0, 1.0, -0.0, 0.0, 0.0, 0.0, 1.0],
                [1.0, 0.0, -0.0, -0.0, -0.0, 1.0, -0.0, 0.3, 0.0, 0.0, 1.0, -0.0, 0.0, 0.0, 0.0, 1.0]
            ]
        },
        {
            "name": "Head",
            "time": [0.0, 0.45, 0.1333, 0.25, 0.3167],
            "transform": [
                [1.0, 0.0, 0.0, 0.0, 0.0, 0.999604, -0.028128, 0.4, 0.0, 0.028128, 0.999604, 0.0, 0.0, 0.0, 0.0, 1.0],
                [0.730289, -0.16444, -0.663052, -0.0, 0.085564, 0.984971, -0.150037, 0.4, 0.677759, 0.052837, 0.733383, 0.0, 0.0, 0.0, 0.0, 1.0],
                [0.380594, -0.004414, -0.924732, -0.0, -0.039676, 0.99899, -0.021098, 0.4, 0.923891, 0.044719, 0.380035, -0.0, 0.0, 0.0, 0.0, 1.0],
                [0.281549, 0.015051, -0.959429, 0.0, -0.067263, 0.997727, -0.004087, 0.4, 0.957187, 0.065684, 0.281921, -0.0, 0.0, 0.0, 0.0, 1.0],
                [0.320464, 0.037439, -0.946521, -0.0, -0.006041, 0.999279, 0.03748, 0.4, 0.947242, -0.006293, 0.320459, 0.0, 0.0, 0.0, 0.0, 1.0]
            ]
        },
        {
            "name": "Shoulder_R",
            "time": [0.0, 0.1333, 0.25, 0.3167, 0.45],
            "transform": [
                [0.0, 0.952114, 0.305743, -0.065047, 0.0, -0.305743, 0.952114, 0.604223, 1.0, -0.0, -0.0, 0.045624, 0.0, 0.0, 0.0, 1.0],
                [0.059222, 0.950443, 0.305207, 0.029671, 0.0, -0.305743, 0.952114, 0.406876, 0.998245, -0.056386, -0.018107, 0.036673, 0.0, 0.0, 0.0, 1.0],
                [0.162852, 0.939403, 0.301662, 0.048556, 0.0, -0.305743, 0.952114, 0.445947, 0.98665, -0.155054, -0.049791, 0.052576, 0.0, 0.0, 0.0, 1.0],
                [0.277428, 0.91474, 0.293742, 0.066277, 0.0, -0.305743, 0.952114, 0.490996, 0.960746, -0.264143, -0.084822, 0.070453, 0.0, 0.0, 0.0, 1.0],
                [0.404109, 0.870909, 0.279667, 0.084554, -0.0, -0.305743, 0.952114, 0.543648, 0.914711, -0.384758, -0.123554, 0.091072, 0.0, 0.0, 0.0, 1.0]
            ]
        },
        {
            "name": "Arm_R",
            "time": [0.0, 0.45, 0.1333, 0.25, 0.3167],
            "transform": [
                [0.988815, -0.149147, -0.000562, 0.0, -0.109193, -0.721352, -0.683907, 0.39386, 0.101598, 0.676319, -0.729569, -0.0, 0.0, 0.0, 0.0, 1.0],
                [0.697619, 0.056745, -0.714219, 0.0, -0.351195, 0.89597, -0.271848, 0.39386, 0.624492, 0.440476, 0.644974, -0.0, 0.0, 0.0, 0.0, 1.0],
                [0.881871, -0.084729, -0.463816, 0.0, -0.345388, 0.553548, -0.757821, 0.39386, 0.320954, 0.828496, 0.458893, -0.0, 0.0, 0.0, 0.0, 1.0],
                [0.986334, -0.139573, -0.08756, -0.0, -0.018695, 0.43319, -0.901109, 0.393861, 0.1637, 0.890431, 0.424661, -0.0, 0.0, 0.0, 0.0, 1.0],
                [0.99791, 0.038765, -0.051714, 0.0, -0.056407, 0.131817, -0.989668, 0.39386, -0.031548, 0.990516, 0.133729, 0.0, 0.0, 0.0, 0.0, 1.0]
            ]
        },
        {
            "name": "Hand_R",
            "time": [0.0, 0.45, 0.1333, 0.25, 0.3167],
            "transform": [
                [1.0, -0.0, 0.0, 0.0, 0.0, 1.0, -0.001002, 0.300003, -0.0, 0.001002, 1.0, 0.0, 0.0, 0.0, 0.0, 1.0],
                [1.0, 0.0, -0.0, -0.0, -0.0, 0.791004, -0.611811, 0.300003, -0.0, 0.611811, 0.791004, 0.0, 0.0, 0.0, 0.0, 1.0],
                [1.0, -0.0, -0.0, 0.0, 0.0, 0.761514, -0.648149, 0.300003, 0.0, 0.648149, 0.761514, 0.0, 0.0, 0.0, 0.0, 1.0],
                [1.0, -0.0, -0.0, -0.0, 0.0, 0.850117, -0.526594, 0.300003, 0.0, 0.526594, 0.850117, 0.0, 0.0, 0.0, 0.0, 1.0],
                [1.0, 0.0, 0.0, 0.0, -0.0, 0.992635, -0.121142, 0.300003, -0.0, 0.121142, 0.992635, 0.0, 0.0, 0.0, 0.0, 1.0]
            ]
        },
        {
            "name": "Tool_R",
            "time": [0.0, 0.45],
            "transform": [
                [1.0, -0.0, 0.0, -0.0, -0.0, -0.999559, -0.029689, 0.271711, 0.0, 0.029689, -0.99956, -0.028915, 0.0, 0.0, 0.0, 1.0],
                [1.0, -0.0, 0.0, 0.0, 0.0, -0.999559, -0.029689, 0.271711, 0.0, 0.029689, -0.99956, -0.028915, 0.0, 0.0, 0.0, 1.0]
            ]
        },
        {
            "name": "Elbow_R",
            "time": [0.0, 0.45],
            "transform": [
                [-1.0, 0.0, -0.0, 0.0, 0.0, 0.003946, -0.999992, 0.300007, -0.0, -0.999992, -0.003946, -0.001252, 0.0, 0.0, 0.0, 1.0],
                [-1.0, 0.0, -0.0, 0.0, 0.0, 0.003946, -0.999992, 0.310579, -0.0, -0.999992, -0.003946, -0.001211, 0.0, 0.0, 0.0, 1.0]
            ]
        },
        {
            "name": "Shoulder_L",
            "time": [0.0, 0.1333, 0.25, 0.3167, 0.45],
            "transform": [
                [-0.0, -0.952114, -0.305743, 0.074089, 0.0, -0.305743, 0.952114, 0.632142, -1.0, 0.0, 0.0, 0.12451, 0.0, 0.0, 0.0, 1.0],
                [0.220823, -0.946843, -0.233934, 0.022122, -0.05549, -0.251664, 0.966223, 0.498448, -0.973734, -0.200383, -0.108114, 0.096359, 0.0, 0.0, 0.0, 1.0],
                [0.137709, -0.954561, -0.26429, 0.007829, -0.032866, -0.271089, 0.961993, 0.548367, -0.989927, -0.123789, -0.068704, 0.102145, 0.0, 0.0, 0.0, 1.0],
                [0.066991, -0.95561, -0.286916, 0.00868, -0.015289, -0.288511, 0.957354, 0.542078, -0.997636, -0.059748, -0.033938, 0.112653, 0.0, 0.0, 0.0, 1.0],
                [0.0, -0.952114, -0.305743, 0.000234, 0.0, -0.305743, 0.952114, 0.568633, -1.0, -0.0, 0.0, 0.122078, 0.0, 0.0, 0.0, 1.0]
            ]
        },
        {
            "name": "Arm_L",
            "time": [0.0, 0.0667, 0.1333, 0.25, 0.3167, 0.45],
            "transform": [
                [0.906254, 0.422227, 0.020718, -0.0, 0.32399, -0.66225, -0.675615, 0.39386, -0.271542, 0.618991, -0.736963, -0.0, 0.0, 0.0, 0.0, 1.0],
                [0.972702, -0.049893, -0.226631, -0.0, -0.221782, -0.487279, -0.844613, 0.39386, -0.068292, 0.871819, -0.485042, -0.0, 0.0, 0.0, 0.0, 1.0],
                [0.848196, -0.045126, -0.527756, -0.0, -0.529413, -0.104011, -0.841964, 0.39386, -0.016898, 0.993552, -0.112112, -0.0, 0.0, 0.0, 0.0, 1.0],
                [0.874775, 0.267459, -0.404022, -0.0, -0.478794, 0.349251, -0.805468, 0.39386, -0.074324, 0.898048, 0.433574, -0.0, 0.0, 0.0, 0.0, 1.0],
                [0.94474, 0.200712, -0.259192, 0.0, -0.323747, 0.446998, -0.833895, 0.39386, -0.051514, 0.871727, 0.487277, 0.0, 0.0, 0.0, 0.0, 1.0],
                [0.999395, 0.017287, -0.030175, 0.0, -0.027429, -0.141533, -0.989554, 0.39386, -0.021377, 0.989782, -0.140973, 0.0, 0.0, 0.0, 0.0, 1.0]
            ]
        },
        {
            "name": "Hand_L",
            "time": [0.0, 0.1333, 0.25, 0.3167, 0.45],
            "transform": [
                [1.0, 0.0, -0.0, 0.0, -0.0, 1.0, -0.001003, 0.300003, -0.0, 0.001003, 0.999999, -0.0, 0.0, 0.0, 0.0, 1.0],
                [1.0, 1e-06, -0.0, 0.0, -1e-06, 0.923255, -0.384187, 0.300002, -0.0, 0.384187, 0.923255, 0.0, 0.0, 0.0, 0.0, 1.0],
                [1.0, -1e-06, 1e-06, -0.0, 1e-06, 0.00542, -0.999985, 0.300003, 1e-06, 0.999985, 0.00542, 0.0, 0.0, 0.0, 0.0, 1.0],
                [1.0, 3e-06, -2e-06, 0.0, -3e-06, 0.272039, -0.962286, 0.300002, -3e-06, 0.962286, 0.272039, -0.0, 0.0, 0.0, 0.0, 1.0],
                [1.0, 0.0, 0.0, -0.0, -0.0, 0.999999, -0.000993, 0.300002, -0.0, 0.000993, 0.999999, 0.0, 0.0, 0.0, 0.0, 1.0]
            ]
        },
        {
            "name": "Tool_L",
            "time": [0.0, 0.45],
            "transform": [
                [1.0, -0.0, 0.0, -0.0, -0.0, -0.999559, -0.029689, 0.271711, 0.0, 0.029689, -0.99956, -0.028915, 0.0, 0.0, 0.0, 1.0],
                [1.0, -0.0, 0.0, 0.0, 0.0, -0.999559, -0.029689, 0.271711, 0.0, 0.029689, -0.99956, -0.028915, 0.0, 0.0, 0.0, 1.0]
            ]
        },
        {
            "name": "Elbow_L",
            "time": [0.0, 0.45],
            "transform": [
                [-1.0, 0.0, -0.0, 0.0, 0.0, 0.003946, -0.999992, 0.300007, -0.0, -0.999993, -0.003946, -0.001252, 0.0, 0.0, 0.0, 1.0],
                [-1.0, 0.0, -0.0, -0.0, 0.0, 0.003946, -0.999992, 0.300007, -0.0, -0.999992, -0.003946, -0.001252, 0.0, 0.0, 0.0, 1.0]
            ]
        }
    ]
}