{
    "animation": [
        {
            "name": "Root",
            "time": [0.0, 1.55, 2.6667],
            "transform": [
                [1.0, 0.0, 0.0, -5e-06, 0.0, 0.0, -1.0, 0.000946, 0.0, 1.0, 0.0, 0.760649, 0.0, 0.0, 0.0, 1.0],
                [1.0, 0.0, 0.0, -5e-06, 0.0, 0.0, -1.0, 0.026398, 0.0, 1.0, 0.0, 0.760649, 0.0, 0.0, 0.0, 1.0],
                [1.0, 0.0, 0.0, -5e-06, 0.0, 0.0, -1.0, 0.000946, 0.0, 1.0, 0.0, 0.760649, 0.0, 0.0, 0.0, 1.0]
            ]
        },
        {
            "name": "Thigh_R",
            "time": [0.0, 1.55, 2.6667],
            "transform": [
                [0.999727, 0.019419, 0.012963, 0.124994, 0.018256, -0.996255, 0.084499, -0.002831, 0.014556, -0.084239, -0.99634, -1.2e-05, 0.0, 0.0, 0.0, 1.0],
                [0.999721, 0.019463, 0.013377, 0.124994, 0.017914, -0.994045, 0.107467, -0.002831, 0.015389, -0.107197, -0.994119, -1.2e-05, 0.0, 0.0, 0.0, 1.0],
                [0.999727, 0.019419, 0.012963, 0.124994, 0.018256, -0.996255, 0.0845, -0.002831, 0.014556, -0.08424, -0.99634, -1.2e-05, 0.0, 0.0, 0.0, 1.0]
            ]
        },
        {
            "name": "Leg_R",
            "time": [0.0, 1.55, 2.6667],
            "transform": [
                [1.0, -0.0, 1e-06, 0.0, -0.0, 0.98142, 0.191883, 0.374726, -1e-06, -0.191883, 0.981414, 0.0, 0.0, 0.0, 0.0, 1.0],
                [1.0, -0.0, 1e-06, 0.0, -0.0, 0.981349, 0.192249, 0.374726, -1e-06, -0.192249, 0.981343, 0.0, 0.0, 0.0, 0.0, 1.0],
                [1.0, -0.0, 1e-06, -0.0, -0.0, 0.98142, 0.191884, 0.374726, -1e-06, -0.191885, 0.981414, 0.0, 0.0, 0.0, 0.0, 1.0]
            ]
        },
        {
            "name": "Knee_R",
            "time": [0.0, 2.6667],
            "transform": [
                [1.0, 0.0, -0.0, -0.0, -0.0, 0.00567, -0.999984, 0.374726, -0.0, 0.999984, 0.00567, -0.0, 0.0, 0.0, 0.0, 1.0],
                [1.0, 0.0, -0.0, 0.0, -0.0, 0.00567, -0.999984, 0.374726, -0.0, 0.999984, 0.00567, -0.0, 0.0, 0.0, 0.0, 1.0]
            ]
        },
        {
            "name": "Thigh_L",
            "time": [0.0, 1.55, 2.6667],
            "transform": [
                [0.999673, -0.013284, -0.021822, -0.125006, -0.010671, -0.993217, 0.115784, -0.002831, -0.023212, -0.115513, -0.993034, -1.2e-05, 0.0, 0.0, 0.0, 1.0],
                [0.999655, -0.014624, -0.021814, -0.125006, -0.012137, -0.993847, 0.11009, -0.002831, -0.023289, -0.109787, -0.993682, -1.2e-05, 0.0, 0.0, 0.0, 1.0],
                [0.999673, -0.013284, -0.021822, -0.125006, -0.010671, -0.993216, 0.115785, -0.002831, -0.023212, -0.115514, -0.993034, -1.2e-05, 0.0, 0.0, 0.0, 1.0]
            ]
        },
        {
            "name": "Leg_L",
            "time": [0.0, 1.55, 2.6667],
            "transform": [
                [1.0, -0.0, 1e-06, 0.0, -0.0, 0.98837, 0.152067, 0.374726, -1e-06, -0.152067, 0.98837, -0.0, 0.0, 0.0, 0.0, 1.0],
                [1.0, -0.0, 1e-06, 0.0, -0.0, 0.965845, 0.259122, 0.374726, -1e-06, -0.259122, 0.965845, 0.0, 0.0, 0.0, 0.0, 1.0],
                [1.0, -0.0, 1e-06, -0.0, -0.0, 0.98837, 0.152068, 0.374726, -1e-06, -0.152068, 0.98837, -0.0, 0.0, 0.0, 0.0, 1.0]
            ]
        },
        {
            "name": "Knee_L",
            "time": [0.0, 2.6667],
            "transform": [
                [1.0, 0.0, -0.0, 0.0, -0.0, 0.00567, -0.999984, 0.374726, -0.0, 0.999984, 0.00567, -0.0, 0.0, 0.0, 0.0, 1.0],
                [1.0, 0.0, -0.0, -0.0, -0.0, 0.00567, -0.999984, 0.374726, -0.0, 0.999984, 0.00567, -0.0, 0.0, 0.0, 0.0, 1.0]
            ]
        },
        {
            "name": "Torso",
            "time": [0.0, 2.6667],
            "transform": [
                [1.0, 0.0, 0.0, 0.0, 0.0, 1.0, 0.0, 0.05, 0.0, 0.0, 1.0, 0.0, 0.0, 0.0, 0.0, 1.0],
                [1.0, 0.0, 0.0, 0.0, 0.0, 1.0, 0.0, 0.05, 0.0, 0.0, 1.0, 0.0, 0.0, 0.0, 0.0, 1.0]
            ]
        },
        {
            "name": "Chest",
            "time": [0.0, 1.55, 2.6667],
            "transform": [
                [1.0, 0.0, 0.0, 0.0, 0.0, 0.982013, 0.188813, 0.3, 0.0, -0.188813, 0.982013, 0.0, 0.0, 0.0, 0.0, 1.0],
                [1.0, 0.0, 0.0, 0.0, 0.0, 0.98945, 0.144878, 0.3, 0.0, -0.144878, 0.98945, 0.0, 0.0, 0.0, 0.0, 1.0],
                [1.0, 0.0, 0.0, 0.0, 0.0, 0.982013, 0.188813, 0.3, 0.0, -0.188813, 0.982013, 0.0, 0.0, 0.0, 0.0, 1.0]
            ]
        },
        {
            "name": "Head",
            "time": [0.0, 2.6667],
            "transform": [
                [1.0, 0.0, 0.0, 0.0, 0.0, 0.954481, 0.29827, 0.384034, 0.0, -0.29827, 0.954482, 0.0, 0.0, 0.0, 0.0, 1.0],
                [1.0, 0.0, 0.0, 0.0, 0.0, 0.954481, 0.29827, 0.384034, 0.0, -0.29827, 0.954482, 0.0, 0.0, 0.0, 0.0, 1.0]
            ]
        },
        {
            "name": "Shoulder_R",
            "time": [0.0, 2.6667],
            "transform": [
                [0.0, 0.952114, 0.305743, -0.069304, 0.0, -0.305743, 0.952114, 0.55817, 1.0, 0.0, -0.0, -0.0461, 0.0, 0.0, 0.0, 1.0],
                [0.0, 0.952114, 0.305743, -0.069304, 0.0, -0.305743, 0.952114, 0.55817, 1.0, 0.0, -0.0, -0.0461, 0.0, 0.0, 0.0, 1.0]
            ]
        },
        {
            "name": "Arm_R",
            "time": [0.0, 2.6667],
            "transform": [
                [0.996918, 0.073831, 0.02652, -0.0, 0.065593, -0.599026, -0.798038, 0.39386, -0.043033, 0.797319, -0.602023, -0.0, 0.0, 0.0, 0.0, 1.0],
                [0.996918, 0.073831, 0.02652, -0.0, 0.065593, -0.599026, -0.798039, 0.39386, -0.043033, 0.797319, -0.602023, -0.0, 0.0, 0.0, 0.0, 1.0]
            ]
        },
        {
            "name": "Hand_R",
            "time": [0.0, 2.6667],
            "transform": [
                [1.0, -0.0, 0.0, -0.0, -0.0, 1.0, -0.000994, 0.300003, -0.0, 0.000994, 1.0, 0.0, 0.0, 0.0, 0.0, 1.0],
                [1.0, -0.0, 0.0, 0.0, -0.0, 1.0, -0.000994, 0.300003, -0.0, 0.000994, 1.0, 0.0, 0.0, 0.0, 0.0, 1.0]
            ]
        },
        {
            "name": "Tool_R",
            "time": [0.0, 2.6667],
            "transform": [
                [1.0, -0.0, 0.0, -0.0, -0.0, -0.999559, -0.029689, 0.271711, 0.0, 0.029689, -0.99956, -0.028915, 0.0, 0.0, 0.0, 1.0],
                [1.0, -0.0, 0.0, 0.0, -0.0, -0.999559, -0.029689, 0.271711, 0.0, 0.029689, -0.99956, -0.028915, 0.0, 0.0, 0.0, 1.0]
            ]
        },
        {
            "name": "Elbow_R",
            "time": [0.0, 2.6667],
            "transform": [
                [-1.0, 0.0, -0.0, 0.0, 0.0, 0.003946, -0.999992, 0.300008, -0.0, -0.999992, -0.003946, -0.001252, 0.0, 0.0, 0.0, 1.0],
                [-1.0, 0.0, -0.0, 0.0, 0.0, 0.003946, -0.999992, 0.300008, -0.0, -0.999992, -0.003946, -0.001252, 0.0, 0.0, 0.0, 1.0]
            ]
        },
        {
            "name": "Shoulder_L",
            "time": [0.0, 2.6667],
            "transform": [
                [-0.0, -0.952114, -0.305743, 0.055504, 0.0, -0.305743, 0.952114, 0.616754, -1.0, 0.0, 0.0, 0.125399, 0.0, 0.0, 0.0, 1.0],
                [-0.0, -0.952114, -0.305743, 0.055504, 0.0, -0.305743, 0.952114, 0.616754, -1.0, 0.0, 0.0, 0.125399, 0.0, 0.0, 0.0, 1.0]
            ]
        },
        {
            "name": "Arm_L",
            "time": [0.0, 2.6667],
            "transform": [
                [0.62283, -0.067977, -0.779399, -0.0, -0.518147, -0.782255, -0.345833, 0.39386, -0.58618, 0.619237, -0.522434, 0.0, 0.0, 0.0, 0.0, 1.0],
                [0.62283, -0.067975, -0.779399, -0.0, -0.518147, -0.782255, -0.345834, 0.39386, -0.58618, 0.619238, -0.522433, 0.0, 0.0, 0.0, 0.0, 1.0]
            ]
        },
        {
            "name": "Hand_L",
            "time": [0.0, 2.6667],
            "transform": [
                [1.0, 0.0, 0.0, 0.0, 0.0, 0.996432, -0.084401, 0.300002, 0.0, 0.084401, 0.996432, -0.0, 0.0, 0.0, 0.0, 1.0],
                [1.0, 0.0, 0.0, 0.0, -0.0, 0.996431, -0.084406, 0.300003, 0.0, 0.084406, 0.996431, 0.0, 0.0, 0.0, 0.0, 1.0]
            ]
        },
        {
            "name": "Tool_L",
            "time": [0.0, 2.6667],
            "transform": [
                [1.0, -0.0, 0.0, -0.0, -0.0, -0.999559, -0.029689, 0.271711, 0.0, 0.029689, -0.99956, -0.028915, 0.0, 0.0, 0.0, 1.0],
                [1.0, -0.0, 0.0, 0.0, -0.0, -0.999559, -0.029689, 0.271711, 0.0, 0.029689, -0.99956, -0.028915, 0.0, 0.0, 0.0, 1.0]
            ]
        },
        {
            "name": "Elbow_L",
            "time": [0.0, 2.6667],
            "transform": [
                [-1.0, 0.0, -0.0, -0.0, -0.0, 0.003946, -0.999992, 0.307117, -0.0, -0.999992, -0.003946, -0.001224, 0.0, 0.0, 0.0, 1.0],
                [-1.0, 0.0, -0.0, 0.0, 0.0, 0.003946, -0.999992, 0.307118, -0.0, -0.999993, -0.003946, -0.001224, 0.0, 0.0, 0.0, 1.0]
            ]
        }
    ]
}