{
    "animation": [
        {
            "name": "Coord",
            "time": [0.0, 0.1833, 0.65],
            "transform": [
                [1.0, 0.0, 0.0, -0.138447, 0.0, 0.0, -1.0, 2e-06, 0.0, 1.0, 0.0, -0.000216, 0.0, 0.0, 0.0, 1.0],
                [1.0, 0.0, 0.0, -0.44302, 0.0, 0.0, -1.0, 2e-06, 0.0, 1.0, 0.0, -0.000216, 0.0, 0.0, 0.0, 1.0],
                [1.0, 0.0, 0.0, -0.44302, 0.0, 0.0, -1.0, 2e-06, 0.0, 1.0, 0.0, -0.000216, 0.0, 0.0, 0.0, 1.0]
            ]
        },
        {
            "name": "Root",
            "time": [0.0, 0.05, 0.1833, 0.3167, 0.4833, 0.65],
            "transform": [
                [0.987317, 0.072789, -0.141089, -0.076248, -0.087074, 0.991383, -0.097868, 0.919511, 0.13275, 0.108912, 0.985147, -0.031703, 0.0, 0.0, 0.0, 1.0],
                [0.977324, 0.162592, -0.13565, -0.171558, -0.189835, 0.956587, -0.221141, 0.975765, 0.093805, 0.241878, 0.965762, -0.070152, 0.0, 0.0, 0.0, 1.0],
                [0.987384, 0.142139, -0.069776, -0.056023, -0.149276, 0.982568, -0.110799, 0.879943, 0.052811, 0.119817, 0.99139, -0.035548, 0.0, 0.0, 0.0, 1.0],
                [1.0, 0.000346, 0.0, 0.059512, -0.000346, 1.0, 0.0, 0.784121, 0.0, 0.0, 1.0, -0.000944, 0.0, 0.0, 0.0, 1.0],
                [1.0, 0.0, 0.0, -0.048474, 0.0, 1.0, 0.0, 0.764187, 0.0, 0.0, 1.0, -0.000944, 0.0, 0.0, 0.0, 1.0],
                [1.0, 0.0, 0.0, 0.0, 0.0, 1.0, 0.0, 0.764187, 0.0, 0.0, 1.0, -0.000944, 0.0, 0.0, 0.0, 1.0]
            ]
        },
        {
            "name": "Thigh_R",
            "time": [0.0, 0.05, 0.1167, 0.1833, 0.3167, 0.35, 0.5167, 0.65],
            "transform": [
                [0.962574, 0.212216, -0.168566, 0.124994, 0.222413, -0.973963, 0.043887, -0.002831, -0.154864, -0.079736, -0.984713, -1.2e-05, 0.0, 0.0, 0.0, 1.0],
                [0.870876, 0.272989, -0.408719, 0.123756, 0.318281, -0.946892, 0.045733, -0.00586, -0.374528, -0.169915, -0.911514, -0.0173, 0.0, 0.0, 0.0, 1.0],
                [0.993969, -0.054217, -0.095319, 0.112185, -0.033043, -0.976906, 0.211094, -0.043674, -0.104562, -0.206671, -0.972808, 0.010447, 0.0, 0.0, 0.0, 1.0],
                [0.965176, -0.18307, 0.186867, 0.10585, -0.226928, -0.941297, 0.249925, -0.058657, 0.130143, -0.283627, -0.950063, 0.035348, 0.0, 0.0, 0.0, 1.0],
                [0.995311, 0.094806, 0.019148, 0.121624, 0.089433, -0.977492, 0.191075, -0.005576, 0.036832, -0.188466, -0.981389, 0.006981, 0.0, 0.0, 0.0, 1.0],
                [0.995014, 0.099711, 0.001714, 0.124988, 0.09855, -0.985773, 0.136152, -0.002076, 0.015266, -0.135304, -0.990687, -0.000785, 0.0, 0.0, 0.0, 1.0],
                [0.995561, -0.0937, 0.008808, 0.124994, -0.093241, -0.994718, -0.042897, -0.002831, 0.012781, 0.041886, -0.999041, -1.2e-05, 0.0, 0.0, 0.0, 1.0],
                [0.999779, 0.018011, 0.010754, 0.124994, 0.018191, -0.999691, -0.016888, -0.002831, 0.010447, 0.01708, -0.9998, -1.2e-05, 0.0, 0.0, 0.0, 1.0]
            ]
        },
        {
            "name": "Leg_R",
            "time": [0.0, 0.05, 0.2333, 0.3167, 0.35, 0.5167, 0.65],
            "transform": [
                [1.000001, -0.0, 1e-06, 0.0, -0.0, 0.969284, 0.245969, 0.374726, -1e-06, -0.245972, 0.969271, 0.0, 0.0, 0.0, 0.0, 1.0],
                [1.000001, -0.0, 1e-06, -0.0, -0.0, 0.926951, 0.375195, 0.374726, -1e-06, -0.3752, 0.926939, -0.0, 0.0, 0.0, 0.0, 1.0],
                [1.000001, -1e-06, 1e-06, 0.0, -0.0, 0.813181, 0.582014, 0.374726, -1e-06, -0.582022, 0.813171, 0.0, 0.0, 0.0, 0.0, 1.0],
                [1.000001, -0.0, 1e-06, 0.0, -0.0, 0.962172, 0.272463, 0.374726, -1e-06, -0.272466, 0.96216, 0.0, 0.0, 0.0, 0.0, 1.0],
                [1.000001, -0.0, 1e-06, 0.0, -0.0, 0.951115, 0.308852, 0.374726, -1e-06, -0.308856, 0.951103, 0.0, 0.0, 0.0, 0.0, 1.0],
                [1.000001, -0.0, 1e-06, 0.0, -0.0, 0.997565, 0.069837, 0.374726, -1e-06, -0.069838, 0.997552, 0.0, 0.0, 0.0, 0.0, 1.0],
                [1.000001, -0.0, 1e-06, -0.0, -0.0, 0.999995, 0.00468, 0.374726, -1e-06, -0.00468, 0.999983, 0.0, 0.0, 0.0, 0.0, 1.0]
            ]
        },
        {
            "name": "Knee_R",
            "time": [0.0, 0.65],
            "transform": [
                [1.0, 0.0, -0.0, 0.0, -0.0, 0.00567, -0.999984, 0.374726, -0.0, 0.999984, 0.00567, 0.0, 0.0, 0.0, 0.0, 1.0],
                [1.0, 0.0, -0.0, 0.0, -0.0, 0.00567, -0.999984, 0.374726, -0.0, 0.999984, 0.00567, 0.0, 0.0, 0.0, 0.0, 1.0]
            ]
        },
        {
            "name": "Thigh_L",
            "time": [0.0, 0.05, 0.1167, 0.1833, 0.3167, 0.35, 0.5167, 0.65],
            "transform": [
                [0.973301, 0.157291, -0.167167, -0.125006, 0.164716, -0.98584, 0.031431, -0.002831, -0.159855, -0.058127, -0.985428, -1.2e-05, 0.0, 0.0, 0.0, 1.0],
                [0.896754, 0.214689, -0.386965, -0.123768, 0.242973, -0.969709, 0.02507, 0.000199, -0.369861, -0.116503, -0.921754, 0.017276, 0.0, 0.0, 0.0, 1.0],
                [0.989768, -0.11583, -0.083322, -0.112234, -0.108408, -0.990142, 0.088692, 0.039092, -0.092773, -0.078751, -0.992569, -0.006148, 0.0, 0.0, 0.0, 1.0],
                [0.947515, -0.261106, 0.184495, -0.105936, -0.272266, -0.961489, 0.037541, 0.055154, 0.167588, -0.085803, -0.982117, -0.026727, 0.0, 0.0, 0.0, 1.0],
                [0.999713, 0.020266, 0.01272, -0.121649, 0.018026, -0.987499, 0.15659, 0.002072, 0.015735, -0.156316, -0.987582, -0.006274, 0.0, 0.0, 0.0, 1.0],
                [0.999687, 0.020738, -0.014007, -0.124998, 0.022559, -0.98908, 0.145641, -0.001429, -0.010834, -0.145912, -0.989239, -0.000487, 0.0, 0.0, 0.0, 1.0],
                [0.991103, -0.130779, -0.024724, -0.125006, -0.131829, -0.990152, -0.047119, -0.002831, -0.018318, 0.049959, -0.998584, -1.2e-05, 0.0, 0.0, 0.0, 1.0],
                [0.999702, -0.011581, -0.021468, -0.125006, -0.011742, -0.999904, -0.007385, -0.002831, -0.02138, 0.007635, -0.999743, -1.2e-05, 0.0, 0.0, 0.0, 1.0]
            ]
        },
        {
            "name": "Leg_L",
            "time": [0.0, 0.05, 0.2333, 0.3167, 0.35, 0.5167, 0.65],
            "transform": [
                [1.0, -0.0, 1e-06, 0.0, -0.0, 0.98767, 0.156559, 0.374726, -1e-06, -0.15656, 0.987663, -0.0, 0.0, 0.0, 0.0, 1.0],
                [1.0, -0.0, 1e-06, -0.0, -0.0, 0.971956, 0.235169, 0.374726, -1e-06, -0.235171, 0.971948, 0.0, 0.0, 0.0, 0.0, 1.0],
                [1.0, -0.0, 1e-06, 0.0, -0.0, 0.964619, 0.263654, 0.374726, -1e-06, -0.263656, 0.964611, 0.0, 0.0, 0.0, 0.0, 1.0],
                [1.0, -0.0, 1e-06, 0.0, -0.0, 0.976362, 0.216148, 0.374726, -1e-06, -0.216149, 0.976355, 0.0, 0.0, 0.0, 0.0, 1.0],
                [1.0, -0.0, 1e-06, -0.0, -0.0, 0.951111, 0.308854, 0.374726, -1e-06, -0.308856, 0.951103, -0.0, 0.0, 0.0, 0.0, 1.0],
                [1.0, -0.0, 1e-06, 0.0, -0.0, 0.993749, 0.111649, 0.374726, -1e-06, -0.111649, 0.993742, -0.0, 0.0, 0.0, 0.0, 1.0],
                [1.0, -0.0, 1e-06, -0.0, -0.0, 0.999991, 0.004681, 0.374726, -1e-06, -0.004681, 0.999983, -0.0, 0.0, 0.0, 0.0, 1.0]
            ]
        },
        {
            "name": "Knee_L",
            "time": [0.0, 0.65],
            "transform": [
                [1.0, 0.0, -0.0, 0.0, -0.0, 0.00567, -0.999984, 0.374726, -0.0, 0.999984, 0.00567, -0.0, 0.0, 0.0, 0.0, 1.0],
                [1.0, 0.0, -0.0, -0.0, -0.0, 0.00567, -0.999984, 0.374726, -0.0, 0.999984, 0.00567, -0.0, 0.0, 0.0, 0.0, 1.0]
            ]
        },
        {
            "name": "Torso",
            "time": [0.0, 0.1833, 0.3167, 0.4833, 0.65],
            "transform": [
                [0.988489, -0.151292, -0.0, -0.0, 0.151292, 0.988489, 0.0, 0.05, -0.0, 0.0, 1.0, 0.0, 0.0, 0.0, 0.0, 1.0],
                [0.995203, 0.097157, -0.011487, -0.0, -0.097096, 0.995259, 0.005745, 0.05, 0.01199, -0.004602, 0.999918, 0.0, 0.0, 0.0, 0.0, 1.0],
                [1.0, 0.0, 0.0, 0.0, 0.0, 1.0, 0.0, 0.05, 0.0, 0.0, 1.0, 0.0, 0.0, 0.0, 0.0, 1.0],
                [1.0, 0.0, 0.0, 0.0, 0.0, 1.0, 0.0, 0.05, 0.0, 0.0, 1.0, 0.0, 0.0, 0.0, 0.0, 1.0],
                [1.0, 0.0, 0.0, 0.0, 0.0, 1.0, 0.0, 0.05, 0.0, 0.0, 1.0, 0.0, 0.0, 0.0, 0.0, 1.0]
            ]
        },
        {
            "name": "Chest",
            "time": [0.0, 0.05, 0.1833, 0.3167, 0.4833, 0.65],
            "transform": [
                [0.988858, 0.14881, -0.003974, 0.0, -0.148321, 0.987185, 0.058877, 0.3, 0.012685, -0.057631, 0.998257, 0.0, 0.0, 0.0, 0.0, 1.0],
                [0.998887, 0.046846, -0.00553, 0.0, -0.046118, 0.994487, 0.094173, 0.3, 0.009911, -0.093813, 0.99554, 0.0, 0.0, 0.0, 0.0, 1.0],
                [0.978958, -0.165638, -0.119186, 0.0, 0.165296, 0.986161, -0.012824, 0.3, 0.11966, -0.007146, 0.992789, 0.0, 0.0, 0.0, 0.0, 1.0],
                [0.999246, -0.038823, 0.0, 0.0, 0.038823, 0.999246, 0.0, 0.3, 0.0, 0.0, 1.0, -0.0, 0.0, 0.0, 0.0, 1.0],
                [0.998508, 0.054602, 0.0, 0.0, -0.054602, 0.998508, 0.0, 0.3, 0.0, 0.0, 1.0, 0.0, 0.0, 0.0, 0.0, 1.0],
                [1.0, 0.0, 0.0, 0.0, 0.0, 1.0, 0.0, 0.3, 0.0, 0.0, 1.0, 0.0, 0.0, 0.0, 0.0, 1.0]
            ]
        },
        {
            "name": "Head",
            "time": [0.0, 0.0833, 0.1833, 0.3167, 0.4167, 0.65],
            "transform": [
                [0.999779, -0.020346, 0.005364, 0.0, 0.020726, 0.996231, -0.084222, 0.4, -0.00363, 0.084314, 0.996433, -0.0, 0.0, 0.0, 0.0, 1.0],
                [0.998104, -0.016699, 0.059247, -0.0, 0.008016, 0.989563, 0.14388, 0.4, -0.061031, -0.143132, 0.98782, 0.0, 0.0, 0.0, 0.0, 1.0],
                [0.988463, 0.000924, 0.151459, -0.0, -0.035821, 0.973039, 0.22784, 0.4, -0.147165, -0.230637, 0.961847, -0.0, 0.0, 0.0, 0.0, 1.0],
                [0.997719, -0.016197, 0.065541, -0.0, 0.007476, 0.991331, 0.131178, 0.4, -0.067097, -0.130389, 0.98919, 0.0, 0.0, 0.0, 0.0, 1.0],
                [0.998864, -0.047548, -0.003045, -0.0, 0.047561, 0.991275, 0.12293, 0.4, -0.002827, -0.122935, 0.992411, 0.0, 0.0, 0.0, 0.0, 1.0],
                [1.0, 0.0, 0.0, 0.0, 0.0, 0.993052, 0.117676, 0.4, 0.0, -0.117676, 0.993052, 0.0, 0.0, 0.0, 0.0, 1.0]
            ]
        },
        {
            "name": "Shoulder_R",
            "time": [0.0, 0.1833, 0.3167, 0.4833, 0.65],
            "transform": [
                [0.0, 0.982373, -0.186931, 0.0, 0.0, 0.186931, 0.982373, 0.4, 1.0, 0.0, -0.0, -0.0, 0.0, 0.0, 0.0, 1.0],
                [0.0, 0.982373, -0.186931, -0.0, 0.0, 0.186931, 0.982373, 0.4, 1.0, -0.0, -0.0, -0.0, 0.0, 0.0, 0.0, 1.0],
                [0.0, 0.982373, -0.186931, -0.0, 0.0, 0.186931, 0.982373, 0.4, 1.0, -0.0, -0.0, 0.0, 0.0, 0.0, 0.0, 1.0],
                [0.0, 0.982373, -0.186931, -0.0, 0.0, 0.186931, 0.982373, 0.4, 1.0, -0.0, -0.0, 0.0, 0.0, 0.0, 0.0, 1.0],
                [0.0, 0.982373, -0.186931, 0.0, 0.0, 0.186931, 0.982373, 0.4, 1.0, -0.0, -0.0, 0.0, 0.0, 0.0, 0.0, 1.0]
            ]
        },
        {
            "name": "Arm_R",
            "time": [0.0, 0.05, 0.1167, 0.1833, 0.25, 0.3167, 0.4833, 0.65],
            "transform": [
                [0.370576, -0.392979, 0.841574, 0.0, 0.876557, 0.447578, -0.176982, 0.393861, -0.307119, 0.803272, 0.510331, 0.0, 0.0, 0.0, 0.0, 1.0],
                [0.756221, -0.446084, 0.478689, 0.0, 0.653796, 0.544333, -0.525599, 0.39386, -0.026105, 0.710433, 0.703285, -0.0, 0.0, 0.0, 0.0, 1.0],
                [0.677891, -0.397313, 0.618554, 0.0, 0.716993, 0.543214, -0.436855, 0.393861, -0.162438, 0.739638, 0.653112, -0.0, 0.0, 0.0, 0.0, 1.0],
                [0.474015, -0.631432, 0.613684, 0.0, 0.869866, 0.443891, -0.215166, 0.393861, -0.136546, 0.635814, 0.759673, 0.0, 0.0, 0.0, 0.0, 1.0],
                [0.482777, -0.469019, 0.739562, -0.0, 0.864291, 0.39131, -0.316038, 0.393861, -0.141169, 0.791771, 0.594285, 0.0, 0.0, 0.0, 0.0, 1.0],
                [0.46142, -2.5e-05, 0.887185, 0.0, 0.876117, 0.157459, -0.455661, 0.39386, -0.139683, 0.987528, 0.072677, -0.0, 0.0, 0.0, 0.0, 1.0],
                [0.452345, -7e-05, 0.891846, 0.0, 0.879268, 0.167374, -0.445955, 0.39386, -0.14924, 0.985896, 0.075773, -0.0, 0.0, 0.0, 0.0, 1.0],
                [0.498557, -4.2e-05, 0.86686, 0.0, 0.851639, 0.186581, -0.489796, 0.393861, -0.161719, 0.982442, 0.093057, -0.0, 0.0, 0.0, 0.0, 1.0]
            ]
        },
        {
            "name": "Hand_R",
            "time": [0.0, 0.05, 0.1167, 0.1833, 0.25, 0.3167, 0.4833, 0.65],
            "transform": [
                [1.0, -2e-06, 0.0, -0.0, 2e-06, 0.924692, -0.380715, 0.300003, 0.0, 0.380713, 0.924694, 0.0, 0.0, 0.0, 0.0, 1.0],
                [1.0, -0.0, 0.0, -0.0, 0.0, 0.973507, -0.228656, 0.300002, -0.0, 0.228654, 0.973509, -0.0, 0.0, 0.0, 0.0, 1.0],
                [1.0, 0.0, 0.0, -0.0, -0.0, 0.999999, -0.000992, 0.300003, -0.0, 0.000992, 1.000001, -0.0, 0.0, 0.0, 0.0, 1.0],
                [1.0, -5e-06, 2e-06, -0.0, 5e-06, 0.730632, -0.682772, 0.300002, 2e-06, 0.682769, 0.730635, -0.0, 0.0, 0.0, 0.0, 1.0],
                [1.0, -3e-06, 1e-06, -0.0, 3e-06, 0.73224, -0.681047, 0.300003, 1e-06, 0.681044, 0.732242, -0.0, 0.0, 0.0, 0.0, 1.0],
                [1.0, -0.0, 0.0, 0.0, -0.0, 0.999999, -0.000995, 0.300002, -0.0, 0.000995, 1.0, -0.0, 0.0, 0.0, 0.0, 1.0],
                [1.0, -0.0, -0.0, 0.0, 0.0, 0.999999, -0.000999, 0.300002, -0.0, 0.000999, 1.000001, 0.0, 0.0, 0.0, 0.0, 1.0],
                [1.0, -0.0, 0.0, -0.0, 0.0, 0.999999, -0.000997, 0.300002, -0.0, 0.000997, 1.000001, -0.0, 0.0, 0.0, 0.0, 1.0]
            ]
        },
        {
            "name": "Tool_R",
            "time": [0.0, 0.65],
            "transform": [
                [1.0, 0.0, 0.0, -0.0, 0.0, -0.999559, -0.029689, 0.271711, 0.0, 0.029689, -0.99956, -0.028915, 0.0, 0.0, 0.0, 1.0],
                [1.0, -0.0, 0.0, 0.0, -0.0, -0.999559, -0.029689, 0.271711, 0.0, 0.029689, -0.99956, -0.028915, 0.0, 0.0, 0.0, 1.0]
            ]
        },
        {
            "name": "Elbow_R",
            "time": [0.0, 0.65],
            "transform": [
                [-1.0, 0.0, -0.0, 0.0, 0.0, 0.003946, -0.999992, 0.335799, -0.0, -0.999992, -0.003946, -0.001111, 0.0, 0.0, 0.0, 1.0],
                [-1.0, 0.0, -0.0, -0.0, 0.0, 0.003946, -0.999992, 0.300007, -0.0, -0.999992, -0.003946, -0.001252, 0.0, 0.0, 0.0, 1.0]
            ]
        },
        {
            "name": "Shoulder_L",
            "time": [0.0, 0.1833, 0.3167, 0.4833, 0.65],
            "transform": [
                [-0.0, -0.98561, 0.169033, 0.0, 0.0, 0.169033, 0.98561, 0.4, -1.0, 0.0, 0.0, -0.0, 0.0, 0.0, 0.0, 1.0],
                [-0.0, -0.98561, 0.169033, -0.0, 0.0, 0.169033, 0.98561, 0.4, -1.0, 0.0, 0.0, -0.0, 0.0, 0.0, 0.0, 1.0],
                [-0.0, -0.98561, 0.169033, -0.0, 0.0, 0.169033, 0.98561, 0.4, -1.0, 0.0, 0.0, 0.0, 0.0, 0.0, 0.0, 1.0],
                [-0.0, -0.98561, 0.169033, -0.0, 0.0, 0.169033, 0.98561, 0.4, -1.0, 0.0, 0.0, 0.0, 0.0, 0.0, 0.0, 1.0],
                [-0.0, -0.98561, 0.169033, 0.0, 0.0, 0.169033, 0.98561, 0.4, -1.0, 0.0, 0.0, 0.0, 0.0, 0.0, 0.0, 1.0]
            ]
        },
        {
            "name": "Arm_L",
            "time": [0.0, 0.05, 0.1167, 0.1833, 0.25, 0.3167, 0.4833, 0.65],
            "transform": [
                [0.987415, -0.047826, -0.150735, -0.0, 0.01662, 0.979274, -0.201842, 0.39386, 0.157265, 0.196798, 0.967746, -0.0, 0.0, 0.0, 0.0, 1.0],
                [0.949169, 0.298556, -0.099692, 0.0, -0.293381, 0.953887, 0.063413, 0.393861, 0.114028, -0.030941, 0.992993, 0.0, 0.0, 0.0, 0.0, 1.0],
                [0.89723, 0.337649, -0.284551, 0.0, -0.399935, 0.894547, -0.199577, 0.393861, 0.187158, 0.292868, 0.937654, 0.0, 0.0, 0.0, 0.0, 1.0],
                [0.844993, 0.287534, -0.450898, 0.0, -0.495309, 0.738693, -0.45716, 0.39386, 0.201628, 0.609632, 0.766609, -0.0, 0.0, 0.0, 0.0, 1.0],
                [0.711569, 0.196754, -0.674503, -0.0, -0.676358, 0.451801, -0.581733, 0.39386, 0.190283, 0.870148, 0.454563, -0.0, 0.0, 0.0, 0.0, 1.0],
                [0.443281, 4.9e-05, -0.896381, 0.0, -0.878461, 0.198985, -0.434407, 0.39386, 0.178345, 0.979999, 0.088249, 0.0, 0.0, 0.0, 0.0, 1.0],
                [0.386565, 4.7e-05, -0.92226, -0.0, -0.905663, 0.18888, -0.379598, 0.39386, 0.174178, 0.981997, 0.073057, -0.0, 0.0, 0.0, 0.0, 1.0],
                [0.407607, 5.9e-05, -0.913156, 0.0, -0.899688, 0.17114, -0.401584, 0.39386, 0.156254, 0.985243, 0.069811, 0.0, 0.0, 0.0, 0.0, 1.0]
            ]
        },
        {
            "name": "Hand_L",
            "time": [0.0, 0.05, 0.1167, 0.1833, 0.25, 0.3167, 0.4833, 0.65],
            "transform": [
                [1.000001, 2e-06, -1e-06, -0.0, -1e-06, 0.418481, -0.908227, 0.300002, -1e-06, 0.908224, 0.418483, -0.0, 0.0, 0.0, 0.0, 1.0],
                [1.000001, -5e-06, 5e-06, 0.0, 5e-06, -0.118847, -0.992915, 0.300003, 5e-06, 0.99291, -0.118847, 0.0, 0.0, 0.0, 0.0, 1.0],
                [1.000001, -4e-06, 3e-06, 0.0, 3e-06, 0.089086, -0.996026, 0.300003, 3e-06, 0.996021, 0.089086, 0.0, 0.0, 0.0, 0.0, 1.0],
                [1.000001, -1e-06, 0.0, 0.0, 1e-06, 0.411607, -0.911363, 0.300002, 0.0, 0.911359, 0.411608, -0.0, 0.0, 0.0, 0.0, 1.0],
                [1.000001, 0.0, -0.0, 0.0, -0.0, 0.859836, -0.510571, 0.300002, -0.0, 0.510569, 0.859837, 0.0, 0.0, 0.0, 0.0, 1.0],
                [1.000001, 0.0, -0.0, -0.0, 0.0, 0.999999, -0.000997, 0.300003, -0.0, 0.000997, 1.000001, 0.0, 0.0, 0.0, 0.0, 1.0],
                [1.000001, 0.0, 0.0, 0.0, 0.0, 0.999998, -0.000995, 0.300002, -0.0, 0.000995, 1.000001, 0.0, 0.0, 0.0, 0.0, 1.0],
                [1.000001, -0.0, 0.0, 0.0, 0.0, 0.999999, -0.000997, 0.300002, -0.0, 0.000997, 1.000001, 0.0, 0.0, 0.0, 0.0, 1.0]
            ]
        },
        {
            "name": "Tool_L",
            "time": [0.0, 0.65],
            "transform": [
                [1.0, 0.0, 0.0, -0.0, 0.0, -0.999559, -0.029689, 0.271711, 0.0, 0.029689, -0.99956, -0.028915, 0.0, 0.0, 0.0, 1.0],
                [1.0, -0.0, 0.0, -0.0, 0.0, -0.999559, -0.029689, 0.271711, 0.0, 0.029689, -0.99956, -0.028915, 0.0, 0.0, 0.0, 1.0]
            ]
        },
        {
            "name": "Elbow_L",
            "time": [0.0, 0.65],
            "transform": [
                [-1.0, 0.0, -0.0, 0.0, 0.0, 0.003946, -0.999992, 0.405936, -0.0, -0.999993, -0.003946, -0.000834, 0.0, 0.0, 0.0, 1.0],
                [-1.0, 0.0, -0.0, 0.0, 0.0, 0.003946, -0.999992, 0.300008, -0.0, -0.999993, -0.003946, -0.001252, 0.0, 0.0, 0.0, 1.0]
            ]
        }
    ]
}