{
    "animation": [
        {
            "name": "Coord",
            "time": [0.0, 0.05, 0.2, 1.35],
            "transform": [
                [1.0, 0.0, 0.0, -5e-06, 0.0, 0.0, -1.0, -0.998936, 0.0, 1.0, 0.0, -1.545264, 0.0, 0.0, 0.0, 1.0],
                [1.0, 0.0, 0.0, -5e-06, 0.0, 0.0, -1.0, -0.156082, 0.0, 1.0, 0.0, -1.545264, 0.0, 0.0, 0.0, 1.0],
                [1.0, 0.0, 0.0, -5e-06, 0.0, 0.0, -1.0, 2e-06, 0.0, 1.0, 0.0, -1.545264, 0.0, 0.0, 0.0, 1.0],
                [1.0, 0.0, 0.0, -5e-06, 0.0, 0.0, -1.0, 2e-06, 0.0, 1.0, 0.0, -1.545264, 0.0, 0.0, 0.0, 1.0]
            ]
        },
        {
            "name": "Root",
            "time": [0.0, 0.05, 0.1167, 0.2, 0.3, 0.4167, 0.5, 0.55, 0.6833, 0.8167, 1.1333, 1.35],
            "transform": [
                [1.0, 0.0, 0.0, 0.0, 0.0, 0.945137, 0.326675, 0.737663, 0.0, -0.326675, 0.945137, -0.000944, 0.0, 0.0, 0.0, 1.0],
                [1.0, 0.0, 0.0, 0.0, 0.0, 0.982932, 0.183969, 0.831983, 0.0, -0.183969, 0.982932, 0.348478, 0.0, 0.0, 0.0, 1.0],
                [1.0, 0.0, 0.0, 0.0, 0.0, 0.980597, -0.196033, 0.833399, 0.0, 0.196033, 0.980597, 0.023416, 0.0, 0.0, 0.0, 1.0],
                [1.0, 0.0, 0.0, 0.0, 0.0, 0.735061, -0.678001, 0.833692, 0.0, 0.678001, 0.735061, -0.43103, 0.0, 0.0, 0.0, 1.0],
                [1.0, 0.0, 0.0, 0.0, 0.0, 0.781083, -0.624427, 0.853798, 0.0, 0.624427, 0.781083, -0.384259, 0.0, 0.0, 0.0, 1.0],
                [1.0, 0.0, 0.0, 0.0, 0.0, 0.995945, -0.089961, 0.77016, 0.0, 0.089961, 0.995945, -0.026297, 0.0, 0.0, 0.0, 1.0],
                [1.0, 0.0, 0.0, 0.0, 0.0, 0.947476, 0.319828, 0.776094, 0.0, -0.319828, 0.947476, 0.24397, 0.0, 0.0, 0.0, 1.0],
                [1.0, 0.0, 0.0, 0.0, 0.0, 0.933802, 0.357791, 0.772106, 0.0, -0.357791, 0.933802, 0.275783, 0.0, 0.0, 0.0, 1.0],
                [1.0, 0.0, 0.0, 0.0, 0.0, 0.97669, 0.214653, 0.754485, 0.0, -0.214653, 0.97669, 0.117977, 0.0, 0.0, 0.0, 1.0],
                [1.0, 0.0, 0.0, 0.0, 0.0, 0.998261, -0.058951, 0.732876, 0.0, 0.058951, 0.998261, -0.161906, 0.0, 0.0, 0.0, 1.0],
                [1.0, 0.0, 0.0, 0.0, 0.0, 0.999036, 0.043891, 0.758198, 0.0, -0.043891, 0.999036, 0.027144, 0.0, 0.0, 0.0, 1.0],
                [1.0, 0.0, 0.0, 0.0, 0.0, 1.0, 0.0, 0.764187, 0.0, 0.0, 1.0, -0.000944, 0.0, 0.0, 0.0, 1.0]
            ]
        },
        {
            "name": "Thigh_R",
            "time": [0.0, 0.05, 0.1167, 0.2, 0.2667, 0.45, 0.5667, 0.7, 0.9667, 1.1333, 1.1833, 1.35],
            "transform": [
                [0.99336, 0.076574, 0.085858, 0.124994, -0.070483, -0.184751, 0.980255, -0.002831, 0.090924, -0.979797, -0.178127, -1.2e-05, 0.0, 0.0, 0.0, 1.0],
                [0.999554, 0.028116, 0.01004, 0.124994, 0.004134, -0.463399, 0.886141, -0.002831, 0.029567, -0.885703, -0.463309, -1.2e-05, 0.0, 0.0, 0.0, 1.0],
                [0.999784, 0.01736, -0.011389, 0.124994, 0.020512, -0.740856, 0.67135, -0.002831, 0.003217, -0.671438, -0.741054, -1.2e-05, 0.0, 0.0, 0.0, 1.0],
                [0.998946, -0.003744, -0.045725, 0.124994, 0.026625, -0.764344, 0.644258, -0.002831, -0.037361, -0.644797, -0.763441, -1.2e-05, 0.0, 0.0, 0.0, 1.0],
                [0.999807, 0.019387, -0.002996, 0.124994, 0.016106, -0.724037, 0.689573, -0.00283, 0.0112, -0.689487, -0.724211, -1.2e-05, 0.0, 0.0, 0.0, 1.0],
                [0.999833, 0.018119, -0.002139, 0.124994, 0.007337, -0.291957, 0.956404, -0.002831, 0.016704, -0.956259, -0.292041, -1.2e-05, 0.0, 0.0, 0.0, 1.0],
                [0.999636, 0.021836, 0.015811, 0.124994, 0.014634, -0.932055, 0.36202, -0.002831, 0.022642, -0.361657, -0.932037, -1.2e-05, 0.0, 0.0, 0.0, 1.0],
                [0.999078, 0.017931, 0.038993, 0.124994, 0.033405, -0.8953, -0.444208, -0.00283, 0.026945, 0.4451, -0.895076, -1.2e-05, 0.0, 0.0, 0.0, 1.0],
                [0.99942, 0.02098, 0.026797, 0.124994, -0.000127, -0.785086, 0.619386, -0.00283, 0.034033, -0.61903, -0.78463, -1.2e-05, 0.0, 0.0, 0.0, 1.0],
                [0.999706, 0.018894, 0.015186, 0.124994, 0.01481, -0.972033, 0.234372, -0.002831, 0.019189, -0.234078, -0.972029, -1.2e-05, 0.0, 0.0, 0.0, 1.0],
                [0.999755, 0.019288, 0.010833, 0.124994, 0.018593, -0.997968, 0.060932, -0.002831, 0.011986, -0.060715, -0.998084, -1.2e-05, 0.0, 0.0, 0.0, 1.0],
                [0.999779, 0.018011, 0.010754, 0.124994, 0.018191, -0.999691, -0.016888, -0.002831, 0.010447, 0.01708, -0.9998, -1.2e-05, 0.0, 0.0, 0.0, 1.0]
            ]
        },
        {
            "name": "Leg_R",
            "time": [0.0, 0.05, 0.1167, 0.2, 0.2667, 0.45, 0.5667, 0.7, 0.9667, 1.1333, 1.1833, 1.35],
            "transform": [
                [1.000001, -0.0, 1e-06, -0.0, -0.0, 0.734105, 0.679037, 0.374726, -1e-06, -0.679046, 0.734096, -0.0, 0.0, 0.0, 0.0, 1.0],
                [1.000001, -1e-06, 1e-06, 0.0, -0.0, 0.735827, 0.677171, 0.374726, -1e-06, -0.67718, 0.735817, -0.0, 0.0, 0.0, 0.0, 1.0],
                [1.000001, -0.0, 1e-06, 0.0, -0.0, 0.947011, 0.321217, 0.374726, -1e-06, -0.321221, 0.946999, 0.0, 0.0, 0.0, 0.0, 1.0],
                [1.000001, -1e-06, 1e-06, -0.0, -0.0, 0.409163, 0.912456, 0.374726, -1e-06, -0.912468, 0.409158, -0.0, 0.0, 0.0, 0.0, 1.0],
                [1.000001, -0.0, 1e-06, -0.0, -0.0, 0.768976, 0.63928, 0.374726, -1e-06, -0.639288, 0.768966, -0.0, 0.0, 0.0, 0.0, 1.0],
                [1.000001, -0.0, 1e-06, 0.0, -0.0, 0.954699, 0.297591, 0.374726, -1e-06, -0.297595, 0.954687, -0.0, 0.0, 0.0, 0.0, 1.0],
                [1.000001, -0.0, 1e-06, 0.0, -0.0, 0.924781, 0.380513, 0.374726, -1e-06, -0.380518, 0.924769, -0.0, 0.0, 0.0, 0.0, 1.0],
                [1.000001, -0.0, 1e-06, 0.0, 0.0, 0.999996, 0.00469, 0.374726, -1e-06, -0.00469, 0.999983, -0.0, 0.0, 0.0, 0.0, 1.0],
                [1.000001, -0.0, 1e-06, 0.0, -0.0, 0.97861, 0.205755, 0.374726, -1e-06, -0.205758, 0.978597, 0.0, 0.0, 0.0, 0.0, 1.0],
                [1.000001, -0.0, 1e-06, -0.0, -0.0, 0.993866, 0.110645, 0.374726, -1e-06, -0.110646, 0.993854, 0.0, 0.0, 0.0, 0.0, 1.0],
                [1.000001, -0.0, 1e-06, -0.0, -0.0, 0.979395, 0.201985, 0.374726, -1e-06, -0.201988, 0.979382, -0.0, 0.0, 0.0, 0.0, 1.0],
                [1.000001, -0.0, 1e-06, 0.0, -0.0, 0.999995, 0.00468, 0.374726, -1e-06, -0.00468, 0.999983, 0.0, 0.0, 0.0, 0.0, 1.0]
            ]
        },
        {
            "name": "Knee_R",
            "time": [0.0, 1.35],
            "transform": [
                [1.0, 0.0, -0.0, 0.0, -0.0, 0.00567, -0.999984, 0.396945, -0.0, 0.999984, 0.00567, -0.000126, 0.0, 0.0, 0.0, 1.0],
                [1.0, 0.0, -0.0, 0.0, -0.0, 0.00567, -0.999984, 0.374726, -0.0, 0.999984, 0.00567, 0.0, 0.0, 0.0, 0.0, 1.0]
            ]
        },
        {
            "name": "Thigh_L",
            "time": [0.0, 0.05, 0.1667, 0.2, 0.2667, 0.45, 0.5667, 0.7, 0.9667, 1.1333, 1.1833, 1.35],
            "transform": [
                [0.998197, -0.052709, -0.028687, -0.125006, -0.055274, -0.993698, -0.097515, -0.002831, -0.023366, 0.098925, -0.994821, -1.2e-05, 0.0, 0.0, 0.0, 1.0],
                [0.999794, -0.020216, 0.001571, -0.125006, -0.019542, -0.939981, 0.340667, -0.002831, -0.00541, -0.340628, -0.940183, -1.2e-05, 0.0, 0.0, 0.0, 1.0],
                [0.999903, -0.013394, -0.00384, -0.125006, -0.012707, -0.989635, 0.143044, -0.002831, -0.005716, -0.142981, -0.98971, -1.2e-05, 0.0, 0.0, 0.0, 1.0],
                [0.999888, -0.01494, 7.7e-05, -0.125006, -0.012533, -0.83604, 0.548525, -0.002831, -0.008131, -0.548465, -0.836135, -1.2e-05, 0.0, 0.0, 0.0, 1.0],
                [0.999758, -0.019908, -0.009298, -0.125006, -0.002967, -0.541617, 0.840621, -0.002831, -0.021771, -0.84039, -0.541545, -1.2e-05, 0.0, 0.0, 0.0, 1.0],
                [0.999892, -0.013511, -0.005719, -0.125006, 0.005512, -0.015352, 0.999868, -0.002831, -0.013597, -0.999791, -0.015276, -1.2e-05, 0.0, 0.0, 0.0, 1.0],
                [0.999755, -0.015455, -0.015849, -0.125006, -0.006973, -0.899368, 0.437137, -0.002831, -0.02101, -0.436918, -0.899256, -1.2e-05, 0.0, 0.0, 0.0, 1.0],
                [0.99894, -0.011606, -0.04454, -0.125006, -0.034825, -0.823307, -0.566528, -0.002831, -0.030095, 0.567479, -0.822839, -1.2e-05, 0.0, 0.0, 0.0, 1.0],
                [0.998635, -0.011269, -0.051004, -0.125006, 0.019809, -0.821807, 0.569422, -0.002831, -0.048332, -0.569654, -0.820463, -1.2e-05, 0.0, 0.0, 0.0, 1.0],
                [0.999571, -0.014244, -0.025583, -0.125006, -0.005763, -0.952318, 0.305054, -0.002831, -0.028708, -0.304776, -0.951992, -1.2e-05, 0.0, 0.0, 0.0, 1.0],
                [0.999703, -0.01369, -0.020141, -0.125006, -0.012335, -0.997748, 0.065929, -0.002831, -0.020998, -0.065661, -0.997622, -1.2e-05, 0.0, 0.0, 0.0, 1.0],
                [0.999702, -0.011581, -0.021468, -0.125006, -0.011742, -0.999904, -0.007385, -0.002831, -0.02138, 0.007635, -0.999743, -1.2e-05, 0.0, 0.0, 0.0, 1.0]
            ]
        },
        {
            "name": "Leg_L",
            "time": [0.0, 0.05, 0.1667, 0.2, 0.2667, 0.45, 0.5667, 0.7, 0.9667, 1.1333, 1.1833, 1.35],
            "transform": [
                [1.0, -0.0, 1e-06, 0.0, -0.0, 0.91276, 0.408498, 0.374726, -1e-06, -0.408501, 0.912753, -0.0, 0.0, 0.0, 0.0, 1.0],
                [1.0, -1e-06, 1e-06, -0.0, -0.0, 0.589802, 0.807544, 0.374726, -1e-06, -0.80755, 0.589797, 0.0, 0.0, 0.0, 0.0, 1.0],
                [1.0, -0.0, 1e-06, 0.0, -0.0, 0.915673, 0.401926, 0.374726, -1e-06, -0.401929, 0.915666, -0.0, 0.0, 0.0, 0.0, 1.0],
                [1.0, -1e-06, 1e-06, 0.0, -0.0, 0.596151, 0.802868, 0.374726, -1e-06, -0.802875, 0.596146, 0.0, 0.0, 0.0, 0.0, 1.0],
                [1.0, -1e-06, 1e-06, 0.0, -0.0, 0.564716, 0.825281, 0.374726, -1e-06, -0.825287, 0.564712, 0.0, 0.0, 0.0, 0.0, 1.0],
                [1.0, -0.0, 1e-06, 0.0, -0.0, 0.900517, 0.434822, 0.374726, -1e-06, -0.434826, 0.90051, -0.0, 0.0, 0.0, 0.0, 1.0],
                [1.0, -0.0, 1e-06, -0.0, -0.0, 0.913685, 0.406426, 0.374726, -1e-06, -0.406429, 0.913678, -0.0, 0.0, 0.0, 0.0, 1.0],
                [1.0, -0.0, 1e-06, 0.0, -0.0, 0.999991, 0.004686, 0.374726, -1e-06, -0.004686, 0.999983, -0.0, 0.0, 0.0, 0.0, 1.0],
                [1.0, -0.0, 1e-06, -0.0, 0.0, 0.999991, 0.004719, 0.374726, -1e-06, -0.004719, 0.999983, 0.0, 0.0, 0.0, 0.0, 1.0],
                [1.0, -0.0, 1e-06, -0.0, -0.0, 0.979896, 0.199515, 0.374726, -1e-06, -0.199516, 0.979889, -0.0, 0.0, 0.0, 0.0, 1.0],
                [1.0, -0.0, 1e-06, 0.0, -0.0, 0.979974, 0.19913, 0.374726, -1e-06, -0.199132, 0.979967, -0.0, 0.0, 0.0, 0.0, 1.0],
                [1.0, -0.0, 1e-06, 0.0, -0.0, 0.999991, 0.004681, 0.374726, -1e-06, -0.004681, 0.999983, -0.0, 0.0, 0.0, 0.0, 1.0]
            ]
        },
        {
            "name": "Knee_L",
            "time": [0.0, 1.35],
            "transform": [
                [1.0, 0.0, -0.0, 0.0, -0.0, 0.00567, -0.999984, 0.374726, -0.0, 0.999984, 0.00567, -0.0, 0.0, 0.0, 0.0, 1.0],
                [1.0, 0.0, -0.0, 0.0, -0.0, 0.00567, -0.999984, 0.374726, -0.0, 0.999984, 0.00567, 0.0, 0.0, 0.0, 0.0, 1.0]
            ]
        },
        {
            "name": "Torso",
            "time": [0.0, 0.05, 0.2, 0.8667, 1.35],
            "transform": [
                [1.0, 0.0, 0.0, 0.0, 0.0, 1.0, 0.0, 0.05, 0.0, 0.0, 1.0, -0.0, 0.0, 0.0, 0.0, 1.0],
                [1.0, 0.0, 0.0, -0.0, 0.0, 0.947894, 0.318585, 0.05, 0.0, -0.318586, 0.947894, -0.0, 0.0, 0.0, 0.0, 1.0],
                [1.0, 0.0, 0.0, 0.0, 0.0, 0.991878, 0.127197, 0.05, 0.0, -0.127197, 0.991877, 0.0, 0.0, 0.0, 0.0, 1.0],
                [1.0, 0.0, 0.0, 0.0, 0.0, 0.99602, -0.089133, 0.05, 0.0, 0.089133, 0.99602, 0.0, 0.0, 0.0, 0.0, 1.0],
                [1.0, 0.0, 0.0, 0.0, 0.0, 1.0, 0.0, 0.05, 0.0, 0.0, 1.0, 0.0, 0.0, 0.0, 0.0, 1.0]
            ]
        },
        {
            "name": "Chest",
            "time": [0.0, 0.05, 0.1167, 0.2, 0.3, 0.5, 0.8667, 1.1333, 1.35],
            "transform": [
                [1.0, 0.0, 0.0, 0.0, 0.0, 0.985627, -0.168936, 0.3, 0.0, 0.168936, 0.985627, -0.0, 0.0, 0.0, 0.0, 1.0],
                [1.0, 0.0, 0.0, 0.0, 0.0, 0.988877, -0.148737, 0.3, 0.0, 0.148737, 0.988877, 0.0, 0.0, 0.0, 0.0, 1.0],
                [1.0, 0.0, 0.0, 0.0, 0.0, 0.99421, -0.107451, 0.3, 0.0, 0.107451, 0.99421, -0.0, 0.0, 0.0, 0.0, 1.0],
                [1.0, 0.0, 0.0, 0.0, 0.0, 0.953127, 0.30257, 0.3, 0.0, -0.30257, 0.953127, 0.0, 0.0, 0.0, 0.0, 1.0],
                [1.0, 0.0, 0.0, 0.0, 0.0, 0.918826, 0.394664, 0.3, 0.0, -0.394664, 0.918826, 0.0, 0.0, 0.0, 0.0, 1.0],
                [1.0, 0.0, 0.0, 0.0, 0.0, 0.9794, -0.201931, 0.3, 0.0, 0.201931, 0.9794, 0.0, 0.0, 0.0, 0.0, 1.0],
                [1.0, 0.0, 0.0, 0.0, 0.0, 0.999616, 0.027707, 0.3, 0.0, -0.027707, 0.999616, 0.0, 0.0, 0.0, 0.0, 1.0],
                [1.0, 0.0, 0.0, -0.0, 0.0, 0.999763, 0.021757, 0.3, 0.0, -0.021757, 0.999763, 0.0, 0.0, 0.0, 0.0, 1.0],
                [1.0, 0.0, 0.0, 0.0, 0.0, 1.0, 0.0, 0.3, 0.0, 0.0, 1.0, 0.0, 0.0, 0.0, 0.0, 1.0]
            ]
        },
        {
            "name": "Head",
            "time": [0.0, 0.05, 0.2, 0.2333, 0.4333, 0.4667, 0.6833, 1.35],
            "transform": [
                [1.0, 0.0, 0.0, 0.0, 0.0, 0.915731, -0.401791, 0.4, 0.0, 0.401791, 0.915731, -0.0, 0.0, 0.0, 0.0, 1.0],
                [1.0, 0.0, 0.0, -0.0, 0.0, 0.840949, -0.541115, 0.4, 0.0, 0.541115, 0.840949, -0.0, 0.0, 0.0, 0.0, 1.0],
                [1.0, 0.0, 0.0, 0.0, 0.0, 0.98261, -0.185683, 0.4, 0.0, 0.185683, 0.98261, 0.0, 0.0, 0.0, 0.0, 1.0],
                [1.0, 0.0, 0.0, 0.0, 0.0, 0.999912, -0.013257, 0.4, 0.0, 0.013257, 0.999912, 0.0, 0.0, 0.0, 0.0, 1.0],
                [1.0, 0.0, 0.0, -0.0, 0.0, 0.980177, 0.198124, 0.4, 0.0, -0.198124, 0.980177, -0.0, 0.0, 0.0, 0.0, 1.0],
                [1.0, 0.0, 0.0, 0.0, 0.0, 0.980177, 0.198124, 0.4, 0.0, -0.198124, 0.980177, 0.0, 0.0, 0.0, 0.0, 1.0],
                [1.0, 0.0, 0.0, 0.0, 0.0, 0.996354, 0.085319, 0.4, 0.0, -0.085319, 0.996354, 0.0, 0.0, 0.0, 0.0, 1.0],
                [1.0, 0.0, 0.0, 0.0, 0.0, 0.993052, 0.117676, 0.4, 0.0, -0.117676, 0.993052, 0.0, 0.0, 0.0, 0.0, 1.0]
            ]
        },
        {
            "name": "Shoulder_R",
            "time": [0.0, 0.05, 0.2, 1.35],
            "transform": [
                [0.104401, 0.965883, 0.237001, 0.0, 0.003651, -0.238673, 0.971093, 0.4, 0.994528, -0.100518, -0.028444, -0.0, 0.0, 0.0, 0.0, 1.0],
                [0.016016, 0.992509, -0.12112, -0.0, 0.003515, 0.121079, 0.992637, 0.4, 0.999865, -0.016324, -0.00155, -0.0, 0.0, 0.0, 0.0, 1.0],
                [0.001252, 0.983339, -0.181777, 0.0, 0.000315, 0.181777, 0.98334, 0.4, 0.999999, -0.001288, -8.3e-05, 0.0, 0.0, 0.0, 0.0, 1.0],
                [0.0, 0.982373, -0.186931, 0.0, 0.0, 0.186931, 0.982373, 0.4, 1.0, -0.0, -0.0, 0.0, 0.0, 0.0, 0.0, 1.0]
            ]
        },
        {
            "name": "Arm_R",
            "time": [0.0, 0.05, 0.0833, 0.1167, 0.1667, 0.2, 0.3167, 0.3833, 0.4333, 0.4667, 0.5, 0.55, 0.5833, 0.6833, 0.7167, 0.8667, 0.9667, 1.0833, 1.1667, 1.35],
            "transform": [
                [0.517275, -0.313664, 0.79627, -0.0, 0.811832, -0.114611, -0.572534, 0.393861, 0.270844, 0.942594, 0.195357, 0.0, 0.0, 0.0, 0.0, 1.0],
                [0.830847, 0.065921, 0.552584, 0.0, 0.546007, 0.095364, -0.832338, 0.393861, -0.107565, 0.993259, 0.043239, -0.0, 0.0, 0.0, 0.0, 1.0],
                [0.683751, -0.145282, 0.715109, 0.0, 0.727607, 0.210184, -0.653003, 0.39386, -0.055434, 0.966809, 0.249422, -0.0, 0.0, 0.0, 0.0, 1.0],
                [0.582666, -0.450221, 0.676613, 0.0, 0.812264, 0.350251, -0.466427, 0.39386, -0.026989, 0.821359, 0.569777, 0.0, 0.0, 0.0, 0.0, 1.0],
                [0.520439, -0.227515, 0.823034, -0.0, 0.853766, 0.155659, -0.496845, 0.39386, -0.015073, 0.961255, 0.275256, 0.0, 0.0, 0.0, 0.0, 1.0],
                [0.52034, -0.178671, 0.835061, 0.0, 0.85281, 0.159437, -0.497289, 0.393861, -0.044289, 0.970907, 0.235334, 0.0, 0.0, 0.0, 0.0, 1.0],
                [0.490189, -0.099977, 0.865866, -0.0, 0.865342, 0.1748, -0.469712, 0.39386, -0.104392, 0.979517, 0.172199, 0.0, 0.0, 0.0, 0.0, 1.0],
                [0.392195, -0.138998, 0.909322, -0.0, 0.91511, 0.159515, -0.37031, 0.39386, -0.093578, 0.977363, 0.189759, 0.0, 0.0, 0.0, 0.0, 1.0],
                [0.314784, -0.177461, 0.932429, 0.0, 0.944186, 0.159014, -0.288491, 0.39386, -0.097073, 0.971198, 0.217612, 0.0, 0.0, 0.0, 0.0, 1.0],
                [0.323015, -0.166808, 0.93158, -0.0, 0.941192, 0.159689, -0.297755, 0.39386, -0.099095, 0.972974, 0.20858, 0.0, 0.0, 0.0, 0.0, 1.0],
                [0.382075, -0.112927, 0.917208, -0.0, 0.917895, 0.161489, -0.362481, 0.393861, -0.107185, 0.980394, 0.165356, -0.0, 0.0, 0.0, 0.0, 1.0],
                [0.470485, -0.078203, 0.878939, -0.0, 0.875837, 0.162725, -0.454348, 0.39386, -0.107494, 0.983569, 0.145053, 0.0, 0.0, 0.0, 0.0, 1.0],
                [0.502655, -0.070924, 0.861575, 0.0, 0.857974, 0.163036, -0.487136, 0.39386, -0.105917, 0.98407, 0.142802, -0.0, 0.0, 0.0, 0.0, 1.0],
                [0.523806, -0.047783, 0.850499, -0.0, 0.844093, 0.163446, -0.51068, 0.39386, -0.114608, 0.985397, 0.125947, -0.0, 0.0, 0.0, 0.0, 1.0],
                [0.527418, -0.050132, 0.848128, -0.0, 0.842041, 0.163768, -0.513955, 0.393861, -0.11313, 0.985226, 0.128588, -0.0, 0.0, 0.0, 0.0, 1.0],
                [0.496412, -0.032652, 0.867475, 0.0, 0.858617, 0.165674, -0.485109, 0.393861, -0.127878, 0.985642, 0.110279, -0.0, 0.0, 0.0, 0.0, 1.0],
                [0.483599, -0.036814, 0.874518, 0.0, 0.865915, 0.165961, -0.471858, 0.393861, -0.127765, 0.985447, 0.112136, 0.0, 0.0, 0.0, 0.0, 1.0],
                [0.498971, -0.012151, 0.866536, -0.0, 0.855534, 0.166326, -0.490306, 0.393861, -0.138169, 0.985998, 0.093388, 0.0, 0.0, 0.0, 0.0, 1.0],
                [0.501673, 0.021192, 0.8648, -0.0, 0.851143, 0.166493, -0.497833, 0.39386, -0.154533, 0.985817, 0.065488, 0.0, 0.0, 0.0, 0.0, 1.0],
                [0.513669, 0.010225, 0.85793, -0.0, 0.8446, 0.169937, -0.507715, 0.393861, -0.150985, 0.985404, 0.078656, -0.0, 0.0, 0.0, 0.0, 1.0]
            ]
        },
        {
            "name": "Hand_R",
            "time": [0.0, 0.05, 0.0833, 0.1167, 0.1667, 0.2, 0.3833, 0.4333, 0.4667, 0.5, 0.55, 0.5833, 0.6833, 0.7167, 0.8667, 0.9667, 1.0833, 1.1667, 1.35],
            "transform": [
                [1.0, 0.0, -0.0, 0.0, 0.0, 0.99898, -0.045138, 0.300003, 0.0, 0.045138, 0.998982, -0.0, 0.0, 0.0, 0.0, 1.0],
                [1.0, -0.0, -0.0, 0.0, 0.0, 0.999999, -0.000997, 0.300003, -0.0, 0.000997, 1.000001, 0.0, 0.0, 0.0, 0.0, 1.0],
                [1.0, -3e-06, 1e-06, -0.0, 3e-06, 0.966799, -0.255536, 0.300003, 0.0, 0.255536, 0.966801, -0.0, 0.0, 0.0, 0.0, 1.0],
                [1.0, -1e-06, 1e-06, 0.0, 1e-06, 0.675472, -0.737386, 0.300003, 1e-06, 0.737385, 0.675473, 0.0, 0.0, 0.0, 0.0, 1.0],
                [1.0, -0.0, 0.0, -0.0, 0.0, 0.999999, -0.000992, 0.300003, 0.0, 0.000992, 1.000001, 0.0, 0.0, 0.0, 0.0, 1.0],
                [1.0, 0.0, 0.0, -0.0, -0.0, 0.999999, -0.000995, 0.300003, -0.0, 0.000995, 1.000001, 0.0, 0.0, 0.0, 0.0, 1.0],
                [1.0, 0.0, 0.0, 0.0, -0.0, 0.999999, -0.000992, 0.300003, -0.0, 0.000992, 1.000001, 0.0, 0.0, 0.0, 0.0, 1.0],
                [1.0, -0.0, 0.0, -0.0, 0.0, 0.999999, -0.000993, 0.300003, -0.0, 0.000993, 1.000001, 0.0, 0.0, 0.0, 0.0, 1.0],
                [1.0, 0.0, 0.0, -0.0, 0.0, 0.999999, -0.000993, 0.300003, -0.0, 0.000993, 1.000001, -0.0, 0.0, 0.0, 0.0, 1.0],
                [1.0, -0.0, 0.0, -0.0, 0.0, 0.999999, -0.000994, 0.300003, -0.0, 0.000994, 1.000001, 0.0, 0.0, 0.0, 0.0, 1.0],
                [1.0, 0.0, 0.0, 0.0, -0.0, 0.999999, -0.000995, 0.300003, -0.0, 0.000995, 1.000001, 0.0, 0.0, 0.0, 0.0, 1.0],
                [1.0, 0.0, -0.0, -0.0, 0.0, 0.999999, -0.000995, 0.300003, -0.0, 0.000995, 1.000001, -0.0, 0.0, 0.0, 0.0, 1.0],
                [1.0, -0.0, 0.0, -0.0, 0.0, 0.999999, -0.000994, 0.300003, -0.0, 0.000994, 1.000001, 0.0, 0.0, 0.0, 0.0, 1.0],
                [1.0, 0.0, 0.0, 0.0, 0.0, 0.999999, -0.000994, 0.300003, -0.0, 0.000994, 1.000001, -0.0, 0.0, 0.0, 0.0, 1.0],
                [1.0, 0.0, 0.0, 0.0, -0.0, 0.999999, -0.000996, 0.300003, -0.0, 0.000996, 1.000001, -0.0, 0.0, 0.0, 0.0, 1.0],
                [1.0, -0.0, 0.0, -0.0, 0.0, 0.999999, -0.000995, 0.300003, -0.0, 0.000995, 1.000001, -0.0, 0.0, 0.0, 0.0, 1.0],
                [1.0, -0.0, 0.0, -0.0, 0.0, 0.999999, -0.000994, 0.300003, -0.0, 0.000994, 1.000001, 0.0, 0.0, 0.0, 0.0, 1.0],
                [1.0, -0.0, 0.0, -0.0, 0.0, 0.999999, -0.000993, 0.300003, -0.0, 0.000993, 1.000001, 0.0, 0.0, 0.0, 0.0, 1.0],
                [1.0, -0.0, 0.0, -0.0, 0.0, 0.999998, -0.000993, 0.300003, -0.0, 0.000993, 1.000001, 0.0, 0.0, 0.0, 0.0, 1.0]
            ]
        },
        {
            "name": "Tool_R",
            "time": [0.0, 1.35],
            "transform": [
                [1.0, -0.0, 0.0, -0.0, -0.0, -0.999559, -0.029689, 0.271711, 0.0, 0.029689, -0.99956, -0.028915, 0.0, 0.0, 0.0, 1.0],
                [1.0, -0.0, 0.0, -0.0, -0.0, -0.999559, -0.029689, 0.271711, 0.0, 0.029689, -0.99956, -0.028915, 0.0, 0.0, 0.0, 1.0]
            ]
        },
        {
            "name": "Elbow_R",
            "time": [0.0, 1.35],
            "transform": [
                [-1.0, 0.0, -0.0, 0.0, 0.0, 0.003946, -0.999992, 0.30343, -0.0, -0.999993, -0.003946, -0.001239, 0.0, 0.0, 0.0, 1.0],
                [-1.0, 0.0, -0.0, -0.0, 0.0, 0.003946, -0.999992, 0.300007, -0.0, -0.999992, -0.003946, -0.001252, 0.0, 0.0, 0.0, 1.0]
            ]
        },
        {
            "name": "Shoulder_L",
            "time": [0.0, 0.05, 0.2, 1.35],
            "transform": [
                [0.104401, -0.965883, -0.237001, 0.0, -0.003651, -0.238674, 0.971093, 0.4, -0.994528, -0.100518, -0.028444, -0.0, 0.0, 0.0, 0.0, 1.0],
                [0.016038, -0.994254, 0.105834, -0.0, -0.003391, 0.105793, 0.994382, 0.4, -0.999866, -0.016307, -0.001675, -0.0, 0.0, 0.0, 0.0, 1.0],
                [0.001254, -0.986446, 0.16408, 0.0, -0.000304, 0.164079, 0.986447, 0.4, -0.999999, -0.001287, -9.4e-05, 0.0, 0.0, 0.0, 0.0, 1.0],
                [-0.0, -0.98561, 0.169033, 0.0, 0.0, 0.169033, 0.98561, 0.4, -1.0, 0.0, 0.0, 0.0, 0.0, 0.0, 0.0, 1.0]
            ]
        },
        {
            "name": "Arm_L",
            "time": [0.0, 0.05, 0.0833, 0.1167, 0.1667, 0.2, 0.3167, 0.3833, 0.4333, 0.4667, 0.5, 0.55, 0.5833, 0.6833, 0.7167, 0.8667, 0.9667, 1.0833, 1.1667, 1.35],
            "transform": [
                [0.374756, 0.330815, -0.866092, -0.0, -0.897968, -0.102907, -0.427855, 0.39386, -0.230669, 0.938065, 0.258497, 0.0, 0.0, 0.0, 0.0, 1.0],
                [0.808261, -0.058951, -0.585865, -0.0, -0.581281, 0.078857, -0.809871, 0.39386, 0.093943, 0.995139, 0.02947, -0.0, 0.0, 0.0, 0.0, 1.0],
                [0.649737, 0.202485, -0.732693, -0.0, -0.7589, 0.228205, -0.609909, 0.39386, 0.043707, 0.952322, 0.30194, -0.0, 0.0, 0.0, 0.0, 1.0],
                [0.545202, 0.478893, -0.68805, -0.0, -0.838078, 0.330418, -0.434104, 0.39386, 0.019454, 0.813314, 0.581495, -0.0, 0.0, 0.0, 0.0, 1.0],
                [0.482407, 0.329978, -0.811416, -0.0, -0.875864, 0.194347, -0.441688, 0.39386, 0.011949, 0.923764, 0.382771, -0.0, 0.0, 0.0, 0.0, 1.0],
                [0.481699, 0.173812, -0.858925, -0.0, -0.875435, 0.139863, -0.462655, 0.39386, 0.039717, 0.974793, 0.219534, 0.0, 0.0, 0.0, 0.0, 1.0],
                [0.479275, 0.149363, -0.86486, 0.0, -0.873532, 0.176685, -0.453566, 0.39386, 0.085062, 0.972866, 0.215155, -0.0, 0.0, 0.0, 0.0, 1.0],
                [0.435754, 0.239101, -0.867724, 0.0, -0.897541, 0.187577, -0.399039, 0.39386, 0.067355, 0.952701, 0.296341, -0.0, 0.0, 0.0, 0.0, 1.0],
                [0.405478, 0.17905, -0.896396, 0.0, -0.912397, 0.139177, -0.384915, 0.39386, 0.055839, 0.973943, 0.219798, -0.0, 0.0, 0.0, 0.0, 1.0],
                [0.41687, 0.169356, -0.893048, 0.0, -0.907135, 0.139821, -0.39693, 0.39386, 0.057644, 0.975584, 0.211916, -0.0, 0.0, 0.0, 0.0, 1.0],
                [0.448061, 0.115781, -0.886472, 0.0, -0.890812, 0.141515, -0.43177, 0.39386, 0.075458, 0.983139, 0.166547, -0.0, 0.0, 0.0, 0.0, 1.0],
                [0.491192, 0.081541, -0.867225, -0.0, -0.866911, 0.142705, -0.477596, 0.39386, 0.084814, 0.986398, 0.140784, 0.0, 0.0, 0.0, 0.0, 1.0],
                [0.515103, 0.073887, -0.853936, 0.0, -0.852901, 0.142993, -0.502106, 0.39386, 0.085008, 0.986959, 0.136675, -0.0, 0.0, 0.0, 0.0, 1.0],
                [0.52857, 0.049062, -0.847469, 0.0, -0.843433, 0.14335, -0.517753, 0.39386, 0.096083, 0.988453, 0.117151, -0.0, 0.0, 0.0, 0.0, 1.0],
                [0.526641, 0.050041, -0.848612, -0.0, -0.844634, 0.143678, -0.5157, 0.39386, 0.096121, 0.988356, 0.117933, 0.0, 0.0, 0.0, 0.0, 1.0],
                [0.467527, 0.030525, -0.883449, -0.0, -0.876515, 0.14559, -0.458827, 0.39386, 0.114616, 0.988871, 0.094823, 0.0, 0.0, 0.0, 0.0, 1.0],
                [0.470411, 0.035796, -0.881719, 0.0, -0.875307, 0.145768, -0.461071, 0.39386, 0.112022, 0.988668, 0.099904, -0.0, 0.0, 0.0, 0.0, 1.0],
                [0.474832, 0.01252, -0.879986, 0.0, -0.871492, 0.145997, -0.468171, 0.39386, 0.122614, 0.989203, 0.080235, -0.0, 0.0, 0.0, 0.0, 1.0],
                [0.451526, -0.020699, -0.892016, 0.0, -0.881262, 0.146113, -0.449472, 0.39386, 0.13964, 0.989049, 0.047733, -0.0, 0.0, 0.0, 0.0, 1.0],
                [0.458005, -0.013055, -0.888852, 0.0, -0.877842, 0.150919, -0.454548, 0.39386, 0.140079, 0.988457, 0.057661, 0.0, 0.0, 0.0, 0.0, 1.0]
            ]
        },
        {
            "name": "Hand_L",
            "time": [0.0, 0.05, 0.0833, 0.1167, 0.1667, 0.2, 0.3833, 0.4333, 0.4667, 0.5, 0.55, 0.5833, 0.6833, 0.7167, 0.8667, 0.9667, 1.0833, 1.1667, 1.35],
            "transform": [
                [1.000001, -0.0, 0.0, -0.0, 0.0, 0.999472, -0.032466, 0.300002, -0.0, 0.032466, 0.999474, 0.0, 0.0, 0.0, 0.0, 1.0],
                [1.000001, -0.0, 0.0, -0.0, 0.0, 0.999998, -0.000997, 0.300003, 0.0, 0.000997, 1.000001, 0.0, 0.0, 0.0, 0.0, 1.0],
                [1.000001, 1e-06, -0.0, -0.0, -1e-06, 0.922429, -0.386164, 0.300003, -0.0, 0.386163, 0.922432, -0.0, 0.0, 0.0, 0.0, 1.0],
                [1.0, 1e-06, -1e-06, -0.0, -1e-06, 0.633917, -0.773402, 0.300003, -1e-06, 0.7734, 0.633919, -0.0, 0.0, 0.0, 0.0, 1.0],
                [1.000001, 0.0, -0.0, 0.0, -0.0, 0.963317, -0.268363, 0.300003, 0.0, 0.268362, 0.963319, 0.0, 0.0, 0.0, 0.0, 1.0],
                [1.000001, -0.0, 0.0, -0.0, 0.0, 0.999998, -0.000995, 0.300003, -0.0, 0.000994, 1.000001, 0.0, 0.0, 0.0, 0.0, 1.0],
                [1.000001, -0.0, -0.0, 0.0, 0.0, 0.96942, -0.245403, 0.300003, 0.0, 0.245402, 0.969423, 0.0, 0.0, 0.0, 0.0, 1.0],
                [1.000001, 0.0, -0.0, -0.0, -0.0, 0.999998, -0.000992, 0.300003, 0.0, 0.000992, 1.000001, -0.0, 0.0, 0.0, 0.0, 1.0],
                [1.000001, 0.0, -0.0, -0.0, -0.0, 0.999998, -0.000993, 0.300003, 0.0, 0.000993, 1.000001, -0.0, 0.0, 0.0, 0.0, 1.0],
                [1.000001, 0.0, 0.0, 0.0, -0.0, 0.999998, -0.000993, 0.300003, -0.0, 0.000993, 1.000001, 0.0, 0.0, 0.0, 0.0, 1.0],
                [1.000001, 0.0, 0.0, 0.0, -0.0, 0.999998, -0.000994, 0.300003, -0.0, 0.000994, 1.000001, -0.0, 0.0, 0.0, 0.0, 1.0],
                [1.000001, -0.0, 0.0, -0.0, 0.0, 0.999998, -0.000994, 0.300003, 0.0, 0.000994, 1.000001, 0.0, 0.0, 0.0, 0.0, 1.0],
                [1.000001, -0.0, -0.0, -0.0, 0.0, 0.999999, -0.000994, 0.300003, -0.0, 0.000994, 1.000001, 0.0, 0.0, 0.0, 0.0, 1.0],
                [1.000001, 0.0, -0.0, 0.0, -0.0, 0.999998, -0.000994, 0.300003, 0.0, 0.000994, 1.000001, -0.0, 0.0, 0.0, 0.0, 1.0],
                [1.000001, -0.0, 0.0, 0.0, -0.0, 0.999998, -0.000995, 0.300003, -0.0, 0.000995, 1.000001, 0.0, 0.0, 0.0, 0.0, 1.0],
                [1.000001, 0.0, 0.0, 0.0, 0.0, 0.999998, -0.000994, 0.300003, 0.0, 0.000994, 1.000001, 0.0, 0.0, 0.0, 0.0, 1.0],
                [1.000001, 0.0, 0.0, 0.0, 0.0, 0.999998, -0.000993, 0.300003, -0.0, 0.000993, 1.000001, 0.0, 0.0, 0.0, 0.0, 1.0],
                [1.000001, -0.0, 0.0, -0.0, 0.0, 0.999999, -0.000992, 0.300003, 0.0, 0.000992, 1.000001, 0.0, 0.0, 0.0, 0.0, 1.0],
                [1.000001, -0.0, 0.0, -0.0, -0.0, 0.999998, -0.000992, 0.300003, -0.0, 0.000992, 1.000001, -0.0, 0.0, 0.0, 0.0, 1.0]
            ]
        },
        {
            "name": "Tool_L",
            "time": [0.0, 1.35],
            "transform": [
                [1.0, -0.0, 0.0, 0.0, -0.0, -0.999559, -0.029689, 0.271711, 0.0, 0.029689, -0.99956, -0.028915, 0.0, 0.0, 0.0, 1.0],
                [1.0, -0.0, 0.0, 0.0, 0.0, -0.999559, -0.029689, 0.271711, 0.0, 0.029689, -0.99956, -0.028915, 0.0, 0.0, 0.0, 1.0]
            ]
        },
        {
            "name": "Elbow_L",
            "time": [0.0, 1.35],
            "transform": [
                [-1.0, 0.0, -0.0, -0.0, 0.0, 0.003946, -0.999992, 0.302241, -0.0, -0.999992, -0.003946, -0.001244, 0.0, 0.0, 0.0, 1.0],
                [-1.0, 0.0, -0.0, -0.0, 0.0, 0.003946, -0.999992, 0.300008, -0.0, -0.999993, -0.003946, -0.001252, 0.0, 0.0, 0.0, 1.0]
            ]
        }
    ]
}