{
    "animation": [
        {
            "name": "Coord",
            "time": [0.0, 0.15, 0.3167, 0.4, 0.55, 0.7],
            "transform": [
                [1.0, 0.0, 0.0, -5e-06, 0.0, 0.0, -1.0, 2e-06, 0.0, 1.0, 0.0, -0.000216, 0.0, 0.0, 0.0, 1.0],
                [1.0, 0.0, 0.0, -5e-06, 0.0, 0.0, -1.0, 0.333537, 0.0, 1.0, 0.0, -0.000216, 0.0, 0.0, 0.0, 1.0],
                [1.0, 0.0, 0.0, -5e-06, 0.0, 0.0, -1.0, 0.648546, 0.0, 1.0, 0.0, -0.000216, 0.0, 0.0, 0.0, 1.0],
                [1.0, 0.0, 0.0, -5e-06, 0.0, 0.0, -1.0, 0.687922, 0.0, 1.0, 0.0, -0.000216, 0.0, 0.0, 0.0, 1.0],
                [1.0, 0.0, 0.0, -5e-06, 0.0, 0.0, -1.0, 0.687922, 0.0, 1.0, 0.0, -0.000216, 0.0, 0.0, 0.0, 1.0],
                [1.0, 0.0, 0.0, -5e-06, 0.0, 0.0, -1.0, 0.687922, 0.0, 1.0, 0.0, -0.000216, 0.0, 0.0, 0.0, 1.0]
            ]
        },
        {
            "name": "Root",
            "time": [0.0, 0.15, 0.3167, 0.4, 0.55, 0.7],
            "transform": [
                [0.202769, 0.007963, 0.979194, 4.6e-05, 0.048166, 0.998675, -0.018095, 0.903959, -0.978041, 0.050833, 0.202117, -0.002971, 0.0, 0.0, 0.0, 1.0],
                [0.899539, -0.185921, 0.395301, -0.006262, 0.104985, 0.970397, 0.217505, 0.997055, -0.424037, -0.154153, 0.892429, 0.202533, 0.0, 0.0, 0.0, 1.0],
                [0.999988, -0.00483, 0.000529, -0.000151, 0.004827, 0.999969, 0.00617, 0.9013, -0.000559, -0.006168, 0.999981, -0.06016, 0.0, 0.0, 0.0, 1.0],
                [1.0, 0.0, 0.0, 0.0, 0.0, 0.99193, -0.126783, 0.894795, 0.0, 0.126783, 0.99193, -0.162957, 0.0, 0.0, 0.0, 1.0],
                [1.0, 0.0, 0.0, 0.0, 0.0, 0.997766, 0.066807, 0.866947, 0.0, -0.066807, 0.997766, 0.070387, 0.0, 0.0, 0.0, 1.0],
                [1.0, 0.0, 0.0, 0.0, 0.0, 1.0, 0.0, 0.860865, 0.0, 0.0, 1.0, -0.000944, 0.0, 0.0, 0.0, 1.0]
            ]
        },
        {
            "name": "Thigh_R",
            "time": [0.0, 0.15, 0.25, 0.3167, 0.4, 0.45, 0.5833, 0.6333, 0.7],
            "transform": [
                [0.367638, 0.927728, 0.064499, 0.124994, 0.380064, -0.213185, 0.900058, -0.002831, 0.84876, -0.306381, -0.430972, -1.2e-05, 0.0, 0.0, 0.0, 1.0],
                [0.887346, 0.379663, 0.26167, 0.122491, 0.243667, -0.867872, 0.432923, 0.014649, 0.391461, -0.320392, -0.862616, -0.001047, 0.0, 0.0, 0.0, 1.0],
                [0.998675, -0.038517, 0.034101, 0.123881, -0.036462, -0.997591, -0.058973, -0.008612, 0.03629, 0.057651, -0.997677, -0.009395, 0.0, 0.0, 0.0, 1.0],
                [0.985932, -0.132424, 0.101986, 0.12296, -0.147673, -0.975946, 0.160372, -0.022546, 0.078296, -0.173176, -0.981774, 0.007556, 0.0, 0.0, 0.0, 1.0],
                [0.999384, -0.034239, 0.007659, 0.124784, -0.034836, -0.942354, 0.332795, -0.008867, -0.004177, -0.332856, -0.942968, -0.002917, 0.0, 0.0, 0.0, 1.0],
                [0.999772, -0.01896, 0.009762, 0.124847, -0.021133, -0.942164, 0.334479, -0.007037, 0.002855, -0.334609, -0.942353, -0.002295, 0.0, 0.0, 0.0, 1.0],
                [0.999727, 0.017791, 0.015116, 0.124994, 0.018249, -0.999361, -0.030664, -0.002982, 0.01456, 0.030931, -0.999416, 0.000196, 0.0, 0.0, 0.0, 1.0],
                [0.999727, 0.01779, 0.015117, 0.124994, 0.018249, -0.999359, -0.03074, -0.002984, 0.01456, 0.031008, -0.999413, 0.000194, 0.0, 0.0, 0.0, 1.0],
                [0.999727, 0.019055, 0.013488, 0.124994, 0.018249, -0.998174, 0.057552, -0.002831, 0.01456, -0.05729, -0.998252, -1.2e-05, 0.0, 0.0, 0.0, 1.0]
            ]
        },
        {
            "name": "Leg_R",
            "time": [0.0, 0.3167, 0.4, 0.45, 0.55, 0.6333, 0.7, 0.15],
            "transform": [
                [1.0, -1e-06, 1e-06, 0.0, -0.0, 0.638239, 0.769838, 0.374726, -1e-06, -0.769839, 0.638238, 0.0, 0.0, 0.0, 0.0, 1.0],
                [1.0, -0.0, 1e-06, -0.0, -0.0, 0.819474, 0.573116, 0.374726, -1e-06, -0.573117, 0.819473, 0.0, 0.0, 0.0, 0.0, 1.0],
                [1.0, -0.0, 1e-06, -0.0, -0.0, 0.964004, 0.265891, 0.374726, -1e-06, -0.265892, 0.964002, -0.0, 0.0, 0.0, 0.0, 1.0],
                [1.0, -0.0, 1e-06, 0.0, -0.0, 0.989772, 0.142662, 0.374726, -1e-06, -0.142663, 0.989771, 0.0, 0.0, 0.0, 0.0, 1.0],
                [1.0, -0.0, 1e-06, 0.0, -0.0, 0.998343, 0.057562, 0.374726, -1e-06, -0.057562, 0.998341, 0.0, 0.0, 0.0, 0.0, 1.0],
                [1.0, -0.0, 1e-06, -0.0, -0.0, 0.935641, 0.352954, 0.374726, -1e-06, -0.352954, 0.93564, -0.0, 0.0, 0.0, 0.0, 1.0],
                [1.0, -0.0, 1e-06, -0.0, -0.0, 0.955144, 0.296145, 0.374726, -1e-06, -0.296145, 0.955142, -0.0, 0.0, 0.0, 0.0, 1.0],
                [1.0, -0.0, 1e-06, 0.0, -0.0, 0.989772, 0.142662, 0.374726, -1e-06, -0.142663, 0.989771, 0.0, 0.0, 0.0, 0.0, 1.0]
            ]
        },
        {
            "name": "Knee_R",
            "time": [0.0, 0.7],
            "transform": [
                [1.0, 0.0, -0.0, 0.0, -0.0, 0.00567, -0.999984, 0.410824, -0.0, 0.999984, 0.00567, -0.000205, 0.0, 0.0, 0.0, 1.0],
                [1.0, 0.0, -0.0, -0.0, -0.0, 0.00567, -0.999984, 0.374726, -0.0, 0.999984, 0.00567, 0.0, 0.0, 0.0, 0.0, 1.0]
            ]
        },
        {
            "name": "Thigh_L",
            "time": [0.0, 0.15, 0.25, 0.3167, 0.4, 0.45, 0.5833, 0.6333, 0.7],
            "transform": [
                [0.736111, 0.676794, -0.009471, -0.125006, 0.473819, -0.505253, 0.721258, -0.002831, 0.483358, -0.535414, -0.692601, -1.2e-05, 0.0, 0.0, 0.0, 1.0],
                [0.996924, 0.07768, 0.010407, -0.12257, 0.060697, -0.849244, 0.5245, -0.019586, 0.049581, -0.522255, -0.851347, -0.004227, 0.0, 0.0, 0.0, 1.0],
                [0.993464, -0.086397, -0.074588, -0.123081, -0.087721, -0.996036, -0.014653, -0.000666, -0.073027, 0.0211, -0.997106, 0.010058, 0.0, 0.0, 0.0, 1.0],
                [0.983237, -0.168373, 0.069961, -0.123105, -0.178126, -0.96896, 0.171424, 0.017791, 0.038926, -0.181013, -0.98271, -0.00783, 0.0, 0.0, 0.0, 1.0],
                [0.997054, -0.074658, -0.017544, -0.124796, -0.064872, -0.943036, 0.326302, 0.004661, -0.040906, -0.324203, -0.945102, 0.001985, 0.0, 0.0, 0.0, 1.0],
                [0.998112, -0.059456, -0.015371, -0.124845, -0.051142, -0.943317, 0.327926, 0.002808, -0.033997, -0.326521, -0.944578, 0.001333, 0.0, 0.0, 0.0, 1.0],
                [0.999676, -0.010841, -0.023022, -0.125006, -0.011701, -0.999225, -0.037574, -0.003074, -0.022597, 0.037832, -0.999028, 0.000128, 0.0, 0.0, 0.0, 1.0],
                [0.999676, -0.010839, -0.023023, -0.125006, -0.011701, -0.999222, -0.037651, -0.003077, -0.022597, 0.037908, -0.999025, 0.000127, 0.0, 0.0, 0.0, 1.0],
                [0.999676, -0.012828, -0.021977, -0.125006, -0.011701, -0.998647, 0.050656, -0.002831, -0.022597, -0.050383, -0.998474, -1.2e-05, 0.0, 0.0, 0.0, 1.0]
            ]
        },
        {
            "name": "Leg_L",
            "time": [0.0, 0.3167, 0.4, 0.45, 0.55, 0.6333, 0.7, 0.15],
            "transform": [
                [1.0, -0.0, 1e-06, 0.0, 0.0, 0.909136, 0.416498, 0.374726, -1e-06, -0.416498, 0.909137, -0.0, 0.0, 0.0, 0.0, 1.0],
                [1.0, -1e-06, 1e-06, -0.0, -0.0, 0.744421, 0.667711, 0.374726, -1e-06, -0.667711, 0.744421, -0.0, 0.0, 0.0, 0.0, 1.0],
                [1.0, -0.0, 1e-06, -0.0, -0.0, 0.947117, 0.320887, 0.374726, -1e-06, -0.320887, 0.947118, -0.0, 0.0, 0.0, 0.0, 1.0],
                [1.0, -0.0, 1e-06, 0.0, -0.0, 0.993612, 0.112847, 0.374726, -1e-06, -0.112847, 0.993613, -0.0, 0.0, 0.0, 0.0, 1.0],
                [1.0, -0.0, 1e-06, -0.0, -0.0, 0.999621, 0.027527, 0.374726, -1e-06, -0.027527, 0.999621, -0.0, 0.0, 0.0, 0.0, 1.0],
                [1.0, -0.0, 1e-06, 0.0, -0.0, 0.945827, 0.324671, 0.374726, -1e-06, -0.324671, 0.945827, -0.0, 0.0, 0.0, 0.0, 1.0],
                [1.0, -0.0, 1e-06, -0.0, -0.0, 0.963613, 0.267301, 0.374726, -1e-06, -0.267301, 0.963613, 0.0, 0.0, 0.0, 0.0, 1.0],
                [1.0, -0.0, 1e-06, 0.0, -0.0, 0.993612, 0.112847, 0.374726, -1e-06, -0.112847, 0.993613, 0.0, 0.0, 0.0, 0.0, 1.0]
            ]
        },
        {
            "name": "Knee_L",
            "time": [0.0, 0.7],
            "transform": [
                [1.0, 0.0, -0.0, 0.0, -0.0, 0.00567, -0.999984, 0.374726, -0.0, 0.999984, 0.00567, -0.0, 0.0, 0.0, 0.0, 1.0],
                [1.0, 0.0, -0.0, 0.0, -0.0, 0.00567, -0.999984, 0.374726, -0.0, 0.999984, 0.00567, 0.0, 0.0, 0.0, 0.0, 1.0]
            ]
        },
        {
            "name": "Torso",
            "time": [0.0, 0.4, 0.55, 0.7, 0.15, 0.3167],
            "transform": [
                [1.0, 0.0, -0.0, 0.0, 0.0, 1.0, -0.0, 0.05, 0.0, 0.0, 1.0, -0.0, 0.0, 0.0, 0.0, 1.0],
                [1.0, -0.0, -0.0, -0.0, 0.0, 1.0, -0.0, 0.05, 0.0, 0.0, 1.0, -0.0, 0.0, 0.0, 0.0, 1.0],
                [1.0, -0.0, -0.0, 0.0, 0.0, 1.0, -0.0, 0.05, 0.0, 0.0, 1.0, -0.0, 0.0, 0.0, 0.0, 1.0],
                [1.0, 0.0, 0.0, 0.0, 0.0, 1.0, 0.0, 0.05, 0.0, -0.0, 1.0, 0.0, 0.0, 0.0, 0.0, 1.0],
                [1.0, 0.0, 0.0, 0.0, 0.0, 1.0, 0.0, 0.05, 0.0, 0.0, 1.0, 0.0, 0.0, 0.0, 0.0, 1.0],
                [1.0, 0.0, 0.0, 0.0, 0.0, 1.0, 0.0, 0.05, 0.0, 0.0, 1.0, 0.0, 0.0, 0.0, 0.0, 1.0]
            ]
        },
        {
            "name": "Chest",
            "time": [0.0, 0.4, 0.55, 0.7, 0.15, 0.3167],
            "transform": [
                [1.0, 0.0, -0.0, 0.0, -0.0, 1.0, -0.0, 0.3, 0.0, 0.0, 1.0, -0.0, 0.0, 0.0, 0.0, 1.0],
                [1.0, 0.0, 0.0, -0.0, -0.0, 1.0, -0.0, 0.3, -0.0, 0.0, 1.0, 0.0, 0.0, 0.0, 0.0, 1.0],
                [1.0, 0.0, -0.0, 0.0, -0.0, 0.99845, -0.055657, 0.3, 0.0, 0.055657, 0.99845, 0.0, 0.0, 0.0, 0.0, 1.0],
                [1.0, 0.0, 0.0, 0.0, 0.0, 0.995254, 0.097308, 0.3, 0.0, -0.097308, 0.995254, 0.0, 0.0, 0.0, 0.0, 1.0],
                [1.0, -0.0, 0.0, 0.0, 0.0, 0.997477, -0.070991, 0.3, -0.0, 0.070991, 0.997477, 0.0, 0.0, 0.0, 0.0, 1.0],
                [1.0, 0.0, 0.0, 0.0, 0.0, 0.998338, -0.057631, 0.3, 0.0, 0.057631, 0.998338, 0.0, 0.0, 0.0, 0.0, 1.0]
            ]
        },
        {
            "name": "Head",
            "time": [0.0, 0.15, 0.3167, 0.4, 0.55, 0.7],
            "transform": [
                [0.466621, 0.039449, -0.883577, -0.0, -0.01423, 0.99921, 0.037096, 0.4, 0.884343, -0.004737, 0.466814, -0.0, 0.0, 0.0, 0.0, 1.0],
                [0.919971, 0.046442, -0.389225, 0.0, -0.085249, 0.992895, -0.083023, 0.377122, 0.382604, 0.10956, 0.917393, 0.001321, 0.0, 0.0, 0.0, 1.0],
                [1.0, 0.0, -0.0, -0.0, -0.0, 0.999604, -0.028128, 0.327693, 0.0, 0.028128, 0.999604, 0.004174, 0.0, 0.0, 0.0, 1.0],
                [1.0, 0.0, -0.0, -0.0, -0.0, 0.999998, 0.002193, 0.327693, 0.0, -0.002193, 0.999998, 0.004174, 0.0, 0.0, 0.0, 1.0],
                [1.0, 0.0, -0.0, -0.0, -0.0, 0.999018, 0.044312, 0.327693, 0.0, -0.044312, 0.999018, 0.004174, 0.0, 0.0, 0.0, 1.0],
                [1.0, 0.0, 0.0, 0.0, 0.0, 0.999843, 0.017704, 0.327693, 0.0, -0.017704, 0.999843, 0.004174, 0.0, 0.0, 0.0, 1.0]
            ]
        },
        {
            "name": "Shoulder_R",
            "time": [0.0, 0.15, 0.3167, 0.4, 0.55, 0.7],
            "transform": [
                [0.404109, 0.870909, 0.279667, 0.005452, -0.0, -0.305743, 0.952114, 0.547759, 0.914711, -0.384758, -0.123554, 0.107419, 0.0, 0.0, 0.0, 1.0],
                [0.404109, 0.870909, 0.279667, 0.002392, -0.0, -0.305743, 0.952114, 0.542691, 0.914711, -0.384758, -0.123554, 0.121238, 0.0, 0.0, 0.0, 1.0],
                [0.014174, 0.952018, 0.305713, -0.062863, 0.0, -0.305743, 0.952114, 0.602154, 0.999899, -0.013495, -0.004333, 0.048217, 0.0, 0.0, 0.0, 1.0],
                [0.0, 0.952114, 0.305743, -0.065047, 0.0, -0.305743, 0.952114, 0.604223, 1.0, 0.0, -0.0, 0.045624, 0.0, 0.0, 0.0, 1.0],
                [0.0, 0.952114, 0.305743, -0.065047, 0.0, -0.305743, 0.952114, 0.604223, 1.0, 0.0, -0.0, 0.045624, 0.0, 0.0, 0.0, 1.0],
                [0.0, 0.952114, 0.305743, -0.065047, 0.0, -0.305743, 0.952114, 0.604223, 1.0, -0.0, -0.0, 0.045624, 0.0, 0.0, 0.0, 1.0]
            ]
        },
        {
            "name": "Arm_R",
            "time": [0.0, 0.15, 0.3167, 0.4, 0.55, 0.7],
            "transform": [
                [0.092171, 0.045472, 0.994705, -0.0, 0.972423, 0.210817, -0.099743, 0.393861, -0.214237, 0.976468, -0.024786, 0.0, 0.0, 0.0, 0.0, 1.0],
                [0.476687, -0.042015, -0.878069, -0.0, -0.878697, -0.051987, -0.474541, 0.393861, -0.02571, 0.997764, -0.0617, 0.0, 0.0, 0.0, 0.0, 1.0],
                [0.993531, -0.111795, -0.019939, -0.0, -0.096321, -0.736623, -0.66941, 0.39386, 0.060149, 0.667, -0.742626, 0.0, 0.0, 0.0, 0.0, 1.0],
                [0.998169, 0.060165, 0.006174, -0.0, 0.048765, -0.740217, -0.670597, 0.39386, -0.035776, 0.66967, -0.741796, 0.0, 0.0, 0.0, 0.0, 1.0],
                [0.994856, -0.093757, -0.038364, 0.0, -0.094765, -0.727489, -0.679544, 0.39386, 0.035803, 0.679684, -0.732631, -0.0, 0.0, 0.0, 0.0, 1.0],
                [0.988815, -0.149147, -0.000562, 0.0, -0.109193, -0.721352, -0.683907, 0.39386, 0.101598, 0.676319, -0.729569, -0.0, 0.0, 0.0, 0.0, 1.0]
            ]
        },
        {
            "name": "Hand_R",
            "time": [0.0, 0.15, 0.3167, 0.4, 0.55, 0.7],
            "transform": [
                [1.0, 0.0, 0.0, 0.0, -0.0, 1.0, -0.000996, 0.300002, -0.0, 0.000996, 1.0, -0.0, 0.0, 0.0, 0.0, 1.0],
                [1.0, -0.0, 0.0, 0.0, 0.0, 1.0, -0.000992, 0.300003, -0.0, 0.000992, 1.0, -0.0, 0.0, 0.0, 0.0, 1.0],
                [1.0, -0.0, 0.0, -0.0, 0.0, 1.0, -0.001, 0.300003, -0.0, 0.001, 1.0, -0.0, 0.0, 0.0, 0.0, 1.0],
                [1.0, -0.0, 0.0, -0.0, 0.0, 1.0, -0.001, 0.300003, -0.0, 0.001, 1.0, -0.0, 0.0, 0.0, 0.0, 1.0],
                [1.0, -0.0, 0.0, -0.0, 0.0, 1.0, -0.001002, 0.300002, -0.0, 0.001002, 1.0, 0.0, 0.0, 0.0, 0.0, 1.0],
                [1.0, -0.0, 0.0, 0.0, 0.0, 1.0, -0.001002, 0.300003, -0.0, 0.001002, 1.0, 0.0, 0.0, 0.0, 0.0, 1.0]
            ]
        },
        {
            "name": "Tool_R",
            "time": [0.0, 0.7],
            "transform": [
                [1.0, -0.0, 0.0, 0.0, -0.0, -0.999559, -0.029689, 0.271711, 0.0, 0.029689, -0.99956, -0.028915, 0.0, 0.0, 0.0, 1.0],
                [1.0, -0.0, 0.0, 0.0, 0.0, -0.999559, -0.029689, 0.271711, 0.0, 0.029689, -0.99956, -0.028915, 0.0, 0.0, 0.0, 1.0]
            ]
        },
        {
            "name": "Elbow_R",
            "time": [0.0, 0.7],
            "transform": [
                [-1.0, 0.0, -0.0, 0.0, 0.0, 0.003946, -0.999992, 0.300008, -0.0, -0.999992, -0.003946, -0.001252, 0.0, 0.0, 0.0, 1.0],
                [-1.0, 0.0, -0.0, 0.0, 0.0, 0.003946, -0.999992, 0.300008, -0.0, -0.999992, -0.003946, -0.001252, 0.0, 0.0, 0.0, 1.0]
            ]
        },
        {
            "name": "Shoulder_L",
            "time": [0.0, 0.15, 0.2, 0.3167, 0.4, 0.55, 0.7],
            "transform": [
                [0.0, -0.952114, -0.305743, 0.000234, 0.0, -0.305743, 0.952114, 0.568633, -1.0, -0.0, 0.0, 0.122078, 0.0, 0.0, 0.0, 1.0],
                [-0.185516, -0.945878, -0.266266, -0.002454, 0.103907, -0.288334, 0.951875, 0.536847, -0.977132, 0.148921, 0.151774, 0.124879, 0.0, 0.0, 0.0, 1.0],
                [-0.153431, -0.949042, -0.275277, 0.001201, 0.085466, -0.290276, 0.953119, 0.516216, -0.984457, 0.122711, 0.125648, -0.018928, 0.0, 0.0, 0.0, 1.0],
                [-0.005296, -0.952329, -0.305028, 0.070051, 0.002878, -0.305045, 0.952334, 0.62572, -0.999982, 0.004166, 0.004356, 0.116565, 0.0, 0.0, 0.0, 1.0],
                [-0.0, -0.952114, -0.305743, 0.074089, 0.0, -0.305743, 0.952114, 0.632142, -1.0, 0.0, 0.0, 0.12451, 0.0, 0.0, 0.0, 1.0],
                [-0.0, -0.952114, -0.305743, 0.074089, 0.0, -0.305743, 0.952114, 0.632141, -1.0, 0.0, 0.0, 0.12451, 0.0, 0.0, 0.0, 1.0],
                [-0.0, -0.952114, -0.305743, 0.074089, 0.0, -0.305743, 0.952114, 0.632142, -1.0, 0.0, 0.0, 0.12451, 0.0, 0.0, 0.0, 1.0]
            ]
        },
        {
            "name": "Arm_L",
            "time": [0.0, 0.15, 0.2, 0.25, 0.3167, 0.4, 0.55, 0.7],
            "transform": [
                [0.999395, 0.017285, -0.030172, -0.0, -0.027428, -0.141524, -0.989555, 0.39386, -0.021375, 0.989784, -0.140964, 0.0, 0.0, 0.0, 0.0, 1.0],
                [0.602127, 0.193907, 0.774495, 0.0, 0.36509, 0.795825, -0.483085, 0.39386, -0.710036, 0.573639, 0.408395, -0.0, 0.0, 0.0, 0.0, 1.0],
                [0.964984, 0.224769, 0.135223, -0.0, 0.061598, 0.306919, -0.94974, 0.39386, -0.254974, 0.924813, 0.282326, 0.0, 0.0, 0.0, 0.0, 1.0],
                [0.919481, 0.387573, 0.065894, 0.0, 0.363899, -0.775633, -0.515724, 0.39386, -0.148771, 0.498177, -0.854217, 0.0, 0.0, 0.0, 0.0, 1.0],
                [0.92165, 0.387594, 0.018239, 0.0, 0.306589, -0.698608, -0.64649, 0.39386, -0.237834, 0.60143, -0.762704, 0.0, 0.0, 0.0, 0.0, 1.0],
                [0.967431, 0.243212, 0.070181, -0.0, 0.228206, -0.717995, -0.657575, 0.39386, -0.10954, 0.652174, -0.750113, 0.0, 0.0, 0.0, 0.0, 1.0],
                [0.926368, 0.373043, 0.051776, -0.0, 0.309141, -0.674649, -0.670284, 0.39386, -0.215114, 0.636936, -0.740296, -0.0, 0.0, 0.0, 0.0, 1.0],
                [0.906253, 0.422227, 0.020718, -0.0, 0.32399, -0.66225, -0.675615, 0.39386, -0.271542, 0.618991, -0.736963, -0.0, 0.0, 0.0, 0.0, 1.0]
            ]
        },
        {
            "name": "Hand_L",
            "time": [0.0, 0.15, 0.25, 0.3167, 0.4, 0.55, 0.7],
            "transform": [
                [1.0, 0.0, 0.0, 0.0, 0.0, 0.999999, -0.000993, 0.300003, -0.0, 0.000993, 0.999999, -0.0, 0.0, 0.0, 0.0, 1.0],
                [1.0, -2e-06, 1e-06, 0.0, 2e-06, 0.262064, -0.965051, 0.300002, 1e-06, 0.965051, 0.262064, -0.0, 0.0, 0.0, 0.0, 1.0],
                [1.0, -0.0, 0.0, -0.0, 0.0, 0.999999, -0.001008, 0.300002, -0.0, 0.001008, 0.999999, -0.0, 0.0, 0.0, 0.0, 1.0],
                [1.0, -0.0, 0.0, 0.0, 0.0, 0.999999, -0.001001, 0.300003, -0.0, 0.001001, 0.999999, -0.0, 0.0, 0.0, 0.0, 1.0],
                [1.0, 0.0, 0.0, -0.0, 0.0, 0.999999, -0.001, 0.300003, -0.0, 0.001, 0.999999, -0.0, 0.0, 0.0, 0.0, 1.0],
                [1.0, 0.0, 0.0, 0.0, 0.0, 0.999999, -0.001003, 0.300002, -0.0, 0.001003, 0.999999, -0.0, 0.0, 0.0, 0.0, 1.0],
                [1.0, -0.0, 0.0, -0.0, -0.0, 1.0, -0.001003, 0.300003, -0.0, 0.001003, 0.999999, -0.0, 0.0, 0.0, 0.0, 1.0]
            ]
        },
        {
            "name": "Tool_L",
            "time": [0.0, 0.7],
            "transform": [
                [1.0, -0.0, 0.0, 0.0, 0.0, -0.999559, -0.029689, 0.271711, 0.0, 0.029689, -0.99956, -0.028915, 0.0, 0.0, 0.0, 1.0],
                [1.0, -0.0, 0.0, 0.0, 0.0, -0.999559, -0.029689, 0.271711, 0.0, 0.029689, -0.99956, -0.028915, 0.0, 0.0, 0.0, 1.0]
            ]
        },
        {
            "name": "Elbow_L",
            "time": [0.0, 0.7],
            "transform": [
                [-1.0, 0.0, -0.0, 0.0, 0.0, 0.003946, -0.999992, 0.300008, -0.0, -0.999992, -0.003946, -0.001252, 0.0, 0.0, 0.0, 1.0],
                [-1.0, 0.0, -0.0, 0.0, 0.0, 0.003946, -0.999992, 0.300007, -0.0, -0.999993, -0.003946, -0.001252, 0.0, 0.0, 0.0, 1.0]
            ]
        }
    ]
}