{
    "animation": [
        {
            "name": "Coord",
            "time": [0.0, 0.5],
            "transform": [
                [1.0, 0.0, 0.0, -5e-06, 0.0, 0.0, -1.0, 2e-06, 0.0, 1.0, 0.0, -0.000216, 0.0, 0.0, 0.0, 1.0],
                [1.0, 0.0, 0.0, -5e-06, 0.0, 0.0, -1.0, 1.389732, 0.0, 1.0, 0.0, -0.000216, 0.0, 0.0, 0.0, 1.0]
            ]
        },
        {
            "name": "Root",
            "time": [0.0, 0.0833, 0.15, 0.3, 0.5],
            "transform": [
                [0.202769, 0.007963, 0.979194, 4.6e-05, 0.048166, 0.998675, -0.018095, 0.963959, -0.978041, 0.050833, 0.202117, -0.002971, 0.0, 0.0, 0.0, 1.0],
                [0.885523, -0.277139, 0.372884, -0.006262, 0.189845, 0.948383, 0.254024, 1.057055, -0.424037, -0.154153, 0.892429, 0.076741, 0.0, 0.0, 0.0, 1.0],
                [0.899197, -0.396169, -0.185727, -0.011819, 0.410865, 0.910479, 0.04709, 0.972673, 0.150445, -0.118652, 0.981472, -0.114015, 0.0, 0.0, 0.0, 1.0],
                [0.492806, 0.07775, -0.866659, -0.21537, -0.088287, 0.995328, 0.03909, 1.001364, 0.865649, 0.057251, 0.497368, -0.287147, 0.0, 0.0, 0.0, 1.0],
                [0.207698, 0.01385, -0.978095, -0.031179, -0.063598, 0.997975, 0.000627, 1.007474, 0.976123, 0.062075, 0.208158, 0.074439, 0.0, 0.0, 0.0, 1.0]
            ]
        },
        {
            "name": "Thigh_R",
            "time": [0.0, 0.15, 0.2167, 0.3667, 0.5],
            "transform": [
                [0.533726, 0.843633, 0.058453, 0.124994, 0.175248, -0.177962, 0.968307, -0.002831, 0.827299, -0.506566, -0.242829, -1.2e-05, 0.0, 0.0, 0.0, 1.0],
                [0.996093, -0.073904, -0.048337, 0.119906, -0.079821, -0.987645, -0.134844, 0.032562, -0.037774, 0.138175, -0.989688, -0.005167, 0.0, 0.0, 0.0, 1.0],
                [0.804748, -0.51416, -0.29668, 0.120769, -0.498499, -0.8567, 0.13252, 0.024653, -0.322303, 0.041249, -0.945738, -0.008416, 0.0, 0.0, 0.0, 1.0],
                [0.636065, -0.627867, -0.448556, 0.124996, -0.078446, -0.630909, 0.77188, -0.00283, -0.767637, -0.455778, -0.450553, -1.2e-05, 0.0, 0.0, 0.0, 1.0],
                [0.91082, -0.395134, -0.119479, 0.112835, -0.139766, -0.567522, 0.811408, -0.007542, -0.388422, -0.722346, -0.572138, 0.055088, 0.0, 0.0, 0.0, 1.0]
            ]
        },
        {
            "name": "Leg_R",
            "time": [0.0, 0.15, 0.2167, 0.2667, 0.3667, 0.5],
            "transform": [
                [1.0, -1e-06, 0.0, -0.0, -0.0, 0.070388, 0.997519, 0.374726, -1e-06, -0.99752, 0.070388, 0.0, 0.0, 0.0, 0.0, 1.0],
                [1.0, -0.0, 1e-06, 0.0, -0.0, 0.838372, 0.5451, 0.374726, -1e-06, -0.5451, 0.83837, 0.0, 0.0, 0.0, 0.0, 1.0],
                [1.0, -0.0, 1e-06, 0.0, -0.0, 0.868068, 0.496445, 0.374726, -1e-06, -0.496446, 0.868067, 0.0, 0.0, 0.0, 0.0, 1.0],
                [1.0, -0.0, 1e-06, -0.0, -0.0, 0.945917, 0.324411, 0.374726, -1e-06, -0.324412, 0.945915, 0.0, 0.0, 0.0, 0.0, 1.0],
                [1.0, -0.0, 1e-06, -0.0, -0.0, 0.785515, 0.618842, 0.374726, -1e-06, -0.618843, 0.785514, 0.0, 0.0, 0.0, 0.0, 1.0],
                [1.0, -1e-06, 0.0, -0.0, -0.0, 0.377888, 0.925851, 0.374726, -1e-06, -0.925852, 0.377888, -0.0, 0.0, 0.0, 0.0, 1.0]
            ]
        },
        {
            "name": "Knee_R",
            "time": [0.0, 0.5],
            "transform": [
                [1.0, 0.0, -0.0, 0.0, -0.0, 0.00567, -0.999984, 0.476134, -0.0, 0.999984, 0.00567, -0.000575, 0.0, 0.0, 0.0, 1.0],
                [1.0, 0.0, -0.0, -0.0, -0.0, 0.00567, -0.999984, 0.442829, -0.0, 0.999984, 0.00567, -0.000386, 0.0, 0.0, 0.0, 1.0]
            ]
        },
        {
            "name": "Thigh_L",
            "time": [0.0, 0.15, 0.2167, 0.3667, 0.5],
            "transform": [
                [0.698972, 0.690515, 0.186082, -0.125006, 0.076879, -0.331244, 0.940408, -0.002831, 0.711004, -0.643013, -0.284617, -1.2e-05, 0.0, 0.0, 0.0, 1.0],
                [0.960124, -0.209748, -0.184844, -0.11963, -0.183511, -0.971611, 0.149315, -0.0382, -0.210915, -0.10944, -0.971358, -0.004524, 0.0, 0.0, 0.0, 1.0],
                [0.698617, -0.626855, -0.344945, -0.12045, -0.514183, -0.775103, 0.367192, -0.031147, -0.497544, -0.079162, -0.863819, 0.001101, 0.0, 0.0, 0.0, 1.0],
                [0.484426, -0.819445, -0.306335, -0.125005, -0.27017, -0.473178, 0.838517, -0.00283, -0.832069, -0.323436, -0.450609, -1.2e-05, 0.0, 0.0, 0.0, 1.0],
                [0.565969, -0.812628, -0.138972, -0.115441, -0.346554, -0.387456, 0.85427, -0.009581, -0.748049, -0.435329, -0.500909, -0.045563, 0.0, 0.0, 0.0, 1.0]
            ]
        },
        {
            "name": "Leg_L",
            "time": [0.0, 0.15, 0.2167, 0.2667, 0.3667, 0.5],
            "transform": [
                [1.0, -1e-06, 1e-06, 0.0, -0.0, 0.384154, 0.923269, 0.374726, -1e-06, -0.923269, 0.384154, -0.0, 0.0, 0.0, 0.0, 1.0],
                [1.0, -1e-06, 1e-06, -0.0, -0.0, 0.671961, 0.740587, 0.374726, -1e-06, -0.740586, 0.671961, -0.0, 0.0, 0.0, 0.0, 1.0],
                [1.0, -0.0, 1e-06, -0.0, -0.0, 0.796773, 0.604279, 0.374726, -1e-06, -0.604278, 0.796774, -0.0, 0.0, 0.0, 0.0, 1.0],
                [1.0, -0.0, 1e-06, 0.0, -0.0, 0.934461, 0.356066, 0.374726, -1e-06, -0.356065, 0.934461, 0.0, 0.0, 0.0, 0.0, 1.0],
                [1.0, -0.0, 1e-06, 0.0, -0.0, 0.742989, 0.669303, 0.374726, -1e-06, -0.669303, 0.74299, 0.0, 0.0, 0.0, 0.0, 1.0],
                [1.0, -1e-06, 1e-06, 0.0, -0.0, 0.358614, 0.933486, 0.374726, -1e-06, -0.933486, 0.358614, 0.0, 0.0, 0.0, 0.0, 1.0]
            ]
        },
        {
            "name": "Knee_L",
            "time": [0.0, 0.5],
            "transform": [
                [1.0, 0.0, -0.0, 0.0, -0.0, 0.00567, -0.999984, 0.442117, -0.0, 0.999984, 0.00567, -0.000382, 0.0, 0.0, 0.0, 1.0],
                [1.0, 0.0, -0.0, 0.0, -0.0, 0.00567, -0.999984, 0.445007, -0.0, 0.999984, 0.00567, -0.000398, 0.0, 0.0, 0.0, 1.0]
            ]
        },
        {
            "name": "Torso",
            "time": [0.0, 0.15, 0.3667, 0.5],
            "transform": [
                [1.0, -0.0, -0.0, -0.0, 0.0, 1.0, -0.0, 0.05, 0.0, 0.0, 1.0, 0.0, 0.0, 0.0, 0.0, 1.0],
                [1.0, -0.0, -0.0, 0.0, -0.0, 1.0, -0.0, 0.05, 0.0, 0.0, 1.0, 0.0, 0.0, 0.0, 0.0, 1.0],
                [1.0, 0.0, 0.0, -0.0, -0.0, 1.0, -0.0, 0.05, -0.0, 0.0, 1.0, 0.0, 0.0, 0.0, 0.0, 1.0],
                [1.0, 0.0, -0.0, -0.0, -0.0, 1.0, -0.0, 0.05, 0.0, 0.0, 1.0, -0.0, 0.0, 0.0, 0.0, 1.0]
            ]
        },
        {
            "name": "Chest",
            "time": [0.0, 0.15, 0.3667, 0.5],
            "transform": [
                [1.0, 0.0, -0.0, 0.0, -0.0, 1.0, -0.0, 0.3, 0.0, 0.0, 1.0, -0.0, 0.0, 0.0, 0.0, 1.0],
                [1.0, 0.0, 0.0, -0.0, -0.0, 1.0, -0.0, 0.3, -0.0, 0.0, 1.0, 0.0, 0.0, 0.0, 0.0, 1.0],
                [1.0, 0.0, 0.0, -0.0, -0.0, 1.0, -0.0, 0.3, -0.0, 0.0, 1.0, 0.0, 0.0, 0.0, 0.0, 1.0],
                [1.0, 0.0, -0.0, -0.0, -0.0, 1.0, -0.0, 0.3, 0.0, 0.0, 1.0, 0.0, 0.0, 0.0, 0.0, 1.0]
            ]
        },
        {
            "name": "Head",
            "time": [0.0, 0.15, 0.25, 0.3667, 0.5],
            "transform": [
                [0.466621, 0.039449, -0.883578, 0.0, -0.01423, 0.99921, 0.037096, 0.4, 0.884343, -0.004737, 0.466814, 0.0, 0.0, 0.0, 0.0, 1.0],
                [0.986666, 0.139739, 0.083455, -0.0, -0.117201, 0.965761, -0.231453, 0.4, -0.112941, 0.218586, 0.96926, 0.0, 0.0, 0.0, 0.0, 1.0],
                [0.880965, -0.011141, 0.47305, 0.0, 0.069547, 0.991914, -0.106157, 0.4, -0.468043, 0.126419, 0.874617, 0.0, 0.0, 0.0, 0.0, 1.0],
                [0.461484, -0.084535, 0.883112, 0.0, 0.045059, 0.996399, 0.071833, 0.4, -0.886004, 0.006642, 0.463631, 0.0, 0.0, 0.0, 0.0, 1.0],
                [0.436295, -0.021841, 0.899539, -0.0, -0.01686, 0.999331, 0.032441, 0.4, -0.899646, -0.02932, 0.435635, -0.0, 0.0, 0.0, 0.0, 1.0]
            ]
        },
        {
            "name": "Shoulder_R",
            "time": [0.0, 0.15, 0.3667, 0.5],
            "transform": [
                [0.404109, 0.870909, 0.279667, 0.005452, -0.0, -0.305743, 0.952114, 0.547759, 0.914711, -0.384758, -0.123554, 0.107419, 0.0, 0.0, 0.0, 1.0],
                [0.404109, 0.870909, 0.279667, -0.000668, -0.0, -0.305743, 0.952114, 0.537624, 0.914711, -0.384758, -0.123554, 0.135057, 0.0, 0.0, 0.0, 1.0],
                [0.404109, 0.870909, 0.279667, 0.018239, -0.0, -0.305743, 0.952114, 0.578781, 0.914711, -0.384758, -0.123554, 0.151902, 0.0, 0.0, 0.0, 1.0],
                [0.404109, 0.870909, 0.279667, 0.018239, -0.0, -0.305743, 0.952114, 0.57878, 0.914711, -0.384758, -0.123554, 0.151902, 0.0, 0.0, 0.0, 1.0]
            ]
        },
        {
            "name": "Arm_R",
            "time": [0.0, 0.15, 0.2667, 0.3167, 0.3667, 0.5],
            "transform": [
                [-0.058492, 0.046435, -0.997208, -0.0, -0.975243, 0.210736, 0.067017, 0.393861, 0.213261, 0.97644, 0.032958, 0.0, 0.0, 0.0, 0.0, 1.0],
                [0.983594, 0.118957, -0.13562, -0.0, -0.177822, 0.512737, -0.839928, 0.393861, -0.030378, 0.850264, 0.525479, 0.0, 0.0, 0.0, 0.0, 1.0],
                [0.95982, 0.242144, -0.141813, 0.0, -0.1549, 0.035792, -0.987282, 0.39386, -0.233989, 0.96958, 0.071862, -0.0, 0.0, 0.0, 0.0, 1.0],
                [0.967071, 0.212721, -0.139725, 0.0, -0.115167, -0.123815, -0.9856, 0.393861, -0.226958, 0.969237, -0.09524, 0.0, 0.0, 0.0, 0.0, 1.0],
                [0.936883, 0.278126, -0.211886, 0.0, -0.213576, -0.024581, -0.976618, 0.39386, -0.276832, 0.960231, 0.036372, 0.0, 0.0, 0.0, 0.0, 1.0],
                [0.916437, 0.380088, -0.125206, -0.0, -0.238515, 0.267563, -0.933553, 0.39386, -0.321331, 0.885406, 0.335863, 0.0, 0.0, 0.0, 0.0, 1.0]
            ]
        },
        {
            "name": "Hand_R",
            "time": [0.0, 0.15, 0.2667, 0.3167, 0.3667, 0.5],
            "transform": [
                [1.0, -0.0, 0.0, 0.0, -0.0, 0.999999, -0.000996, 0.300002, -0.0, 0.000996, 1.0, 0.0, 0.0, 0.0, 0.0, 1.0],
                [1.0, -3e-06, 1e-06, 0.0, 3e-06, 0.59609, -0.802919, 0.300003, 1e-06, 0.802918, 0.59609, -0.0, 0.0, 0.0, 0.0, 1.0],
                [1.0, -1e-06, 1e-06, 0.0, 1e-06, 0.721557, -0.692355, 0.300003, 0.0, 0.692355, 0.721557, 0.0, 0.0, 0.0, 0.0, 1.0],
                [1.0, -1e-06, 0.0, 0.0, 1e-06, 0.916038, -0.401092, 0.300003, 0.0, 0.401092, 0.916038, 0.0, 0.0, 0.0, 0.0, 1.0],
                [1.0, -3e-06, 1e-06, -0.0, 3e-06, 0.867164, -0.498023, 0.300002, 1e-06, 0.498023, 0.867164, 0.0, 0.0, 0.0, 0.0, 1.0],
                [1.0, -2e-06, 1e-06, 0.0, 2e-06, 0.781017, -0.62451, 0.300002, 1e-06, 0.62451, 0.781017, 0.0, 0.0, 0.0, 0.0, 1.0]
            ]
        },
        {
            "name": "Tool_R",
            "time": [0.0, 0.5],
            "transform": [
                [1.0, -0.0, 0.0, -0.0, -0.0, -0.999559, -0.029689, 0.271711, 0.0, 0.029689, -0.99956, -0.028915, 0.0, 0.0, 0.0, 1.0],
                [1.0, -0.0, 0.0, 0.0, -0.0, -0.999559, -0.029689, 0.271711, 0.0, 0.029689, -0.99956, -0.028915, 0.0, 0.0, 0.0, 1.0]
            ]
        },
        {
            "name": "Elbow_R",
            "time": [0.0, 0.5],
            "transform": [
                [-1.0, 0.0, -0.0, -0.0, 0.0, 0.003946, -0.999992, 0.300007, -0.0, -0.999992, -0.003946, -0.001252, 0.0, 0.0, 0.0, 1.0],
                [-1.0, 0.0, -0.0, 0.0, 0.0, 0.003946, -0.999992, 0.362406, -0.0, -0.999992, -0.003946, -0.001006, 0.0, 0.0, 0.0, 1.0]
            ]
        },
        {
            "name": "Shoulder_L",
            "time": [0.0, 0.15, 0.3667, 0.5],
            "transform": [
                [0.0, -0.952114, -0.305743, 0.000234, 0.0, -0.305743, 0.952114, 0.568633, -1.0, -0.0, 0.0, 0.122078, 0.0, 0.0, 0.0, 1.0],
                [-0.359742, -0.911507, -0.199352, -0.005142, 0.207922, -0.286598, 0.935216, 0.505061, -0.90959, 0.294987, 0.292624, 0.12768, 0.0, 0.0, 0.0, 1.0],
                [0.474399, -0.87313, -0.112208, -0.082576, -0.139723, -0.200531, 0.969672, 0.46149, -0.869151, -0.444333, -0.217128, 0.089032, 0.0, 0.0, 0.0, 1.0],
                [0.474399, -0.873129, -0.112208, -0.082576, -0.139723, -0.200531, 0.969672, 0.46149, -0.869151, -0.444333, -0.217128, 0.089032, 0.0, 0.0, 0.0, 1.0]
            ]
        },
        {
            "name": "Arm_L",
            "time": [0.0, 0.05, 0.0833, 0.1, 0.15, 0.2, 0.25, 0.3, 0.3333, 0.3667, 0.5],
            "transform": [
                [0.999395, 0.017287, -0.030174, -0.0, -0.027429, -0.141534, -0.989553, 0.39386, -0.021377, 0.989782, -0.140974, 0.0, 0.0, 0.0, 0.0, 1.0],
                [0.498376, -0.672576, 0.547049, 0.0, 0.535593, -0.257328, -0.804314, 0.39386, 0.681734, 0.693847, 0.231981, 0.0, 0.0, 0.0, 0.0, 1.0],
                [0.390015, -0.842268, 0.372119, 0.0, 0.678269, -0.010537, -0.734738, 0.39386, 0.622768, 0.538955, 0.567175, -0.0, 0.0, 0.0, 0.0, 1.0],
                [0.47715, -0.823927, 0.305733, -0.0, 0.682935, 0.12868, -0.719056, 0.39386, 0.553108, 0.551893, 0.624088, 0.0, 0.0, 0.0, 0.0, 1.0],
                [0.715254, -0.419947, 0.55862, 0.0, 0.412456, 0.898929, 0.147672, 0.39386, -0.564174, 0.124783, 0.816172, 0.0, 0.0, 0.0, 0.0, 1.0],
                [0.557591, -0.786833, 0.264549, 0.0, 0.100514, 0.38034, 0.919368, 0.39386, -0.824008, -0.48604, 0.291162, -0.0, 0.0, 0.0, 0.0, 1.0],
                [0.689221, -0.342423, 0.638531, 0.0, -0.318321, 0.648568, 0.691397, 0.39386, -0.650881, -0.679783, 0.338006, 0.0, 0.0, 0.0, 0.0, 1.0],
                [0.819945, -0.408486, 0.401035, -0.0, 0.270778, 0.894002, 0.356988, 0.39386, -0.504351, -0.184119, 0.843641, 0.0, 0.0, 0.0, 0.0, 1.0],
                [0.977125, -0.05992, 0.20405, 0.0, 0.135708, 0.914423, -0.381332, 0.393861, -0.163739, 0.4003, 0.901637, -0.0, 0.0, 0.0, 0.0, 1.0],
                [0.978096, 0.143206, -0.151064, 0.0, -0.189346, 0.310646, -0.931475, 0.39386, -0.086465, 0.939676, 0.330957, -0.0, 0.0, 0.0, 0.0, 1.0],
                [0.82504, -0.198248, 0.529157, -0.0, 0.561972, 0.189872, -0.805068, 0.39386, 0.059131, 0.961585, 0.268062, -0.0, 0.0, 0.0, 0.0, 1.0]
            ]
        },
        {
            "name": "Hand_L",
            "time": [0.0, 0.05, 0.0833, 0.1, 0.15, 0.2, 0.25, 0.3, 0.3333, 0.3667, 0.5],
            "transform": [
                [1.0, -0.0, 0.0, -0.0, 0.0, 0.999999, -0.000993, 0.300003, -0.0, 0.000993, 0.999999, -0.0, 0.0, 0.0, 0.0, 1.0],
                [1.0, 0.0, -0.0, -0.0, 0.0, 0.999999, -0.000999, 0.300002, -0.0, 0.000999, 0.999999, -0.0, 0.0, 0.0, 0.0, 1.0],
                [1.0, -0.0, 0.0, -0.0, 0.0, 0.999999, -0.000992, 0.300002, -0.0, 0.000992, 0.999999, -0.0, 0.0, 0.0, 0.0, 1.0],
                [1.0, -0.0, 0.0, 0.0, 0.0, 0.991616, -0.129216, 0.300003, -0.0, 0.129216, 0.991616, -0.0, 0.0, 0.0, 0.0, 1.0],
                [1.0, -2e-06, -1e-06, 0.0, 2e-06, 0.998755, -0.049879, 0.300003, 1e-06, 0.049879, 0.998755, -0.0, 0.0, 0.0, 0.0, 1.0],
                [1.0, -0.0, 0.0, 0.0, 0.0, 0.208, -0.978129, 0.300003, 0.0, 0.978129, 0.208, 0.0, 0.0, 0.0, 0.0, 1.0],
                [1.0, 0.0, -0.0, -0.0, -0.0, 0.632996, -0.774155, 0.300003, 0.0, 0.774155, 0.632996, 0.0, 0.0, 0.0, 0.0, 1.0],
                [1.0, 1e-06, -1e-06, 0.0, -1e-06, 0.571643, -0.820502, 0.300003, -1e-06, 0.820502, 0.571643, -0.0, 0.0, 0.0, 0.0, 1.0],
                [1.0, -1e-06, 0.0, -0.0, 1e-06, 0.774821, -0.63218, 0.300002, 0.0, 0.63218, 0.774821, 0.0, 0.0, 0.0, 0.0, 1.0],
                [1.0, 0.0, 0.0, -0.0, -0.0, 0.999999, -0.000999, 0.300002, -0.0, 0.000999, 0.999999, -0.0, 0.0, 0.0, 0.0, 1.0],
                [1.0, -1e-06, 0.0, -0.0, 1e-06, 0.979522, -0.201338, 0.300002, -0.0, 0.201338, 0.979522, -0.0, 0.0, 0.0, 0.0, 1.0]
            ]
        },
        {
            "name": "Tool_L",
            "time": [0.0, 0.5],
            "transform": [
                [1.0, -0.0, 0.0, -0.0, 0.0, -0.999559, -0.029689, 0.271711, 0.0, 0.029689, -0.99956, -0.028915, 0.0, 0.0, 0.0, 1.0],
                [1.0, -0.0, 0.0, 0.0, -0.0, -0.999559, -0.029689, 0.271711, 0.0, 0.029689, -0.99956, -0.028915, 0.0, 0.0, 0.0, 1.0]
            ]
        },
        {
            "name": "Elbow_L",
            "time": [0.0, 0.5],
            "transform": [
                [-1.0, 0.0, -0.0, -0.0, 0.0, 0.003946, -0.999992, 0.300008, -0.0, -0.999993, -0.003946, -0.001252, 0.0, 0.0, 0.0, 1.0],
                [-1.0, 0.0, -0.0, -0.0, 0.0, 0.003946, -0.999992, 0.318196, -0.0, -0.999993, -0.003946, -0.001181, 0.0, 0.0, 0.0, 1.0]
            ]
        }
    ]
}