{
    "animation": [
        {
            "name": "Coord",
            "time": [0.0, 0.3333, 0.7333],
            "transform": [
                [1.0, 0.0, 0.0, -5e-06, 0.0, 0.0, -1.0, -0.177204, 0.0, 1.0, 0.0, -0.000216, 0.0, 0.0, 0.0, 1.0],
                [1.0, 0.0, 0.0, -5e-06, 0.0, 0.0, -1.0, -0.739811, 0.0, 1.0, 0.0, -0.000216, 0.0, 0.0, 0.0, 1.0],
                [1.0, 0.0, 0.0, -5e-06, 0.0, 0.0, -1.0, -0.746395, 0.0, 1.0, 0.0, -0.000216, 0.0, 0.0, 0.0, 1.0]
            ]
        },
        {
            "name": "Root",
            "time": [0.0, 0.2, 0.3, 0.4333, 0.4833, 0.6, 0.7333],
            "transform": [
                [0.992088, -0.052518, -0.114033, -0.085643, 0.041365, 0.99432, -0.098061, 0.897291, 0.118535, 0.092569, 0.988626, -0.274564, 0.0, 0.0, 0.0, 1.0],
                [0.991741, 0.117813, 0.050684, -0.057095, -0.069935, 0.82803, -0.556306, 1.095669, -0.107508, 0.548167, 0.829431, -0.323227, 0.0, 0.0, 0.0, 1.0],
                [0.997715, 0.015563, 0.065754, 0.019576, -0.005853, 0.989361, -0.145361, 0.962311, -0.067316, 0.144644, 0.987191, -0.191366, 0.0, 0.0, 0.0, 1.0],
                [0.996869, -0.068864, 0.038868, 0.079654, 0.052685, 0.94495, 0.322947, 0.869653, -0.058968, -0.319888, 0.945619, 0.120543, 0.0, 0.0, 0.0, 1.0],
                [0.996869, -0.068298, 0.039853, 0.079654, 0.052685, 0.949491, 0.309339, 0.869653, -0.058968, -0.306271, 0.950116, 0.120543, 0.0, 0.0, 0.0, 1.0],
                [1.0, 0.0, -0.0, 0.0, -0.0, 0.999534, -0.030522, 0.879589, -0.0, 0.030522, 0.999534, -0.062293, 0.0, 0.0, 0.0, 1.0],
                [1.0, 0.0, 0.0, 0.0, 0.0, 1.0, 0.0, 0.860865, 0.0, 0.0, 1.0, -0.000944, 0.0, 0.0, 0.0, 1.0]
            ]
        },
        {
            "name": "Thigh_R",
            "time": [0.0, 0.2, 0.25, 0.3, 0.3667, 0.45, 0.5, 0.6333, 0.7333],
            "transform": [
                [0.999326, 0.020504, 0.030419, 0.124989, -0.008437, -0.678528, 0.734525, -0.002118, 0.035701, -0.734285, -0.6779, 0.000155, 0.0, 0.0, 0.0, 1.0],
                [0.994437, 0.081642, 0.066552, 0.124377, 0.027967, -0.81381, 0.580456, 0.00031, 0.10155, -0.575364, -0.811568, 0.010627, 0.0, 0.0, 0.0, 1.0],
                [0.994437, 0.081642, 0.066552, 0.124377, 0.027967, -0.81381, 0.580456, 0.00031, 0.10155, -0.575364, -0.811568, 0.010627, 0.0, 0.0, 0.0, 1.0],
                [0.99493, 0.097411, 0.024982, 0.124777, 0.065986, -0.819837, 0.568781, -2.8e-05, 0.075887, -0.564248, -0.82211, 0.003665, 0.0, 0.0, 0.0, 1.0],
                [0.994254, 0.106772, 0.007659, 0.125, 0.091036, -0.88102, 0.464234, -0.000706, 0.056315, -0.460868, -0.88568, -1.4e-05, 0.0, 0.0, 0.0, 1.0],
                [0.999727, 0.017481, 0.015474, 0.124994, 0.020526, -0.973936, -0.225883, -0.002831, 0.011122, 0.226139, -0.974032, -1.2e-05, 0.0, 0.0, 0.0, 1.0],
                [0.999728, 0.016543, 0.016449, 0.124994, 0.019947, -0.97179, -0.234995, -0.002831, 0.012097, 0.235259, -0.971858, -1.2e-05, 0.0, 0.0, 0.0, 1.0],
                [0.999734, 0.018679, 0.013478, 0.124994, 0.016997, -0.993142, 0.115659, -0.002831, 0.015546, -0.115399, -0.993198, -1.2e-05, 0.0, 0.0, 0.0, 1.0],
                [0.999727, 0.019055, 0.013488, 0.124994, 0.018249, -0.998174, 0.057552, -0.002831, 0.01456, -0.05729, -0.998252, -1.2e-05, 0.0, 0.0, 0.0, 1.0]
            ]
        },
        {
            "name": "Leg_R",
            "time": [0.0, 0.2, 0.25, 0.3333, 0.4167, 0.45, 0.5, 0.5667, 0.6333, 0.7333],
            "transform": [
                [1.0, -0.0, 1e-06, 0.0, -0.0, 0.83549, 0.549506, 0.374726, -1e-06, -0.549507, 0.835489, 0.0, 0.0, 0.0, 0.0, 1.0],
                [1.0, -1e-06, 0.0, -0.0, -0.0, 0.06339, 0.997988, 0.374726, -1e-06, -0.997989, 0.06339, 0.0, 0.0, 0.0, 0.0, 1.0],
                [1.0, -1e-06, 1e-06, 0.0, -0.0, 0.626348, 0.779543, 0.374726, -1e-06, -0.779544, 0.626348, 0.0, 0.0, 0.0, 0.0, 1.0],
                [1.0, -0.0, 1e-06, 0.0, -0.0, 0.864959, 0.501843, 0.374726, -1e-06, -0.501844, 0.864958, -0.0, 0.0, 0.0, 0.0, 1.0],
                [1.0, -0.0, 1e-06, 0.0, -0.0, 0.946738, 0.322006, 0.374726, -1e-06, -0.322006, 0.946737, -0.0, 0.0, 0.0, 0.0, 1.0],
                [1.0, -0.0, 1e-06, 0.0, -0.0, 0.871604, 0.490211, 0.374726, -1e-06, -0.490212, 0.871603, 0.0, 0.0, 0.0, 0.0, 1.0],
                [1.0, -1e-06, 1e-06, -0.0, -0.0, 0.816523, 0.577314, 0.374726, -1e-06, -0.577315, 0.816521, -0.0, 0.0, 0.0, 0.0, 1.0],
                [1.0, -0.0, 1e-06, 0.0, -0.0, 0.914454, 0.404691, 0.374726, -1e-06, -0.404692, 0.914453, -0.0, 0.0, 0.0, 0.0, 1.0],
                [1.0, -0.0, 1e-06, 0.0, -0.0, 0.997506, 0.07059, 0.374726, -1e-06, -0.07059, 0.997505, -0.0, 0.0, 0.0, 0.0, 1.0],
                [1.0, -0.0, 1e-06, -0.0, -0.0, 0.989772, 0.142662, 0.374726, -1e-06, -0.142663, 0.989771, -0.0, 0.0, 0.0, 0.0, 1.0]
            ]
        },
        {
            "name": "Knee_R",
            "time": [0.0, 0.7333],
            "transform": [
                [1.0, 0.0, -0.0, 0.0, -0.0, 0.00567, -0.999984, 0.379646, -0.0, 0.999984, 0.00567, -2.8e-05, 0.0, 0.0, 0.0, 1.0],
                [1.0, 0.0, -0.0, -0.0, -0.0, 0.00567, -0.999984, 0.374726, -0.0, 0.999984, 0.00567, 0.0, 0.0, 0.0, 0.0, 1.0]
            ]
        },
        {
            "name": "Thigh_L",
            "time": [0.0, 0.2, 0.25, 0.3, 0.3667, 0.45, 0.5, 0.6333, 0.7333],
            "transform": [
                [0.998629, -0.052174, -0.004078, -0.124958, -0.044026, -0.87968, 0.473523, -0.000859, -0.028293, -0.472694, -0.880772, -0.000975, 0.0, 0.0, 0.0, 1.0],
                [0.993876, 0.016402, 0.109271, -0.123936, -0.078832, -0.587698, 0.80523, 0.004611, 0.077426, -0.808913, -0.582806, -0.016849, 0.0, 0.0, 0.0, 1.0],
                [0.993876, 0.016402, 0.109271, -0.123936, -0.078832, -0.587698, 0.80523, 0.004611, 0.077426, -0.808913, -0.582806, -0.016849, 0.0, 0.0, 0.0, 1.0],
                [0.998744, -0.033957, 0.036823, -0.124502, -0.049368, -0.791649, 0.608978, 0.001308, 0.008472, -0.610031, -0.792332, -0.007442, 0.0, 0.0, 0.0, 1.0],
                [0.997997, -0.056417, -0.028601, -0.124911, -0.043869, -0.943114, 0.329562, -0.00142, -0.045567, -0.327647, -0.9437, -0.000582, 0.0, 0.0, 0.0, 1.0],
                [0.999676, -0.007616, -0.024281, -0.125006, -0.015495, -0.93906, -0.343401, -0.002831, -0.020185, 0.343666, -0.938875, -1.2e-05, 0.0, 0.0, 0.0, 1.0],
                [0.999672, -0.00737, -0.024503, -0.125006, -0.014498, -0.952213, -0.305089, -0.002831, -0.021084, 0.305345, -0.952008, -1.2e-05, 0.0, 0.0, 0.0, 1.0],
                [0.999676, -0.013634, -0.021488, -0.125006, -0.009713, -0.984873, 0.173001, -0.002831, -0.023522, -0.172736, -0.984687, -1.2e-05, 0.0, 0.0, 0.0, 1.0],
                [0.999676, -0.012828, -0.021977, -0.125006, -0.011701, -0.998647, 0.050656, -0.002831, -0.022597, -0.050383, -0.998474, -1.2e-05, 0.0, 0.0, 0.0, 1.0]
            ]
        },
        {
            "name": "Leg_L",
            "time": [0.0, 0.2, 0.25, 0.3333, 0.4167, 0.45, 0.5, 0.5667, 0.6333, 0.7333],
            "transform": [
                [1.0, -0.0, 1e-06, -0.0, -0.0, 0.89489, 0.446286, 0.374726, -1e-06, -0.446286, 0.894891, 0.0, 0.0, 0.0, 0.0, 1.0],
                [1.0, -1e-06, 0.0, 0.0, -0.0, -0.227209, 0.973846, 0.374726, -1e-06, -0.973846, -0.227209, -0.0, 0.0, 0.0, 0.0, 1.0],
                [1.0, -1e-06, 1e-06, 0.0, -0.0, 0.418122, 0.908391, 0.374726, -1e-06, -0.90839, 0.418122, 0.0, 0.0, 0.0, 0.0, 1.0],
                [1.0, -1e-06, 1e-06, 0.0, -0.0, 0.788638, 0.614858, 0.374726, -1e-06, -0.614857, 0.788638, 0.0, 0.0, 0.0, 0.0, 1.0],
                [1.0, -0.0, 1e-06, 0.0, -0.0, 0.941599, 0.336737, 0.374726, -1e-06, -0.336736, 0.941599, -0.0, 0.0, 0.0, 0.0, 1.0],
                [1.0, -0.0, 1e-06, 0.0, -0.0, 0.885947, 0.463787, 0.374726, -1e-06, -0.463786, 0.885947, 0.0, 0.0, 0.0, 0.0, 1.0],
                [1.0, -0.0, 1e-06, 0.0, -0.0, 0.833507, 0.552508, 0.374726, -1e-06, -0.552508, 0.833508, -0.0, 0.0, 0.0, 0.0, 1.0],
                [1.0, -0.0, 1e-06, 0.0, -0.0, 0.926204, 0.377023, 0.374726, -1e-06, -0.377022, 0.926205, -0.0, 0.0, 0.0, 0.0, 1.0],
                [1.0, -0.0, 1e-06, -0.0, -0.0, 0.999176, 0.040579, 0.374726, -1e-06, -0.040579, 0.999177, -0.0, 0.0, 0.0, 0.0, 1.0],
                [1.0, -0.0, 1e-06, -0.0, -0.0, 0.993612, 0.112847, 0.374726, -1e-06, -0.112847, 0.993613, 0.0, 0.0, 0.0, 0.0, 1.0]
            ]
        },
        {
            "name": "Knee_L",
            "time": [0.0, 0.7333],
            "transform": [
                [1.0, 0.0, -0.0, -0.0, -0.0, 0.00567, -0.999984, 0.374726, -0.0, 0.999984, 0.00567, 0.0, 0.0, 0.0, 0.0, 1.0],
                [1.0, 0.0, -0.0, 0.0, -0.0, 0.00567, -0.999984, 0.374726, -0.0, 0.999984, 0.00567, 0.0, 0.0, 0.0, 0.0, 1.0]
            ]
        },
        {
            "name": "Torso",
            "time": [0.0, 0.4333, 0.7333],
            "transform": [
                [1.0, -0.0, -0.0, 0.0, 0.0, 1.0, -0.0, 0.05, -0.0, -0.0, 1.0, -0.0, 0.0, 0.0, 0.0, 1.0],
                [1.0, 0.0, -0.0, -0.0, 0.0, 1.0, -0.0, 0.05, -0.0, 0.0, 1.0, 0.0, 0.0, 0.0, 0.0, 1.0],
                [1.0, 0.0, 0.0, 0.0, 0.0, 1.0, 0.0, 0.05, 0.0, 0.0, 1.0, 0.0, 0.0, 0.0, 0.0, 1.0]
            ]
        },
        {
            "name": "Chest",
            "time": [0.0, 0.2, 0.3, 0.4333, 0.4833, 0.6, 0.7333],
            "transform": [
                [1.0, 0.0, -0.0, -0.0, -0.0, 0.995881, 0.090673, 0.3, -0.0, -0.090673, 0.995881, 0.0, 0.0, 0.0, 0.0, 1.0],
                [0.99999, -0.000456, 0.004512, 0.0, -0.001063, 0.943613, 0.33105, 0.3, -0.004409, -0.331051, 0.943603, -0.0, 0.0, 0.0, 0.0, 1.0],
                [0.999836, -0.017379, 0.005177, 0.0, 0.017746, 0.996445, -0.082361, 0.3, -0.003727, 0.082439, 0.996589, -0.0, 0.0, 0.0, 0.0, 1.0],
                [0.998679, -0.005603, -0.051083, 0.0, -0.00342, 0.984589, -0.174851, 0.3, 0.051275, 0.174794, 0.983269, 0.0, 0.0, 0.0, 0.0, 1.0],
                [0.999352, -0.004512, -0.035708, 0.0, -0.001831, 0.984455, -0.175624, 0.3, 0.035945, 0.175576, 0.983809, -0.0, 0.0, 0.0, 0.0, 1.0],
                [1.0, 0.0, -0.0, -0.0, -0.0, 0.997469, -0.071105, 0.3, -0.0, 0.071105, 0.997469, -0.0, 0.0, 0.0, 0.0, 1.0],
                [1.0, 0.0, 0.0, 0.0, 0.0, 0.998338, -0.057631, 0.3, 0.0, 0.057631, 0.998338, 0.0, 0.0, 0.0, 0.0, 1.0]
            ]
        },
        {
            "name": "Head",
            "time": [0.0, 0.15, 0.3333, 0.4333, 0.4833, 0.55, 0.6667, 0.7333],
            "transform": [
                [0.997921, 0.001096, 0.064442, -0.0, 0.007359, 0.991377, -0.130831, 0.327693, -0.06403, 0.131033, 0.989308, 0.004174, 0.0, 0.0, 0.0, 1.0],
                [0.998936, 0.003605, -0.045973, 0.0, 0.009928, 0.956746, 0.290754, 0.327693, 0.045033, -0.290901, 0.955693, 0.004174, 0.0, 0.0, 0.0, 1.0],
                [0.999612, 0.003591, -0.027609, 0.0, -0.005328, 0.997994, -0.063087, 0.327693, 0.027327, 0.06321, 0.997626, 0.004174, 0.0, 0.0, 0.0, 1.0],
                [0.99575, 0.090762, 0.015613, 0.0, -0.090531, 0.995782, -0.014937, 0.327693, -0.016903, 0.01346, 0.999766, 0.004174, 0.0, 0.0, 0.0, 1.0],
                [0.998567, 0.053129, 0.006478, 0.0, -0.053441, 0.996381, 0.066105, 0.327694, -0.002943, -0.066357, 0.997792, 0.004174, 0.0, 0.0, 0.0, 1.0],
                [0.999958, 0.003174, -0.00858, -0.0, -0.001857, 0.98878, 0.149368, 0.327693, 0.008958, -0.149345, 0.988744, 0.004174, 0.0, 0.0, 0.0, 1.0],
                [0.999995, 0.001071, -0.003149, 0.0, -0.00083, 0.997144, 0.075524, 0.327693, 0.003221, -0.075521, 0.997139, 0.004174, 0.0, 0.0, 0.0, 1.0],
                [1.0, 0.0, 0.0, 0.0, 0.0, 0.99817, 0.060477, 0.327693, 0.0, -0.060477, 0.99817, 0.004174, 0.0, 0.0, 0.0, 1.0]
            ]
        },
        {
            "name": "Shoulder_R",
            "time": [0.0, 0.15, 0.3333, 0.4333, 0.7333],
            "transform": [
                [0.0, 0.952114, 0.305743, -0.065047, 0.0, -0.305743, 0.952114, 0.604223, 1.0, 0.0, -0.0, 0.045624, 0.0, 0.0, 0.0, 1.0],
                [0.0, 0.952114, 0.305743, -0.086172, 0.0, -0.305743, 0.952114, 0.646978, 1.0, -0.0, -0.0, -0.180104, 0.0, 0.0, 0.0, 1.0],
                [0.0, 0.952114, 0.305743, -0.056658, 0.0, -0.305743, 0.952114, 0.670043, 1.0, 0.0, -0.0, -0.023156, 0.0, 0.0, 0.0, 1.0],
                [0.0, 0.952114, 0.305743, -0.065047, -0.0, -0.305743, 0.952114, 0.604223, 1.0, -0.0, -0.0, 0.045624, 0.0, 0.0, 0.0, 1.0],
                [0.0, 0.952114, 0.305743, -0.065047, 0.0, -0.305743, 0.952114, 0.604223, 1.0, -0.0, -0.0, 0.045624, 0.0, 0.0, 0.0, 1.0]
            ]
        },
        {
            "name": "Arm_R",
            "time": [0.0, 0.15, 0.25, 0.3333, 0.4167, 0.4833, 0.6, 0.7333],
            "transform": [
                [0.95739, -0.087137, 0.275339, 0.0, 0.230453, -0.344098, -0.910213, 0.39386, 0.174057, 0.934882, -0.309355, -0.0, 0.0, 0.0, 0.0, 1.0],
                [0.830831, -0.554565, -0.046656, -0.0, -0.345525, -0.448297, -0.824404, 0.39386, 0.43627, 0.701062, -0.564075, 0.0, 0.0, 0.0, 0.0, 1.0],
                [0.712648, -0.666528, -0.218798, 0.0, -0.315928, -0.026457, -0.948414, 0.393861, 0.626356, 0.74501, -0.22943, 0.0, 0.0, 0.0, 0.0, 1.0],
                [0.383675, -0.919572, 0.084735, 0.0, 0.491435, 0.125631, -0.861805, 0.393861, 0.781847, 0.372295, 0.500112, -0.0, 0.0, 0.0, 0.0, 1.0],
                [0.974926, -0.156776, 0.15793, -0.0, 0.115185, -0.251706, -0.960925, 0.39386, 0.190402, 0.955022, -0.227336, -0.0, 0.0, 0.0, 0.0, 1.0],
                [0.964448, 0.135575, -0.226847, -0.0, -0.065537, -0.70887, -0.702288, 0.39386, -0.256018, 0.692187, -0.674783, 0.0, 0.0, 0.0, 0.0, 1.0],
                [0.988335, -0.143837, 0.050043, 0.0, -0.071802, -0.729882, -0.679792, 0.39386, 0.134305, 0.66827, -0.731696, 0.0, 0.0, 0.0, 0.0, 1.0],
                [0.988304, -0.149163, 0.031724, 0.0, -0.086816, -0.72135, -0.687108, 0.39386, 0.125375, 0.676317, -0.725863, -0.0, 0.0, 0.0, 0.0, 1.0]
            ]
        },
        {
            "name": "Hand_R",
            "time": [0.0, 0.15, 0.25, 0.3333, 0.4167, 0.4833, 0.6, 0.7333],
            "transform": [
                [1.0, -3e-06, 1e-06, -0.0, 3e-06, 0.7571, -0.653299, 0.300002, 1e-06, 0.653299, 0.7571, -0.0, 0.0, 0.0, 0.0, 1.0],
                [1.0, -4e-06, 3e-06, -0.0, 5e-06, 0.527822, -0.849355, 0.300003, 2e-06, 0.849355, 0.527822, -0.0, 0.0, 0.0, 0.0, 1.0],
                [1.0, -2e-06, 2e-06, -0.0, 3e-06, 0.319257, -0.947668, 0.300003, 1e-06, 0.947668, 0.319257, -0.0, 0.0, 0.0, 0.0, 1.0],
                [1.0, -3e-06, 3e-06, 0.0, 3e-06, 0.116753, -0.993161, 0.300003, 3e-06, 0.993161, 0.116753, 0.0, 0.0, 0.0, 0.0, 1.0],
                [1.0, -1e-06, 1e-06, 0.0, 1e-06, 0.731018, -0.682358, 0.300002, 0.0, 0.682358, 0.731018, 0.0, 0.0, 0.0, 0.0, 1.0],
                [1.0, -0.0, 0.0, -0.0, 0.0, 1.0, -0.001002, 0.300003, -0.0, 0.001002, 1.0, -0.0, 0.0, 0.0, 0.0, 1.0],
                [1.0, -0.0, 0.0, -0.0, 0.0, 1.0, -0.001001, 0.300003, -0.0, 0.001001, 1.0, 0.0, 0.0, 0.0, 0.0, 1.0],
                [1.0, -0.0, 0.0, 0.0, 0.0, 1.0, -0.001002, 0.300003, -0.0, 0.001002, 1.0, 0.0, 0.0, 0.0, 0.0, 1.0]
            ]
        },
        {
            "name": "Tool_R",
            "time": [0.0, 0.7333],
            "transform": [
                [1.0, -0.0, 0.0, -0.0, 0.0, -0.999559, -0.029689, 0.271711, 0.0, 0.029689, -0.99956, -0.028915, 0.0, 0.0, 0.0, 1.0],
                [1.0, -0.0, 0.0, -0.0, 0.0, -0.999559, -0.029689, 0.271711, 0.0, 0.029689, -0.99956, -0.028915, 0.0, 0.0, 0.0, 1.0]
            ]
        },
        {
            "name": "Elbow_R",
            "time": [0.0, 0.7333],
            "transform": [
                [-1.0, 0.0, -0.0, 0.0, 0.0, 0.003946, -0.999992, 0.365914, -0.0, -0.999992, -0.003946, -0.000992, 0.0, 0.0, 0.0, 1.0],
                [-1.0, 0.0, -0.0, 0.0, 0.0, 0.003946, -0.999992, 0.300008, -0.0, -0.999992, -0.003946, -0.001252, 0.0, 0.0, 0.0, 1.0]
            ]
        },
        {
            "name": "Shoulder_L",
            "time": [0.0, 0.15, 0.4333, 0.7333],
            "transform": [
                [0.287482, -0.907676, -0.305743, 0.006092, 0.092316, -0.291473, 0.952114, 0.537984, -0.953327, -0.30194, 0.0, 0.129946, 0.0, 0.0, 0.0, 1.0],
                [0.260451, -0.958396, 0.116798, 0.035237, -0.062798, 0.103901, 0.992603, 0.46612, -0.963442, -0.26586, -0.033124, 0.108081, 0.0, 0.0, 0.0, 1.0],
                [-0.0, -0.952114, -0.305743, 0.074089, 0.0, -0.305743, 0.952114, 0.632142, -1.0, -0.0, 0.0, 0.12451, 0.0, 0.0, 0.0, 1.0],
                [-0.0, -0.952114, -0.305743, 0.074089, 0.0, -0.305743, 0.952114, 0.632142, -1.0, 0.0, 0.0, 0.12451, 0.0, 0.0, 0.0, 1.0]
            ]
        },
        {
            "name": "Arm_L",
            "time": [0.0, 0.0833, 0.15, 0.25, 0.3, 0.4333, 0.6, 0.7333],
            "transform": [
                [0.9104, 0.243852, 0.334228, 0.0, 0.406095, -0.681162, -0.609184, 0.39386, 0.079113, 0.690329, -0.719157, 0.0, 0.0, 0.0, 0.0, 1.0],
                [0.990799, 0.0752, 0.112527, 0.0, 0.134014, -0.661276, -0.738074, 0.39386, 0.018909, 0.746363, -0.66527, -0.0, 0.0, 0.0, 0.0, 1.0],
                [0.992366, -0.119951, -0.028677, 0.0, -0.069315, -0.350125, -0.934135, 0.39386, 0.10201, 0.92899, -0.355767, -0.0, 0.0, 0.0, 0.0, 1.0],
                [0.977224, 0.209389, -0.034475, 0.0, 0.01771, -0.242363, -0.970024, 0.39386, -0.211468, 0.94732, -0.240552, 0.0, 0.0, 0.0, 0.0, 1.0],
                [0.911861, 0.324684, -0.251177, 0.0, 0.008277, -0.626299, -0.779539, 0.39386, -0.410416, 0.708751, -0.573785, 0.0, 0.0, 0.0, 0.0, 1.0],
                [0.996713, 0.080673, 0.007376, -0.0, 0.06575, -0.752401, -0.655416, 0.39386, -0.047325, 0.653747, -0.755232, 0.0, 0.0, 0.0, 0.0, 1.0],
                [0.91143, 0.411368, -0.008444, 0.0, 0.302593, -0.684052, -0.663709, 0.39386, -0.278804, 0.602369, -0.747943, 0.0, 0.0, 0.0, 0.0, 1.0],
                [0.906253, 0.422227, 0.020718, 0.0, 0.32399, -0.66225, -0.675615, 0.39386, -0.271542, 0.61899, -0.736964, -0.0, 0.0, 0.0, 0.0, 1.0]
            ]
        },
        {
            "name": "Hand_L",
            "time": [0.0, 0.0833, 0.15, 0.25, 0.3, 0.4333, 0.6, 0.7333],
            "transform": [
                [1.0, 0.0, 0.0, -0.0, 0.0, 0.999999, -0.000999, 0.300003, -0.0, 0.000998, 0.999999, -0.0, 0.0, 0.0, 0.0, 1.0],
                [1.0, -0.0, 0.0, -0.0, 0.0, 0.999999, -0.000992, 0.300003, -0.0, 0.000992, 0.999999, -0.0, 0.0, 0.0, 0.0, 1.0],
                [1.0, 4e-06, -1e-06, 0.0, -4e-06, 0.820506, -0.571638, 0.300003, -1e-06, 0.571638, 0.820506, 0.0, 0.0, 0.0, 0.0, 1.0],
                [1.0, -1e-06, 1e-06, -0.0, 1e-06, 0.649927, -0.759996, 0.300003, 1e-06, 0.759996, 0.649927, -0.0, 0.0, 0.0, 0.0, 1.0],
                [1.0, 0.0, 0.0, -0.0, -0.0, 0.999999, -0.000992, 0.300002, 0.0, 0.000992, 0.999999, -0.0, 0.0, 0.0, 0.0, 1.0],
                [1.0, 0.0, 0.0, 0.0, -0.0, 0.999999, -0.000999, 0.300003, -0.0, 0.000999, 0.999999, -0.0, 0.0, 0.0, 0.0, 1.0],
                [1.0, 0.0, 0.0, -0.0, -0.0, 0.999999, -0.001001, 0.300003, -0.0, 0.001001, 0.999999, 0.0, 0.0, 0.0, 0.0, 1.0],
                [1.0, -0.0, 0.0, -0.0, 0.0, 0.999999, -0.001003, 0.300003, -0.0, 0.001003, 1.0, -0.0, 0.0, 0.0, 0.0, 1.0]
            ]
        },
        {
            "name": "Tool_L",
            "time": [0.0, 0.7333],
            "transform": [
                [1.0, -0.0, 0.0, 0.0, -0.0, -0.999559, -0.029689, 0.271711, 0.0, 0.029689, -0.99956, -0.028915, 0.0, 0.0, 0.0, 1.0],
                [1.0, -0.0, 0.0, -0.0, -0.0, -0.999559, -0.029689, 0.271711, 0.0, 0.029689, -0.99956, -0.028915, 0.0, 0.0, 0.0, 1.0]
            ]
        },
        {
            "name": "Elbow_L",
            "time": [0.0, 0.7333],
            "transform": [
                [-1.0, 0.0, -0.0, -0.0, 0.0, 0.003946, -0.999992, 0.300008, -0.0, -0.999993, -0.003946, -0.001252, 0.0, 0.0, 0.0, 1.0],
                [-1.0, 0.0, -0.0, 0.0, 0.0, 0.003946, -0.999992, 0.300008, -0.0, -0.999993, -0.003946, -0.001252, 0.0, 0.0, 0.0, 1.0]
            ]
        }
    ]
}