{
    "animation": [
        {
            "name": "Coord",
            "time": [0.0, 0.1833, 0.65],
            "transform": [
                [1.0, 0.0, 0.0, 0.138438, 0.0, 0.0, -1.0, 2e-06, 0.0, 1.0, 0.0, -0.000216, 0.0, 0.0, 0.0, 1.0],
                [1.0, 0.0, 0.0, 0.44301, 0.0, 0.0, -1.0, 2e-06, 0.0, 1.0, 0.0, -0.000216, 0.0, 0.0, 0.0, 1.0],
                [1.0, 0.0, 0.0, 0.44301, 0.0, 0.0, -1.0, 2e-06, 0.0, 1.0, 0.0, -0.000216, 0.0, 0.0, 0.0, 1.0]
            ]
        },
        {
            "name": "Root",
            "time": [0.0, 0.1167, 0.25, 0.3167, 0.5, 0.65],
            "transform": [
                [0.988794, 0.081366, 0.125164, 0.074938, -0.077666, 0.996394, -0.034174, 0.914063, -0.127493, 0.02407, 0.991547, -0.000944, 0.0, 0.0, 0.0, 1.0],
                [0.972874, 0.193734, 0.126423, 0.06076, -0.189024, 0.980781, -0.048362, 0.935928, -0.133362, 0.023153, 0.990797, -0.013791, 0.0, 0.0, 0.0, 1.0],
                [0.989015, -0.113414, 0.094797, -0.004177, 0.117531, 0.992302, -0.039021, 0.886274, -0.089641, 0.049734, 0.994732, -0.026637, 0.0, 0.0, 0.0, 1.0],
                [0.972579, -0.226257, 0.053833, 0.095203, 0.22755, 0.973578, -0.019158, 0.839574, -0.048076, 0.030882, 0.998366, -0.015218, 0.0, 0.0, 0.0, 1.0],
                [0.999576, -0.029105, 0.0, 0.060882, 0.029105, 0.999576, 0.0, 0.775892, 0.0, 0.0, 1.0, -0.000944, 0.0, 0.0, 0.0, 1.0],
                [1.0, 0.0, 0.0, 0.0, 0.0, 1.0, 0.0, 0.764187, 0.0, 0.0, 1.0, -0.000944, 0.0, 0.0, 0.0, 1.0]
            ]
        },
        {
            "name": "Thigh_R",
            "time": [0.0, 0.05, 0.1167, 0.25, 0.3167, 0.3667, 0.5, 0.65],
            "transform": [
                [0.995075, 0.000876, 0.099115, 0.124576, -0.00631, -0.997372, 0.072166, -0.006931, 0.098918, -0.072436, -0.992456, 0.005425, 0.0, 0.0, 0.0, 1.0],
                [0.986748, 0.033863, 0.158683, 0.124717, 0.011436, -0.990061, 0.140166, -0.002389, 0.161852, -0.136494, -0.97733, 0.00207, 0.0, 0.0, 0.0, 1.0],
                [0.966853, 0.027503, 0.253847, 0.12483, -0.002691, -0.993028, 0.117839, -0.002751, 0.255318, -0.114616, -0.96004, -0.000853, 0.0, 0.0, 0.0, 1.0],
                [0.887998, 0.160497, 0.43093, 0.124817, 0.130601, -0.986548, 0.098311, 0.001618, 0.440911, -0.03102, -0.897015, -0.001116, 0.0, 0.0, 0.0, 1.0],
                [0.909642, 0.222302, 0.350902, 0.124755, 0.219319, -0.974432, 0.048778, 0.00397, 0.352773, 0.032589, -0.935142, -0.002607, 0.0, 0.0, 0.0, 1.0],
                [0.909642, 0.222302, 0.350902, 0.124755, 0.219319, -0.974432, 0.048778, 0.00397, 0.352773, 0.032589, -0.935142, -0.002607, 0.0, 0.0, 0.0, 1.0],
                [0.978889, 0.150086, 0.138743, 0.124959, 0.14221, -0.987693, 0.065093, -0.002274, 0.146805, -0.043988, -0.988187, -0.000319, 0.0, 0.0, 0.0, 1.0],
                [0.999779, 0.018011, 0.010754, 0.124994, 0.018191, -0.999691, -0.016888, -0.002831, 0.010447, 0.01708, -0.9998, -1.2e-05, 0.0, 0.0, 0.0, 1.0]
            ]
        },
        {
            "name": "Leg_R",
            "time": [0.0, 0.1167, 0.25, 0.3167, 0.3667, 0.5, 0.65],
            "transform": [
                [1.000001, -0.0, 1e-06, 0.0, -0.0, 0.986996, 0.160781, 0.374726, -1e-06, -0.160783, 0.986984, -0.0, 0.0, 0.0, 0.0, 1.0],
                [1.000001, -0.0, 1e-06, -0.0, -0.0, 0.949801, 0.312872, 0.374726, -1e-06, -0.312876, 0.949789, -0.0, 0.0, 0.0, 0.0, 1.0],
                [1.000001, -0.0, 1e-06, 0.0, -0.0, 0.945235, 0.326407, 0.374726, -1e-06, -0.326411, 0.945223, 0.0, 0.0, 0.0, 0.0, 1.0],
                [1.000001, -0.0, 1e-06, -0.0, -0.0, 0.892563, 0.450932, 0.374726, -1e-06, -0.450938, 0.892551, -0.0, 0.0, 0.0, 0.0, 1.0],
                [1.000001, -0.0, 1e-06, 0.0, -0.0, 0.874061, 0.485822, 0.374726, -1e-06, -0.485829, 0.87405, 0.0, 0.0, 0.0, 0.0, 1.0],
                [1.000001, -0.0, 1e-06, 0.0, -0.0, 0.989441, 0.144978, 0.374726, -1e-06, -0.14498, 0.989428, 0.0, 0.0, 0.0, 0.0, 1.0],
                [1.000001, -0.0, 1e-06, 0.0, -0.0, 0.999995, 0.00468, 0.374726, -1e-06, -0.00468, 0.999983, -0.0, 0.0, 0.0, 0.0, 1.0]
            ]
        },
        {
            "name": "Knee_R",
            "time": [0.0, 0.65],
            "transform": [
                [1.0, 0.0, -0.0, 0.0, -0.0, 0.00567, -0.999984, 0.374726, -0.0, 0.999984, 0.00567, 0.0, 0.0, 0.0, 0.0, 1.0],
                [1.0, 0.0, -0.0, 0.0, -0.0, 0.00567, -0.999984, 0.374726, -0.0, 0.999984, 0.00567, 0.0, 0.0, 0.0, 0.0, 1.0]
            ]
        },
        {
            "name": "Thigh_L",
            "time": [0.0, 0.05, 0.1167, 0.25, 0.3167, 0.3667, 0.5, 0.65],
            "transform": [
                [0.99633, -0.069046, 0.050583, -0.124733, -0.072744, -0.994502, 0.075324, 0.005264, 0.045104, -0.078727, -0.995876, -0.0065, 0.0, 0.0, 0.0, 1.0],
                [0.998142, -0.029192, 0.053478, -0.124883, -0.036871, -0.988187, 0.148753, 0.001004, 0.048504, -0.150449, -0.987428, -0.003231, 0.0, 0.0, 0.0, 1.0],
                [0.996901, -0.027446, 0.073719, -0.125007, -0.037557, -0.989511, 0.139493, 0.001741, 0.069118, -0.141829, -0.987476, -0.000422, 0.0, 0.0, 0.0, 1.0],
                [0.988294, 0.089806, 0.123329, -0.125018, 0.074451, -0.989496, 0.123918, -0.001877, 0.133162, -0.113285, -0.984599, -0.000387, 0.0, 0.0, 0.0, 1.0],
                [0.988467, 0.121731, 0.090078, -0.124916, 0.111927, -0.987952, 0.106885, -0.005264, 0.102004, -0.09557, -0.990183, 0.001353, 0.0, 0.0, 0.0, 1.0],
                [0.988467, 0.121731, 0.090078, -0.124916, 0.111927, -0.987952, 0.106885, -0.005264, 0.102004, -0.09557, -0.990183, 0.001353, 0.0, 0.0, 0.0, 1.0],
                [0.993807, 0.037038, 0.104762, -0.124998, 0.029404, -0.996862, 0.073493, -0.002125, 0.107155, -0.069958, -0.991779, -0.000185, 0.0, 0.0, 0.0, 1.0],
                [0.999702, -0.011581, -0.021468, -0.125006, -0.011742, -0.999904, -0.007385, -0.002831, -0.02138, 0.007635, -0.999743, -1.2e-05, 0.0, 0.0, 0.0, 1.0]
            ]
        },
        {
            "name": "Leg_L",
            "time": [0.0, 0.1167, 0.25, 0.3167, 0.3667, 0.5, 0.65],
            "transform": [
                [1.0, -0.0, 1e-06, -0.0, -0.0, 0.98342, 0.181349, 0.374726, -1e-06, -0.18135, 0.983413, -0.0, 0.0, 0.0, 0.0, 1.0],
                [1.0, -0.0, 1e-06, -0.0, -0.0, 0.917216, 0.398392, 0.374726, -1e-06, -0.398395, 0.917209, -0.0, 0.0, 0.0, 0.0, 1.0],
                [1.0, -0.0, 1e-06, 0.0, -0.0, 0.977745, 0.209806, 0.374726, -1e-06, -0.209808, 0.977737, 0.0, 0.0, 0.0, 0.0, 1.0],
                [1.0, -0.0, 1e-06, 0.0, -0.0, 0.906035, 0.423203, 0.374726, -1e-06, -0.423207, 0.906028, 0.0, 0.0, 0.0, 0.0, 1.0],
                [1.0, -0.0, 1e-06, -0.0, -0.0, 0.906523, 0.422158, 0.374726, -1e-06, -0.422162, 0.906516, -0.0, 0.0, 0.0, 0.0, 1.0],
                [1.0, -0.0, 1e-06, -0.0, -0.0, 0.994892, 0.100966, 0.374726, -1e-06, -0.100967, 0.994884, -0.0, 0.0, 0.0, 0.0, 1.0],
                [1.0, -0.0, 1e-06, -0.0, -0.0, 0.999991, 0.004681, 0.374726, -1e-06, -0.004681, 0.999983, 0.0, 0.0, 0.0, 0.0, 1.0]
            ]
        },
        {
            "name": "Knee_L",
            "time": [0.0, 0.65],
            "transform": [
                [1.0, 0.0, -0.0, -0.0, -0.0, 0.00567, -0.999984, 0.374726, -0.0, 0.999984, 0.00567, 0.0, 0.0, 0.0, 0.0, 1.0],
                [1.0, 0.0, -0.0, 0.0, -0.0, 0.00567, -0.999984, 0.374726, -0.0, 0.999984, 0.00567, 0.0, 0.0, 0.0, 0.0, 1.0]
            ]
        },
        {
            "name": "Torso",
            "time": [0.0, 0.3167, 0.65],
            "transform": [
                [1.0, -0.0, -0.0, -0.0, 0.0, 1.0, 0.0, 0.05, 0.0, -0.0, 1.0, -0.0, 0.0, 0.0, 0.0, 1.0],
                [1.0, -0.0, -0.0, -0.0, 0.0, 1.0, 0.0, 0.05, -0.0, -0.0, 1.0, 0.0, 0.0, 0.0, 0.0, 1.0],
                [1.0, 0.0, 0.0, 0.0, 0.0, 1.0, 0.0, 0.05, 0.0, 0.0, 1.0, 0.0, 0.0, 0.0, 0.0, 1.0]
            ]
        },
        {
            "name": "Chest",
            "time": [0.0, 0.05, 0.1167, 0.25, 0.3167, 0.5, 0.65],
            "transform": [
                [0.994144, -0.107997, -0.003824, -0.0, 0.107928, 0.994042, -0.015196, 0.3, 0.005442, 0.014694, 0.999877, -0.0, 0.0, 0.0, 0.0, 1.0],
                [0.997361, -0.072592, -0.000872, 0.0, 0.072577, 0.997296, -0.011547, 0.3, 0.001708, 0.011453, 0.999933, -0.0, 0.0, 0.0, 0.0, 1.0],
                [0.979671, -0.200607, 0.001404, -0.0, 0.200523, 0.979421, 0.022921, 0.3, -0.005973, -0.022174, 0.999736, -0.0, 0.0, 0.0, 0.0, 1.0],
                [0.984731, 0.173869, -0.008681, -0.0, -0.173787, 0.984738, 0.009455, 0.3, 0.010192, -0.007802, 0.999918, 0.0, 0.0, 0.0, 0.0, 1.0],
                [0.972871, 0.231277, 0.005695, -0.0, -0.231314, 0.972014, 0.041027, 0.3, 0.003953, -0.041231, 0.999142, 0.0, 0.0, 0.0, 0.0, 1.0],
                [0.999718, -0.023696, -0.001625, 0.0, 0.023752, 0.997377, 0.06838, 0.3, -0.0, -0.0684, 0.997658, 0.0, 0.0, 0.0, 0.0, 1.0],
                [1.0, 0.0, 0.0, 0.0, 0.0, 1.0, 0.0, 0.3, 0.0, 0.0, 1.0, 0.0, 0.0, 0.0, 0.0, 1.0]
            ]
        },
        {
            "name": "Head",
            "time": [0.0, 0.05, 0.1833, 0.3167, 0.4167, 0.5833, 0.65],
            "transform": [
                [0.993816, 0.006251, -0.110862, 0.0, -0.013907, 0.99756, -0.068418, 0.4, 0.110163, 0.069537, 0.991478, -0.0, 0.0, 0.0, 0.0, 1.0],
                [0.99222, -0.093863, -0.081792, -0.0, 0.094269, 0.995546, 0.001114, 0.4, 0.081323, -0.008815, 0.996649, 0.0, 0.0, 0.0, 0.0, 1.0],
                [0.99187, -0.126484, -0.013985, -0.0, 0.127255, 0.985878, 0.108863, 0.4, 1.8e-05, -0.109758, 0.993958, 0.0, 0.0, 0.0, 0.0, 1.0],
                [0.995286, 0.089163, -0.038158, -0.0, -0.086639, 0.994223, 0.063357, 0.4, 0.043586, -0.059753, 0.997261, -0.0, 0.0, 0.0, 0.0, 1.0],
                [0.99977, -0.001224, -0.021409, 0.0, 0.002527, 0.998137, 0.060956, 0.4, 0.021295, -0.060996, 0.997911, 0.0, 0.0, 0.0, 0.0, 1.0],
                [1.0, -0.0, -0.0, 0.0, -0.0, 0.993052, 0.117676, 0.4, 0.0, -0.117676, 0.993052, 0.0, 0.0, 0.0, 0.0, 1.0],
                [1.0, 0.0, 0.0, 0.0, 0.0, 0.993052, 0.117676, 0.4, 0.0, -0.117676, 0.993052, 0.0, 0.0, 0.0, 0.0, 1.0]
            ]
        },
        {
            "name": "Shoulder_R",
            "time": [0.0, 0.3167, 0.65],
            "transform": [
                [0.0, 0.982373, -0.186931, 0.0, 0.0, 0.186931, 0.982373, 0.4, 1.0, -0.0, -0.0, -0.0, 0.0, 0.0, 0.0, 1.0],
                [0.0, 0.982373, -0.186931, -0.0, 0.0, 0.186931, 0.982373, 0.4, 1.0, -0.0, -0.0, -0.0, 0.0, 0.0, 0.0, 1.0],
                [0.0, 0.982373, -0.186931, 0.0, 0.0, 0.186931, 0.982373, 0.4, 1.0, -0.0, -0.0, 0.0, 0.0, 0.0, 0.0, 1.0]
            ]
        },
        {
            "name": "Arm_R",
            "time": [0.0, 0.05, 0.1167, 0.1833, 0.25, 0.3167, 0.3667, 0.5, 0.65],
            "transform": [
                [0.992248, -0.00948, 0.123914, -0.0, 0.073722, 0.847596, -0.525499, 0.39386, -0.100047, 0.53056, 0.841725, 0.0, 0.0, 0.0, 0.0, 1.0],
                [0.968894, -0.084589, 0.232572, 0.0, 0.227206, 0.676546, -0.700477, 0.39386, -0.098093, 0.731529, 0.674721, 0.0, 0.0, 0.0, 0.0, 1.0],
                [0.886691, -0.19937, 0.417172, 0.0, 0.439751, 0.64235, -0.627702, 0.393861, -0.142824, 0.740028, 0.657241, 0.0, 0.0, 0.0, 0.0, 1.0],
                [0.700375, -0.309046, 0.643405, 0.0, 0.710306, 0.390538, -0.585617, 0.393861, -0.070291, 0.867164, 0.493042, 0.0, 0.0, 0.0, 0.0, 1.0],
                [0.760613, -0.2107, 0.614067, 0.0, 0.637189, 0.423439, -0.643966, 0.393861, -0.124336, 0.881084, 0.45633, 0.0, 0.0, 0.0, 0.0, 1.0],
                [0.784052, -0.041209, 0.619327, -0.0, 0.601027, 0.299599, -0.740953, 0.39386, -0.155015, 0.953177, 0.25967, 0.0, 0.0, 0.0, 0.0, 1.0],
                [0.660443, 0.000687, 0.75088, -0.0, 0.728951, 0.23931, -0.641377, 0.39386, -0.180133, 0.970946, 0.15755, 0.0, 0.0, 0.0, 0.0, 1.0],
                [0.484847, 0.122746, 0.865945, -0.0, 0.84369, 0.195252, -0.500065, 0.393861, -0.230458, 0.973044, -0.008892, -0.0, 0.0, 0.0, 0.0, 1.0],
                [0.498568, -2.9e-05, 0.866853, 0.0, 0.851635, 0.186564, -0.489811, 0.393861, -0.161709, 0.982445, 0.09304, -0.0, 0.0, 0.0, 0.0, 1.0]
            ]
        },
        {
            "name": "Hand_R",
            "time": [0.0, 0.05, 0.1167, 0.1833, 0.25, 0.3167, 0.3667, 0.5, 0.65],
            "transform": [
                [1.0, -2e-06, 1e-06, 0.0, 2e-06, 0.744563, -0.667554, 0.300003, 1e-06, 0.667551, 0.744565, -0.0, 0.0, 0.0, 0.0, 1.0],
                [1.0, -4e-06, 2e-06, -0.0, 4e-06, 0.599962, -0.80003, 0.300003, 2e-06, 0.800026, 0.599964, 0.0, 0.0, 0.0, 0.0, 1.0],
                [1.0, -4e-06, 3e-06, 0.0, 4e-06, 0.314894, -0.949129, 0.300002, 3e-06, 0.949125, 0.314896, -0.0, 0.0, 0.0, 0.0, 1.0],
                [1.0, -4e-06, 2e-06, 0.0, 4e-06, 0.488281, -0.872689, 0.300003, 2e-06, 0.872685, 0.488282, 0.0, 0.0, 0.0, 0.0, 1.0],
                [1.0, -3e-06, 1e-06, 0.0, 3e-06, 0.70236, -0.711823, 0.300003, 1e-06, 0.71182, 0.702362, -0.0, 0.0, 0.0, 0.0, 1.0],
                [1.0, -1e-06, 0.0, -0.0, 1e-06, 0.915452, -0.402426, 0.300003, 0.0, 0.402424, 0.915454, -0.0, 0.0, 0.0, 0.0, 1.0],
                [1.0, -1e-06, 0.0, -0.0, 1e-06, 0.968918, -0.247377, 0.300003, -0.0, 0.247377, 0.968921, -0.0, 0.0, 0.0, 0.0, 1.0],
                [1.0, -0.0, 0.0, 0.0, 0.0, 0.999998, -0.000994, 0.300003, -0.0, 0.000994, 1.000001, 0.0, 0.0, 0.0, 0.0, 1.0],
                [1.0, -0.0, 0.0, 0.0, 0.0, 0.999999, -0.000996, 0.300002, 0.0, 0.000996, 1.000001, 0.0, 0.0, 0.0, 0.0, 1.0]
            ]
        },
        {
            "name": "Tool_R",
            "time": [0.0, 0.65],
            "transform": [
                [1.0, -0.0, 0.0, 0.0, 0.0, -0.999559, -0.029689, 0.271711, 0.0, 0.029689, -0.99956, -0.028915, 0.0, 0.0, 0.0, 1.0],
                [1.0, -0.0, 0.0, 0.0, 0.0, -0.999559, -0.029689, 0.271711, 0.0, 0.029689, -0.99956, -0.028915, 0.0, 0.0, 0.0, 1.0]
            ]
        },
        {
            "name": "Elbow_R",
            "time": [0.0, 0.65],
            "transform": [
                [-1.0, 0.0, -0.0, -0.0, 0.0, 0.003946, -0.999992, 0.367693, -0.0, -0.999992, -0.003946, -0.000985, 0.0, 0.0, 0.0, 1.0],
                [-1.0, 0.0, -0.0, 0.0, 0.0, 0.003946, -0.999992, 0.300007, -0.0, -0.999992, -0.003946, -0.001252, 0.0, 0.0, 0.0, 1.0]
            ]
        },
        {
            "name": "Shoulder_L",
            "time": [0.0, 0.05, 0.3167, 0.65],
            "transform": [
                [-0.001402, -0.997598, 0.069253, 0.0, -0.008331, 0.069262, 0.997564, 0.4, -0.999964, 0.000821, -0.008408, -0.0, 0.0, 0.0, 0.0, 1.0],
                [-0.001838, -0.999958, 0.008996, -0.0, -0.013381, 0.00902, 0.99987, 0.4, -0.999909, 0.001718, -0.013397, 0.0, 0.0, 0.0, 0.0, 1.0],
                [-0.0, -0.98561, 0.169033, -0.0, 0.0, 0.169033, 0.98561, 0.4, -1.0, 0.0, 0.0, -0.0, 0.0, 0.0, 0.0, 1.0],
                [-0.0, -0.98561, 0.169033, 0.0, 0.0, 0.169033, 0.98561, 0.4, -1.0, 0.0, 0.0, 0.0, 0.0, 0.0, 0.0, 1.0]
            ]
        },
        {
            "name": "Arm_L",
            "time": [0.0, 0.0667, 0.1833, 0.25, 0.3167, 0.5, 0.65],
            "transform": [
                [0.222699, 0.215797, -0.950701, -0.0, -0.90472, 0.409019, -0.119085, 0.39386, 0.363158, 0.886639, 0.286324, -0.0, 0.0, 0.0, 0.0, 1.0],
                [0.592727, 0.215241, -0.776107, 0.0, -0.693396, 0.626591, -0.355782, 0.39386, 0.409725, 0.749032, 0.520645, 0.0, 0.0, 0.0, 0.0, 1.0],
                [0.664433, 0.428749, -0.612129, 0.0, -0.633997, 0.757035, -0.157923, 0.39386, 0.395695, 0.493019, 0.774825, -0.0, 0.0, 0.0, 0.0, 1.0],
                [0.604329, 0.508879, -0.613046, 0.0, -0.758558, 0.602817, -0.247381, 0.39386, 0.243668, 0.614532, 0.750315, 0.0, 0.0, 0.0, 0.0, 1.0],
                [0.496049, 0.11232, -0.860997, 0.0, -0.848627, 0.272559, -0.453365, 0.39386, 0.183751, 0.955557, 0.23052, -0.0, 0.0, 0.0, 0.0, 1.0],
                [0.349701, -0.117665, -0.92944, -0.0, -0.917304, 0.158641, -0.365218, 0.39386, 0.190421, 0.980297, -0.052458, -0.0, 0.0, 0.0, 0.0, 1.0],
                [0.407607, 5.9e-05, -0.913155, 0.0, -0.899688, 0.17114, -0.401584, 0.39386, 0.156254, 0.985243, 0.069811, 0.0, 0.0, 0.0, 0.0, 1.0]
            ]
        },
        {
            "name": "Hand_L",
            "time": [0.0, 0.0667, 0.1833, 0.25, 0.3167, 0.5, 0.65],
            "transform": [
                [1.000001, -0.0, 0.0, 0.0, -0.0, 0.999999, -0.000993, 0.300002, -0.0, 0.000993, 1.000001, -0.0, 0.0, 0.0, 0.0, 1.0],
                [1.0, -0.0, 0.0, -0.0, -0.0, 0.999999, -0.000994, 0.300003, 0.0, 0.000994, 1.000001, -0.0, 0.0, 0.0, 0.0, 1.0],
                [1.000001, 4e-06, -1e-06, -0.0, -4e-06, 0.689367, -0.724414, 0.300003, -2e-06, 0.724412, 0.689368, -0.0, 0.0, 0.0, 0.0, 1.0],
                [1.000001, -7e-06, 5e-06, -0.0, 7e-06, 0.415733, -0.909488, 0.300003, 5e-06, 0.909485, 0.415734, 0.0, 0.0, 0.0, 0.0, 1.0],
                [1.0, -1e-06, 0.0, 0.0, 1e-06, 0.955313, -0.295594, 0.300003, 0.0, 0.295593, 0.955315, 0.0, 0.0, 0.0, 0.0, 1.0],
                [1.0, -0.0, 0.0, 0.0, 0.0, 0.999998, -0.000998, 0.300003, -0.0, 0.000998, 1.000001, 0.0, 0.0, 0.0, 0.0, 1.0],
                [1.0, -0.0, 0.0, -0.0, 0.0, 0.999999, -0.000997, 0.300003, -0.0, 0.000997, 1.0, -0.0, 0.0, 0.0, 0.0, 1.0]
            ]
        },
        {
            "name": "Tool_L",
            "time": [0.0, 0.65],
            "transform": [
                [1.0, -0.0, 0.0, 0.0, -0.0, -0.999559, -0.029689, 0.271711, 0.0, 0.029689, -0.99956, -0.028915, 0.0, 0.0, 0.0, 1.0],
                [1.0, -0.0, 0.0, 0.0, -0.0, -0.999559, -0.029689, 0.271711, 0.0, 0.029689, -0.99956, -0.028915, 0.0, 0.0, 0.0, 1.0]
            ]
        },
        {
            "name": "Elbow_L",
            "time": [0.0, 0.65],
            "transform": [
                [-1.0, 0.0, -0.0, 0.0, 0.0, 0.003946, -0.999992, 0.300007, -0.0, -0.999992, -0.003946, -0.001252, 0.0, 0.0, 0.0, 1.0],
                [-1.0, 0.0, -0.0, -0.0, 0.0, 0.003946, -0.999992, 0.300008, -0.0, -0.999993, -0.003946, -0.001252, 0.0, 0.0, 0.0, 1.0]
            ]
        }
    ]
}