{
    "animation": [
        {
            "name": "Coord",
            "time": [0.0, 0.5],
            "transform": [
                [1.0, 0.0, 0.0, -5e-06, 0.0, 0.0, -1.0, 1.389732, 0.0, 1.0, 0.0, -0.000216, 0.0, 0.0, 0.0, 1.0],
                [1.0, 0.0, 0.0, -5e-06, 0.0, 0.0, -1.0, 2.392757, 0.0, 1.0, 0.0, -0.000216, 0.0, 0.0, 0.0, 1.0]
            ]
        },
        {
            "name": "Root",
            "time": [0.0, 0.15, 0.3, 0.5],
            "transform": [
                [0.207698, 0.01385, -0.978095, -0.031179, -0.063598, 0.997975, 0.000627, 1.007474, 0.976123, 0.062075, 0.208158, 0.074439, 0.0, 0.0, 0.0, 1.0],
                [0.912408, 0.396313, -0.102212, 0.044243, -0.381343, 0.913875, 0.139317, 0.990762, 0.148623, -0.088136, 0.984959, -0.096005, 0.0, 0.0, 0.0, 1.0],
                [0.3062, -0.104947, 0.946165, 0.196933, 0.085902, 0.992896, 0.08233, 1.081182, -0.948084, 0.056068, 0.31304, -0.195257, 0.0, 0.0, 0.0, 1.0],
                [0.202769, 0.007963, 0.979194, 4.6e-05, 0.048166, 0.998675, -0.018095, 0.963959, -0.978041, 0.050833, 0.202117, -0.002971, 0.0, 0.0, 0.0, 1.0]
            ]
        },
        {
            "name": "Thigh_R",
            "time": [0.0, 0.15, 0.2333, 0.3, 0.3667, 0.5],
            "transform": [
                [0.91082, -0.395134, -0.119479, 0.112835, -0.139766, -0.567522, 0.811408, -0.007542, -0.388422, -0.722346, -0.572138, 0.055088, 0.0, 0.0, 0.0, 1.0],
                [0.972282, 0.194244, -0.130136, 0.124955, 0.207416, -0.973466, 0.096641, -0.001229, -0.107911, -0.120955, -0.986775, 0.002708, 0.0, 0.0, 0.0, 1.0],
                [0.619203, 0.569736, 0.540358, 0.121931, 0.468035, -0.820338, 0.328613, -0.026956, 0.630499, 0.049428, -0.774614, 0.013197, 0.0, 0.0, 0.0, 1.0],
                [0.559812, 0.47016, 0.682319, 0.124994, 0.337442, -0.88142, 0.330499, -0.002831, 0.756797, 0.045226, -0.652083, -1.2e-05, 0.0, 0.0, 0.0, 1.0],
                [0.608238, 0.792999, 0.034581, 0.124741, 0.433853, -0.36862, 0.822126, 0.004755, 0.664693, -0.485044, -0.568255, -0.002423, 0.0, 0.0, 0.0, 1.0],
                [0.533726, 0.843633, 0.058453, 0.124994, 0.175248, -0.177962, 0.968307, -0.002831, 0.827299, -0.506566, -0.242829, -1.2e-05, 0.0, 0.0, 0.0, 1.0]
            ]
        },
        {
            "name": "Leg_R",
            "time": [0.0, 0.15, 0.2333, 0.3, 0.3667, 0.5],
            "transform": [
                [1.0, -1e-06, 0.0, -0.0, -0.0, 0.377888, 0.925851, 0.374726, -1e-06, -0.925852, 0.377888, -0.0, 0.0, 0.0, 0.0, 1.0],
                [1.0, -0.0, 1e-06, 0.0, -0.0, 0.819584, 0.572959, 0.374726, -1e-06, -0.57296, 0.819583, 0.0, 0.0, 0.0, 0.0, 1.0],
                [1.0, -0.0, 1e-06, 0.0, -0.0, 0.835387, 0.549662, 0.374726, -1e-06, -0.549663, 0.835386, -0.0, 0.0, 0.0, 0.0, 1.0],
                [1.0, -0.0, 1e-06, -0.0, -0.0, 0.81108, 0.584936, 0.374726, -1e-06, -0.584937, 0.811079, 0.0, 0.0, 0.0, 0.0, 1.0],
                [1.0, -1e-06, 1e-06, -0.0, -0.0, 0.624355, 0.78114, 0.374726, -1e-06, -0.781142, 0.624354, 0.0, 0.0, 0.0, 0.0, 1.0],
                [1.0, -1e-06, 0.0, 0.0, -0.0, 0.070388, 0.997519, 0.374726, -1e-06, -0.99752, 0.070388, -0.0, 0.0, 0.0, 0.0, 1.0]
            ]
        },
        {
            "name": "Knee_R",
            "time": [0.0, 0.5],
            "transform": [
                [1.0, 0.0, -0.0, -0.0, -0.0, 0.00567, -0.999984, 0.442829, -0.0, 0.999984, 0.00567, -0.000386, 0.0, 0.0, 0.0, 1.0],
                [1.0, 0.0, -0.0, 0.0, -0.0, 0.00567, -0.999984, 0.476134, -0.0, 0.999984, 0.00567, -0.000575, 0.0, 0.0, 0.0, 1.0]
            ]
        },
        {
            "name": "Thigh_L",
            "time": [0.0, 0.15, 0.2333, 0.3667, 0.5],
            "transform": [
                [0.565969, -0.812628, -0.138972, -0.115441, -0.346554, -0.387456, 0.85427, -0.009581, -0.748049, -0.435329, -0.500909, -0.045563, 0.0, 0.0, 0.0, 1.0],
                [0.960061, 0.170014, -0.222212, -0.124948, 0.218696, -0.951362, 0.216981, -0.005337, -0.174514, -0.256912, -0.950547, -0.002838, 0.0, 0.0, 0.0, 1.0],
                [0.825911, 0.498219, 0.26391, -0.124008, 0.447617, -0.864045, 0.230355, 0.008589, 0.342797, -0.072122, -0.936636, -0.010873, 0.0, 0.0, 0.0, 1.0],
                [0.722527, 0.647557, 0.242123, -0.124751, 0.29971, -0.608992, 0.734372, -0.010417, 0.622998, -0.458037, -0.634093, 0.0024, 0.0, 0.0, 0.0, 1.0],
                [0.698972, 0.690515, 0.186082, -0.125006, 0.076879, -0.331244, 0.940408, -0.002831, 0.711004, -0.643013, -0.284617, -1.2e-05, 0.0, 0.0, 0.0, 1.0]
            ]
        },
        {
            "name": "Leg_L",
            "time": [0.0, 0.15, 0.2333, 0.3, 0.3667, 0.5],
            "transform": [
                [1.0, -1e-06, 1e-06, 0.0, -0.0, 0.358614, 0.933486, 0.374726, -1e-06, -0.933486, 0.358614, 0.0, 0.0, 0.0, 0.0, 1.0],
                [1.0, -0.0, 1e-06, -0.0, -0.0, 0.840947, 0.541117, 0.374726, -1e-06, -0.541116, 0.840948, 0.0, 0.0, 0.0, 0.0, 1.0],
                [1.0, -0.0, 1e-06, 0.0, -0.0, 0.862842, 0.505474, 0.374726, -1e-06, -0.505473, 0.862842, -0.0, 0.0, 0.0, 0.0, 1.0],
                [1.0, -0.0, 1e-06, -0.0, -0.0, 0.752796, 0.658254, 0.374726, -1e-06, -0.658254, 0.752796, -0.0, 0.0, 0.0, 0.0, 1.0],
                [1.0, -0.0, 1e-06, -0.0, -0.0, 0.815452, 0.578824, 0.374726, -1e-06, -0.578824, 0.815453, -0.0, 0.0, 0.0, 0.0, 1.0],
                [1.0, -1e-06, 1e-06, 0.0, -0.0, 0.384154, 0.923269, 0.374726, -1e-06, -0.923269, 0.384154, -0.0, 0.0, 0.0, 0.0, 1.0]
            ]
        },
        {
            "name": "Knee_L",
            "time": [0.0, 0.5],
            "transform": [
                [1.0, 0.0, -0.0, 0.0, -0.0, 0.00567, -0.999984, 0.445007, -0.0, 0.999984, 0.00567, -0.000398, 0.0, 0.0, 0.0, 1.0],
                [1.0, 0.0, -0.0, 0.0, -0.0, 0.00567, -0.999984, 0.442117, -0.0, 0.999984, 0.00567, -0.000382, 0.0, 0.0, 0.0, 1.0]
            ]
        },
        {
            "name": "Torso",
            "time": [0.0, 0.5],
            "transform": [
                [1.0, 0.0, -0.0, -0.0, -0.0, 1.0, -0.0, 0.05, 0.0, 0.0, 1.0, -0.0, 0.0, 0.0, 0.0, 1.0],
                [1.0, -0.0, -0.0, -0.0, 0.0, 1.0, -0.0, 0.05, 0.0, 0.0, 1.0, 0.0, 0.0, 0.0, 0.0, 1.0]
            ]
        },
        {
            "name": "Chest",
            "time": [0.0, 0.5],
            "transform": [
                [1.0, 0.0, -0.0, -0.0, -0.0, 1.0, -0.0, 0.3, 0.0, 0.0, 1.0, 0.0, 0.0, 0.0, 0.0, 1.0],
                [1.0, 0.0, -0.0, -0.0, -0.0, 1.0, -0.0, 0.3, 0.0, 0.0, 1.0, -0.0, 0.0, 0.0, 0.0, 1.0]
            ]
        },
        {
            "name": "Head",
            "time": [0.0, 0.15, 0.3, 0.3667, 0.5],
            "transform": [
                [0.436295, -0.021841, 0.899539, -0.0, -0.01686, 0.999331, 0.032441, 0.4, -0.899646, -0.02932, 0.435635, -0.0, 0.0, 0.0, 0.0, 1.0],
                [0.983213, -0.133713, 0.124154, 0.0, 0.155361, 0.97032, -0.185318, 0.4, -0.09569, 0.201496, 0.974804, -0.0, 0.0, 0.0, 0.0, 1.0],
                [0.380434, 0.011884, -0.924732, -0.0, -0.082407, 0.996376, -0.021098, 0.4, 0.921129, 0.084231, 0.380035, 0.0, 0.0, 0.0, 0.0, 1.0],
                [0.281892, 0.005804, -0.959429, 0.0, -0.034486, 0.999397, -0.004087, 0.4, 0.958827, 0.034239, 0.281922, -0.0, 0.0, 0.0, 0.0, 1.0],
                [0.320464, 0.037439, -0.946521, -0.0, -0.006041, 0.999279, 0.03748, 0.4, 0.947242, -0.006293, 0.320459, -0.0, 0.0, 0.0, 0.0, 1.0]
            ]
        },
        {
            "name": "Shoulder_R",
            "time": [0.0, 0.15, 0.5],
            "transform": [
                [0.404109, 0.870909, 0.279667, 0.018239, -0.0, -0.305743, 0.952114, 0.57878, 0.914711, -0.384758, -0.123554, 0.151902, 0.0, 0.0, 0.0, 1.0],
                [0.0, 0.952114, 0.305743, 0.009635, 0.0, -0.305743, 0.952114, 0.387531, 1.0, 0.0, -0.0, 0.027591, 0.0, 0.0, 0.0, 1.0],
                [0.404109, 0.870909, 0.279667, 0.084554, -0.0, -0.305743, 0.952114, 0.543647, 0.914711, -0.384758, -0.123554, 0.091072, 0.0, 0.0, 0.0, 1.0]
            ]
        },
        {
            "name": "Arm_R",
            "time": [0.0, 0.0833, 0.15, 0.2, 0.25, 0.3, 0.3667, 0.5],
            "transform": [
                [0.916437, 0.380088, -0.125206, -0.0, -0.238515, 0.267564, -0.933552, 0.39386, -0.321331, 0.885405, 0.335863, 0.0, 0.0, 0.0, 0.0, 1.0],
                [0.724174, 0.288055, -0.626575, 0.0, -0.199928, 0.957259, 0.20901, 0.39386, 0.660001, -0.026089, 0.750812, -0.0, 0.0, 0.0, 0.0, 1.0],
                [0.602317, 0.045617, -0.796952, 0.0, 0.299005, 0.91279, 0.278228, 0.39386, 0.740142, -0.405875, 0.536149, -0.0, 0.0, 0.0, 0.0, 1.0],
                [0.423575, -0.110602, -0.899084, 0.0, 0.477021, 0.87099, 0.117588, 0.39386, 0.770088, -0.47869, 0.421689, -0.0, 0.0, 0.0, 0.0, 1.0],
                [0.569659, -0.223206, -0.790992, 0.0, 0.327483, 0.944361, -0.030637, 0.39386, 0.75382, -0.241583, 0.611059, -0.0, 0.0, 0.0, 0.0, 1.0],
                [0.691131, -0.166444, -0.703303, -0.0, -0.253848, 0.855215, -0.451851, 0.393861, 0.676683, 0.49082, 0.548814, -0.0, 0.0, 0.0, 0.0, 1.0],
                [0.862216, -0.212818, -0.459666, 0.0, -0.383766, 0.317848, -0.867004, 0.39386, 0.330618, 0.923949, 0.192381, -0.0, 0.0, 0.0, 0.0, 1.0],
                [0.039453, 0.020249, -0.999016, -0.0, -0.994926, 0.093403, -0.037399, 0.39386, 0.092554, 0.995423, 0.023831, 0.0, 0.0, 0.0, 0.0, 1.0]
            ]
        },
        {
            "name": "Hand_R",
            "time": [0.0, 0.0833, 0.15, 0.2, 0.25, 0.3, 0.3667, 0.5],
            "transform": [
                [1.0, -2e-06, 1e-06, 0.0, 2e-06, 0.781016, -0.624511, 0.300002, 1e-06, 0.624511, 0.781016, -0.0, 0.0, 0.0, 0.0, 1.0],
                [1.0, -3e-06, 1e-06, -0.0, 3e-06, 0.753567, -0.657371, 0.300003, 1e-06, 0.657371, 0.753567, -0.0, 0.0, 0.0, 0.0, 1.0],
                [1.0, 2e-06, -1e-06, -0.0, -2e-06, 0.722333, -0.691545, 0.300002, -1e-06, 0.691545, 0.722333, -0.0, 0.0, 0.0, 0.0, 1.0],
                [1.0, 2e-06, -1e-06, 0.0, -2e-06, 0.836195, -0.548432, 0.300002, -1e-06, 0.548432, 0.836195, -0.0, 0.0, 0.0, 0.0, 1.0],
                [1.0, -2e-06, 1e-06, -0.0, 2e-06, 0.874544, -0.484946, 0.300002, 0.0, 0.484946, 0.874544, -0.0, 0.0, 0.0, 0.0, 1.0],
                [1.0, 1e-06, -0.0, 0.0, -1e-06, 0.960978, -0.276626, 0.300003, -0.0, 0.276626, 0.960978, -0.0, 0.0, 0.0, 0.0, 1.0],
                [1.0, -0.0, 0.0, -0.0, 0.0, 1.0, -0.000999, 0.300003, -0.0, 0.000999, 1.0, 0.0, 0.0, 0.0, 0.0, 1.0],
                [1.0, 0.0, 0.0, -0.0, -0.0, 1.0, -0.000994, 0.300002, -0.0, 0.000994, 1.0, 0.0, 0.0, 0.0, 0.0, 1.0]
            ]
        },
        {
            "name": "Tool_R",
            "time": [0.0, 0.5],
            "transform": [
                [1.0, 0.0, 0.0, -0.0, 0.0, -0.999559, -0.029689, 0.271711, 0.0, 0.029689, -0.99956, -0.028915, 0.0, 0.0, 0.0, 1.0],
                [1.0, 0.0, 0.0, 0.0, 0.0, -0.999559, -0.029689, 0.271711, 0.0, 0.029689, -0.99956, -0.028915, 0.0, 0.0, 0.0, 1.0]
            ]
        },
        {
            "name": "Elbow_R",
            "time": [0.0, 0.5],
            "transform": [
                [-1.0, 0.0, -0.0, 0.0, 0.0, 0.003946, -0.999992, 0.362406, -0.0, -0.999993, -0.003946, -0.001006, 0.0, 0.0, 0.0, 1.0],
                [-1.0, 0.0, -0.0, -0.0, 0.0, 0.003946, -0.999992, 0.300007, -0.0, -0.999992, -0.003946, -0.001252, 0.0, 0.0, 0.0, 1.0]
            ]
        },
        {
            "name": "Shoulder_L",
            "time": [0.0, 0.15, 0.5],
            "transform": [
                [0.474399, -0.873129, -0.112208, -0.082576, -0.139723, -0.200531, 0.969672, 0.46149, -0.869151, -0.444333, -0.217128, 0.089032, 0.0, 0.0, 0.0, 1.0],
                [0.327098, -0.925954, -0.188724, 0.025131, -0.08776, -0.228612, 0.969554, 0.486522, -0.940907, -0.300577, -0.15604, 0.090674, 0.0, 0.0, 0.0, 1.0],
                [0.0, -0.952114, -0.305743, 0.000234, 0.0, -0.305743, 0.952114, 0.568633, -1.0, -0.0, 0.0, 0.122078, 0.0, 0.0, 0.0, 1.0]
            ]
        },
        {
            "name": "Arm_L",
            "time": [0.0, 0.15, 0.2333, 0.3, 0.3667, 0.5],
            "transform": [
                [0.781434, -0.530648, 0.328289, -0.0, 0.571076, 0.396171, -0.718972, 0.39386, 0.251462, 0.749308, 0.612622, -0.0, 0.0, 0.0, 0.0, 1.0],
                [0.841968, -0.526092, -0.119656, 0.0, 0.096685, 0.365314, -0.92585, 0.39386, 0.530794, 0.767967, 0.358448, 0.0, 0.0, 0.0, 0.0, 1.0],
                [0.890072, -0.079333, -0.448863, 0.0, -0.431087, 0.173455, -0.885481, 0.39386, 0.148106, 0.981641, 0.120188, -0.0, 0.0, 0.0, 0.0, 1.0],
                [0.759272, 0.244178, -0.603227, 0.0, -0.6327, 0.06004, -0.772066, 0.39386, -0.152304, 0.96787, 0.200078, -0.0, 0.0, 0.0, 0.0, 1.0],
                [0.954147, 0.059526, -0.29336, 0.0, -0.298306, 0.107771, -0.948366, 0.39386, -0.024837, 0.992392, 0.120586, 0.0, 0.0, 0.0, 0.0, 1.0],
                [0.999395, 0.017287, -0.030175, -0.0, -0.027429, -0.141533, -0.989554, 0.393861, -0.021377, 0.989782, -0.140973, -0.0, 0.0, 0.0, 0.0, 1.0]
            ]
        },
        {
            "name": "Hand_L",
            "time": [0.0, 0.15, 0.2333, 0.3, 0.3667, 0.5],
            "transform": [
                [1.0, -3e-06, 2e-06, 0.0, 3e-06, 0.433825, -0.900997, 0.300003, 2e-06, 0.900997, 0.433825, -0.0, 0.0, 0.0, 0.0, 1.0],
                [1.0, -1e-06, 0.0, 0.0, 1e-06, 0.727656, -0.685942, 0.300003, 0.0, 0.685942, 0.727656, 0.0, 0.0, 0.0, 0.0, 1.0],
                [1.0, -3e-06, 2e-06, -0.0, 3e-06, 0.477194, -0.878798, 0.300002, 2e-06, 0.878798, 0.477194, 0.0, 0.0, 0.0, 0.0, 1.0],
                [1.0, -1e-06, 0.0, 0.0, 1e-06, 0.493412, -0.869796, 0.300003, 0.0, 0.869796, 0.493412, 0.0, 0.0, 0.0, 0.0, 1.0],
                [1.0, 3e-06, -1e-06, 0.0, -3e-06, 0.714678, -0.699453, 0.300002, -1e-06, 0.699453, 0.714678, -0.0, 0.0, 0.0, 0.0, 1.0],
                [1.0, 0.0, 0.0, -0.0, -0.0, 0.999999, -0.000993, 0.300003, -0.0, 0.000993, 0.999999, 0.0, 0.0, 0.0, 0.0, 1.0]
            ]
        },
        {
            "name": "Tool_L",
            "time": [0.0, 0.5],
            "transform": [
                [1.0, 0.0, 0.0, -0.0, 0.0, -0.999559, -0.029689, 0.271711, 0.0, 0.029689, -0.99956, -0.028915, 0.0, 0.0, 0.0, 1.0],
                [1.0, -0.0, 0.0, 0.0, 0.0, -0.999559, -0.029689, 0.271711, 0.0, 0.029689, -0.99956, -0.028915, 0.0, 0.0, 0.0, 1.0]
            ]
        },
        {
            "name": "Elbow_L",
            "time": [0.0, 0.5],
            "transform": [
                [-1.0, 0.0, -0.0, -0.0, 0.0, 0.003946, -0.999992, 0.404347, -0.0, -0.999992, -0.003946, -0.00084, 0.0, 0.0, 0.0, 1.0],
                [-1.0, 0.0, -0.0, -0.0, 0.0, 0.003946, -0.999992, 0.300008, -0.0, -0.999992, -0.003946, -0.001252, 0.0, 0.0, 0.0, 1.0]
            ]
        }
    ]
}