{
    "animation": [
        {
            "name": "Root",
            "time": [0.0, 1.3333, 2.6667],
            "transform": [
                [1.0, 0.0, 0.0, -5e-06, 0.0, 0.0, -1.0, 0.000946, 0.0, 1.0, 0.0, 0.860649, 0.0, 0.0, 0.0, 1.0],
                [1.0, 0.0, 0.0, -5e-06, 0.0, 0.0, -1.0, -0.009997, 0.0, 1.0, 0.0, 0.860649, 0.0, 0.0, 0.0, 1.0],
                [1.0, 0.0, 0.0, -5e-06, 0.0, 0.0, -1.0, 0.000946, 0.0, 1.0, 0.0, 0.860649, 0.0, 0.0, 0.0, 1.0]
            ]
        },
        {
            "name": "Thigh_R",
            "time": [0.0, 1.3333, 2.6667],
            "transform": [
                [0.999727, 0.019055, 0.013488, 0.124994, 0.018249, -0.998174, 0.057552, -0.002831, 0.01456, -0.05729, -0.998252, -1.2e-05, 0.0, 0.0, 0.0, 1.0],
                [0.999724, 0.018954, 0.013843, 0.124994, 0.01855, -0.999412, 0.02878, -0.002831, 0.014381, -0.028515, -0.99949, -1.2e-05, 0.0, 0.0, 0.0, 1.0],
                [0.999727, 0.019055, 0.013488, 0.124994, 0.018249, -0.998174, 0.057552, -0.002831, 0.01456, -0.05729, -0.998252, -1.2e-05, 0.0, 0.0, 0.0, 1.0]
            ]
        },
        {
            "name": "Leg_R",
            "time": [0.0, 1.3333, 2.6667],
            "transform": [
                [1.0, -0.0, 1e-06, 0.0, -0.0, 0.989772, 0.142662, 0.374726, -1e-06, -0.142662, 0.989771, 0.0, 0.0, 0.0, 0.0, 1.0],
                [1.0, -0.0, 1e-06, -0.0, -0.0, 0.991849, 0.127427, 0.374726, -1e-06, -0.127428, 0.991847, -0.0, 0.0, 0.0, 0.0, 1.0],
                [1.0, -0.0, 1e-06, -0.0, -0.0, 0.989772, 0.142662, 0.374726, -1e-06, -0.142663, 0.989771, 0.0, 0.0, 0.0, 0.0, 1.0]
            ]
        },
        {
            "name": "Knee_R",
            "time": [0.0, 2.6667],
            "transform": [
                [1.0, 0.0, -0.0, 0.0, -0.0, 0.00567, -0.999984, 0.374726, -0.0, 0.999984, 0.00567, 0.0, 0.0, 0.0, 0.0, 1.0],
                [1.0, 0.0, -0.0, -0.0, -0.0, 0.00567, -0.999984, 0.374726, -0.0, 0.999984, 0.00567, 0.0, 0.0, 0.0, 0.0, 1.0]
            ]
        },
        {
            "name": "Thigh_L",
            "time": [0.0, 1.3333, 2.6667],
            "transform": [
                [0.999676, -0.012828, -0.021977, -0.125006, -0.011701, -0.998647, 0.050656, -0.002831, -0.022597, -0.050383, -0.998474, -1.2e-05, 0.0, 0.0, 0.0, 1.0],
                [0.999677, -0.012391, -0.022182, -0.125006, -0.012513, -0.999907, -0.005372, -0.002831, -0.022113, 0.005648, -0.999739, -1.2e-05, 0.0, 0.0, 0.0, 1.0],
                [0.999676, -0.012828, -0.021977, -0.125006, -0.011701, -0.998647, 0.050656, -0.002831, -0.022597, -0.050383, -0.998474, -1.2e-05, 0.0, 0.0, 0.0, 1.0]
            ]
        },
        {
            "name": "Leg_L",
            "time": [0.0, 1.3333, 2.6667],
            "transform": [
                [1.0, -0.0, 1e-06, -0.0, -0.0, 0.993612, 0.112847, 0.374726, -1e-06, -0.112847, 0.993613, 0.0, 0.0, 0.0, 0.0, 1.0],
                [1.0, -0.0, 1e-06, 0.0, -0.0, 0.997219, 0.074525, 0.374726, -1e-06, -0.074525, 0.997219, 0.0, 0.0, 0.0, 0.0, 1.0],
                [1.0, -0.0, 1e-06, -0.0, -0.0, 0.993612, 0.112847, 0.374726, -1e-06, -0.112847, 0.993613, 0.0, 0.0, 0.0, 0.0, 1.0]
            ]
        },
        {
            "name": "Knee_L",
            "time": [0.0, 2.6667],
            "transform": [
                [1.0, 0.0, -0.0, 0.0, -0.0, 0.00567, -0.999984, 0.374726, -0.0, 0.999984, 0.00567, -0.0, 0.0, 0.0, 0.0, 1.0],
                [1.0, 0.0, -0.0, 0.0, -0.0, 0.00567, -0.999984, 0.374726, -0.0, 0.999984, 0.00567, -0.0, 0.0, 0.0, 0.0, 1.0]
            ]
        },
        {
            "name": "Torso",
            "time": [0.0, 2.6667],
            "transform": [
                [1.0, 0.0, 0.0, 0.0, 0.0, 1.0, 0.0, 0.05, 0.0, 0.0, 1.0, 0.0, 0.0, 0.0, 0.0, 1.0],
                [1.0, 0.0, 0.0, 0.0, 0.0, 1.0, 0.0, 0.05, 0.0, 0.0, 1.0, 0.0, 0.0, 0.0, 0.0, 1.0]
            ]
        },
        {
            "name": "Chest",
            "time": [0.0, 1.6667, 2.6667],
            "transform": [
                [1.0, 0.0, 0.0, 0.0, 0.0, 0.998338, -0.057631, 0.3, 0.0, 0.057631, 0.998338, 0.0, 0.0, 0.0, 0.0, 1.0],
                [1.0, 0.0, 0.0, 0.0, 0.0, 0.997227, -0.074412, 0.3, 0.0, 0.074412, 0.997228, 0.0, 0.0, 0.0, 0.0, 1.0],
                [1.0, 0.0, 0.0, 0.0, 0.0, 0.998338, -0.057631, 0.3, 0.0, 0.057631, 0.998338, 0.0, 0.0, 0.0, 0.0, 1.0]
            ]
        },
        {
            "name": "Head",
            "time": [0.0, 1.3333, 2.6667],
            "transform": [
                [1.0, 0.0, 0.0, 0.0, 0.0, 0.999604, -0.028128, 0.327693, 0.0, 0.028128, 0.999604, 0.004174, 0.0, 0.0, 0.0, 1.0],
                [1.0, 0.0, 0.0, 0.0, 0.0, 0.999142, -0.041426, 0.327693, 0.0, 0.041426, 0.999142, 0.004174, 0.0, 0.0, 0.0, 1.0],
                [1.0, 0.0, 0.0, 0.0, 0.0, 0.999604, -0.028128, 0.327693, 0.0, 0.028128, 0.999604, 0.004174, 0.0, 0.0, 0.0, 1.0]
            ]
        },
        {
            "name": "Shoulder_R",
            "time": [0.0, 2.6667],
            "transform": [
                [0.0, 0.952114, 0.305743, -0.065047, 0.0, -0.305743, 0.952114, 0.604223, 1.0, -0.0, -0.0, 0.045624, 0.0, 0.0, 0.0, 1.0],
                [0.0, 0.952114, 0.305743, -0.065047, 0.0, -0.305743, 0.952114, 0.604223, 1.0, 0.0, -0.0, 0.045624, 0.0, 0.0, 0.0, 1.0]
            ]
        },
        {
            "name": "Arm_R",
            "time": [0.0, 1.6667, 2.6667],
            "transform": [
                [0.988815, -0.149147, -0.000562, 0.0, -0.109193, -0.721352, -0.683907, 0.39386, 0.101598, 0.676319, -0.729569, -0.0, 0.0, 0.0, 0.0, 1.0],
                [0.982595, -0.185731, 0.003429, 0.0, -0.133265, -0.717645, -0.68354, 0.39386, 0.129415, 0.671185, -0.729906, 0.0, 0.0, 0.0, 0.0, 1.0],
                [0.988815, -0.149147, -0.000562, 0.0, -0.109193, -0.721352, -0.683907, 0.39386, 0.101598, 0.676319, -0.729569, -0.0, 0.0, 0.0, 0.0, 1.0]
            ]
        },
        {
            "name": "Hand_R",
            "time": [0.0, 1.6667, 2.6667],
            "transform": [
                [1.0, -0.0, 0.0, 0.0, 0.0, 0.999999, -0.001002, 0.300003, -0.0, 0.001002, 1.0, 0.0, 0.0, 0.0, 0.0, 1.0],
                [1.0, -0.0, 0.0, 0.0, 0.0, 1.0, -0.001002, 0.300003, -0.0, 0.001002, 1.0, -0.0, 0.0, 0.0, 0.0, 1.0],
                [1.0, 0.0, 0.0, 0.0, -0.0, 1.0, -0.001002, 0.300003, -0.0, 0.001002, 1.0, -0.0, 0.0, 0.0, 0.0, 1.0]
            ]
        },
        {
            "name": "Tool_R",
            "time": [0.0, 2.6667],
            "transform": [
                [1.0, -0.0, 0.0, 0.0, -0.0, -0.999559, -0.029689, 0.271711, 0.0, 0.029689, -0.99956, -0.028915, 0.0, 0.0, 0.0, 1.0],
                [1.0, -0.0, 0.0, -0.0, -0.0, -0.999559, -0.029689, 0.271711, 0.0, 0.029689, -0.99956, -0.028915, 0.0, 0.0, 0.0, 1.0]
            ]
        },
        {
            "name": "Elbow_R",
            "time": [0.0, 2.6667],
            "transform": [
                [-1.0, 0.0, -0.0, 0.0, 0.0, 0.003946, -0.999992, 0.300007, -0.0, -0.999992, -0.003946, -0.001252, 0.0, 0.0, 0.0, 1.0],
                [-1.0, 0.0, -0.0, 0.0, 0.0, 0.003946, -0.999992, 0.300008, -0.0, -0.999993, -0.003946, -0.001252, 0.0, 0.0, 0.0, 1.0]
            ]
        },
        {
            "name": "Shoulder_L",
            "time": [0.0, 2.6667],
            "transform": [
                [-0.0, -0.952114, -0.305743, 0.074089, 0.0, -0.305743, 0.952114, 0.632142, -1.0, 0.0, 0.0, 0.12451, 0.0, 0.0, 0.0, 1.0],
                [-0.0, -0.952114, -0.305743, 0.074089, 0.0, -0.305743, 0.952114, 0.632142, -1.0, -0.0, 0.0, 0.12451, 0.0, 0.0, 0.0, 1.0]
            ]
        },
        {
            "name": "Arm_L",
            "time": [0.0, 1.6667, 2.6667],
            "transform": [
                [0.906254, 0.422227, 0.020718, 0.0, 0.32399, -0.66225, -0.675615, 0.39386, -0.271542, 0.61899, -0.736963, -0.0, 0.0, 0.0, 0.0, 1.0],
                [0.891453, 0.453022, 0.009102, 0.0, 0.338776, -0.653031, -0.677334, 0.39386, -0.300903, 0.606894, -0.73562, -0.0, 0.0, 0.0, 0.0, 1.0],
                [0.906253, 0.422227, 0.020718, -0.0, 0.32399, -0.66225, -0.675615, 0.39386, -0.271542, 0.618991, -0.736963, -0.0, 0.0, 0.0, 0.0, 1.0]
            ]
        },
        {
            "name": "Hand_L",
            "time": [0.0, 1.6667, 2.6667],
            "transform": [
                [1.0, 0.0, 0.0, 0.0, -0.0, 0.999999, -0.001003, 0.300003, -0.0, 0.001003, 0.999999, -0.0, 0.0, 0.0, 0.0, 1.0],
                [1.0, -0.0, 0.0, 0.0, 0.0, 0.999999, -0.001004, 0.300002, -0.0, 0.001004, 0.999999, 0.0, 0.0, 0.0, 0.0, 1.0],
                [1.0, 0.0, 0.0, 0.0, -0.0, 0.999999, -0.001003, 0.300002, -0.0, 0.001003, 0.999999, -0.0, 0.0, 0.0, 0.0, 1.0]
            ]
        },
        {
            "name": "Tool_L",
            "time": [0.0, 2.6667],
            "transform": [
                [1.0, -0.0, 0.0, 0.0, 0.0, -0.999559, -0.029689, 0.271711, 0.0, 0.029689, -0.99956, -0.028915, 0.0, 0.0, 0.0, 1.0],
                [1.0, -0.0, 0.0, 0.0, 0.0, -0.999559, -0.029689, 0.271711, 0.0, 0.029689, -0.99956, -0.028915, 0.0, 0.0, 0.0, 1.0]
            ]
        },
        {
            "name": "Elbow_L",
            "time": [0.0, 2.6667],
            "transform": [
                [-1.0, 0.0, -0.0, -0.0, 0.0, 0.003946, -0.999992, 0.300008, -0.0, -0.999993, -0.003946, -0.001252, 0.0, 0.0, 0.0, 1.0],
                [-1.0, 0.0, -0.0, 0.0, 0.0, 0.003946, -0.999992, 0.300007, -0.0, -0.999993, -0.003946, -0.001252, 0.0, 0.0, 0.0, 1.0]
            ]
        }
    ]
}