{
    "animation": [
        {
            "name": "Root",
            "time": [0.0, 0.0833, 0.1833, 0.3333, 0.5833],
            "transform": [
                [1.0, 0.0, 0.0, -5e-06, 0.0, -0.364545, -0.931186, 0.000946, 0.0, 0.931186, -0.364545, 0.763972, 0.0, 0.0, 0.0, 1.0],
                [1.0, 0.0, 0.0, -5e-06, 0.0, -0.450622, -0.892715, 0.000946, 0.0, 0.892715, -0.450622, 0.763972, 0.0, 0.0, 0.0, 1.0],
                [1.0, 0.0, 0.0, -5e-06, 0.0, -0.394464, -0.918911, 0.000946, 0.0, 0.918911, -0.394464, 0.763972, 0.0, 0.0, 0.0, 1.0],
                [1.0, 0.0, 0.0, -5e-06, 0.0, -0.288395, -0.957512, 0.000946, 0.0, 0.957512, -0.288395, 0.763972, 0.0, 0.0, 0.0, 1.0],
                [1.0, 0.0, 0.0, -5e-06, 0.0, 0.056758, -0.998388, 0.000946, 0.0, 0.998388, 0.056758, 0.763972, 0.0, 0.0, 0.0, 1.0]
            ]
        },
        {
            "name": "Thigh_R",
            "time": [0.0, 0.0833, 0.1833, 0.3333, 0.5833],
            "transform": [
                [0.999779, 0.018011, 0.010754, 0.124994, 0.018625, -0.998023, -0.060016, -0.002831, 0.009652, 0.060203, -0.99814, -1.2e-05, 0.0, 0.0, 0.0, 1.0],
                [0.999779, 0.018011, 0.010754, 0.124994, 0.013504, -0.944889, 0.327112, -0.002831, 0.016053, -0.326894, -0.944925, -1.2e-05, 0.0, 0.0, 0.0, 1.0],
                [0.998311, 0.057714, 0.006546, 0.124994, 0.045584, -0.848326, 0.527508, -0.002831, 0.035997, -0.526318, -0.849526, -1.2e-05, 0.0, 0.0, 0.0, 1.0],
                [0.999262, 0.03601, 0.013357, 0.124988, 0.023565, -0.849443, 0.527152, -0.003197, 0.030329, -0.526448, -0.849667, 0.000815, 0.0, 0.0, 0.0, 1.0],
                [0.991326, 0.113332, 0.066536, 0.124988, 0.107486, -0.990505, 0.085702, -0.003197, 0.075617, -0.077807, -0.994097, 0.000815, 0.0, 0.0, 0.0, 1.0]
            ]
        },
        {
            "name": "Leg_R",
            "time": [0.0, 0.0833, 0.1833, 0.3333, 0.5833],
            "transform": [
                [1.000001, -1e-06, 1e-06, -0.0, -0.0, 0.721422, 0.692496, 0.374726, -1e-06, -0.692505, 0.721413, -0.0, 0.0, 0.0, 0.0, 1.0],
                [1.000001, -0.0, 1e-06, 0.0, -0.0, 0.927771, 0.373163, 0.374726, -1e-06, -0.373168, 0.927759, -0.0, 0.0, 0.0, 0.0, 1.0],
                [1.000001, -0.0, 1e-06, 0.0, -0.0, 0.977858, 0.209299, 0.374726, -1e-06, -0.209302, 0.977845, 0.0, 0.0, 0.0, 0.0, 1.0],
                [1.000001, -0.0, 1e-06, -0.0, -0.0, 0.873631, 0.486596, 0.374726, -1e-06, -0.486602, 0.87362, -0.0, 0.0, 0.0, 0.0, 1.0],
                [1.000001, -1e-06, 1e-06, 0.0, -0.0, 0.569972, 0.821662, 0.374726, -1e-06, -0.821672, 0.569964, -0.0, 0.0, 0.0, 0.0, 1.0]
            ]
        },
        {
            "name": "Knee_R",
            "time": [0.0, 0.5833],
            "transform": [
                [1.0, 0.0, -0.0, -0.0, -0.0, 0.00567, -0.999984, 0.398887, -0.0, 0.999984, 0.00567, -0.000137, 0.0, 0.0, 0.0, 1.0],
                [1.0, 0.0, -0.0, 0.0, -0.0, 0.00567, -0.999984, 0.41983, -0.0, 0.999984, 0.00567, -0.000256, 0.0, 0.0, 0.0, 1.0]
            ]
        },
        {
            "name": "Thigh_L",
            "time": [0.0, 0.0833, 0.1833, 0.3333, 0.5833],
            "transform": [
                [0.999702, -0.011581, -0.021468, -0.125006, -0.012654, -0.998643, -0.050519, -0.002831, -0.020853, 0.050776, -0.998493, -1.2e-05, 0.0, 0.0, 0.0, 1.0],
                [0.999702, -0.011581, -0.021468, -0.125006, -0.003695, -0.941848, 0.336019, -0.002831, -0.024111, -0.335839, -0.941611, -1.2e-05, 0.0, 0.0, 0.0, 1.0],
                [0.998342, -0.055642, -0.014751, -0.125006, -0.03696, -0.816058, 0.576788, -0.002831, -0.044131, -0.575286, -0.816761, -1.2e-05, 0.0, 0.0, 0.0, 1.0],
                [0.998747, -0.04613, -0.019394, -0.124998, -0.028798, -0.846797, 0.531136, -0.003151, -0.040924, -0.529912, -0.847065, 0.001004, 0.0, 0.0, 0.0, 1.0],
                [0.989002, -0.136643, 0.056587, -0.124998, -0.137073, -0.703198, 0.697656, -0.003151, -0.055538, -0.69774, -0.714195, 0.001004, 0.0, 0.0, 0.0, 1.0]
            ]
        },
        {
            "name": "Leg_L",
            "time": [0.0, 0.0833, 0.1833, 0.3333, 0.5833],
            "transform": [
                [1.0, -1e-06, 1e-06, 0.0, -0.0, 0.721452, 0.692462, 0.374726, -1e-06, -0.692468, 0.721446, 0.0, 0.0, 0.0, 0.0, 1.0],
                [1.0, -0.0, 1e-06, 0.0, -0.0, 0.927777, 0.373138, 0.374726, -1e-06, -0.373141, 0.92777, -0.0, 0.0, 0.0, 0.0, 1.0],
                [1.0, -0.0, 1e-06, -0.0, -0.0, 0.978351, 0.206959, 0.374726, -1e-06, -0.206961, 0.978344, -0.0, 0.0, 0.0, 0.0, 1.0],
                [1.0, -0.0, 1e-06, -0.0, -0.0, 0.874365, 0.485268, 0.374726, -1e-06, -0.485272, 0.874359, -0.0, 0.0, 0.0, 0.0, 1.0],
                [1.0, -1e-06, 1e-06, -0.0, -0.0, 0.499374, 0.866382, 0.374726, -1e-06, -0.866389, 0.49937, 0.0, 0.0, 0.0, 0.0, 1.0]
            ]
        },
        {
            "name": "Knee_L",
            "time": [0.0, 0.5833],
            "transform": [
                [1.0, 0.0, -0.0, 0.0, -0.0, 0.00567, -0.999984, 0.398882, -0.0, 0.999984, 0.00567, -0.000137, 0.0, 0.0, 0.0, 1.0],
                [1.0, 0.0, -0.0, -0.0, -0.0, 0.00567, -0.999984, 0.428611, -0.0, 0.999984, 0.00567, -0.000305, 0.0, 0.0, 0.0, 1.0]
            ]
        },
        {
            "name": "Torso",
            "time": [0.0, 0.3333, 0.5833],
            "transform": [
                [1.0, 0.0, 0.0, 0.0, 0.0, 0.999583, -0.028867, 0.05, 0.0, 0.028867, 0.999583, -0.0, 0.0, 0.0, 0.0, 1.0],
                [1.0, 0.0, 0.0, 0.0, 0.0, 0.999958, -0.009186, 0.05, 0.0, 0.009186, 0.999958, -0.0, 0.0, 0.0, 0.0, 1.0],
                [1.0, 0.0, 0.0, 0.0, 0.0, 0.999958, -0.009186, 0.05, 0.0, 0.009186, 0.999958, 0.0, 0.0, 0.0, 0.0, 1.0]
            ]
        },
        {
            "name": "Chest",
            "time": [0.0, 0.0833, 0.1833, 0.3333, 0.5833],
            "transform": [
                [1.0, 0.0, 0.0, 0.0, 0.0, 0.966885, 0.255211, 0.3, 0.0, -0.255211, 0.966885, -0.0, 0.0, 0.0, 0.0, 1.0],
                [1.0, 0.0, 0.0, 0.0, 0.0, 0.999999, -0.001118, 0.3, 0.0, 0.001118, 0.999999, 0.0, 0.0, 0.0, 0.0, 1.0],
                [1.0, 0.0, 0.0, 0.0, 0.0, 0.989525, -0.144362, 0.3, 0.0, 0.144362, 0.989525, -0.0, 0.0, 0.0, 0.0, 1.0],
                [1.0, 0.0, 0.0, 0.0, 0.0, 0.990288, -0.139031, 0.3, 0.0, 0.139031, 0.990288, 0.0, 0.0, 0.0, 0.0, 1.0],
                [1.0, 0.0, 0.0, -0.0, 0.0, 0.944769, 0.327737, 0.3, 0.0, -0.327737, 0.944769, 0.0, 0.0, 0.0, 0.0, 1.0]
            ]
        },
        {
            "name": "Head",
            "time": [0.0, 0.0833, 0.1833, 0.3333, 0.5, 0.5833],
            "transform": [
                [1.0, 0.0, 0.0, 0.0, 0.0, 0.960083, 0.279715, 0.4, 0.0, -0.279715, 0.960083, 0.0, 0.0, 0.0, 0.0, 1.0],
                [1.0, 0.0, 0.0, 0.0, 0.0, 0.815534, 0.578709, 0.4, 0.0, -0.578709, 0.815534, 0.0, 0.0, 0.0, 0.0, 1.0],
                [1.0, 0.0, 0.0, 0.0, 0.0, 0.920224, 0.391393, 0.4, 0.0, -0.391393, 0.920224, -0.0, 0.0, 0.0, 0.0, 1.0],
                [1.0, 0.0, 0.0, -0.0, 0.0, 0.923543, 0.383495, 0.4, 0.0, -0.383495, 0.923543, 0.0, 0.0, 0.0, 0.0, 1.0],
                [1.0, 0.0, 0.0, 0.0, 0.0, 0.980751, 0.195264, 0.4, 0.0, -0.195264, 0.980751, -0.0, 0.0, 0.0, 0.0, 1.0],
                [1.0, 0.0, 0.0, 0.0, 0.0, 0.914986, 0.403486, 0.4, 0.0, -0.403486, 0.914986, -0.0, 0.0, 0.0, 0.0, 1.0]
            ]
        },
        {
            "name": "Shoulder_R",
            "time": [0.0, 0.3333, 0.5833],
            "transform": [
                [0.0, 0.982373, -0.186931, 0.0, 0.0, 0.186931, 0.982373, 0.4, 1.0, -0.0, -0.0, 0.0, 0.0, 0.0, 0.0, 1.0],
                [0.0, 0.982373, -0.186931, -0.0, 0.0, 0.186931, 0.982373, 0.4, 1.0, -0.0, -0.0, 0.0, 0.0, 0.0, 0.0, 1.0],
                [0.0, 0.952114, 0.305743, 0.0, 0.0, -0.305743, 0.952114, 0.4, 1.0, 0.0, -0.0, -0.0, 0.0, 0.0, 0.0, 1.0]
            ]
        },
        {
            "name": "Arm_R",
            "time": [0.0, 0.0833, 0.1833, 0.3333, 0.5, 0.5833],
            "transform": [
                [0.641188, -0.328473, 0.693532, -0.0, 0.762993, 0.176339, -0.621891, 0.393861, 0.081978, 0.927909, 0.363689, 0.0, 0.0, 0.0, 0.0, 1.0],
                [0.732879, -0.43344, 0.524425, 0.0, 0.637524, 0.168317, -0.751822, 0.39386, 0.237599, 0.885327, 0.399684, 0.0, 0.0, 0.0, 0.0, 1.0],
                [0.897293, -0.396586, -0.19387, -0.0, 0.115562, 0.634898, -0.763907, 0.393861, 0.426041, 0.663044, 0.61552, -0.0, 0.0, 0.0, 0.0, 1.0],
                [0.684856, 0.020485, -0.728393, 0.0, 0.055956, 0.995177, 0.080599, 0.39386, 0.726528, -0.095957, 0.680406, -0.0, 0.0, 0.0, 0.0, 1.0],
                [0.48718, 0.566736, -0.664432, -0.0, -0.117481, 0.796442, 0.593197, 0.39386, 0.865364, -0.210935, 0.454591, 0.0, 0.0, 0.0, 0.0, 1.0],
                [0.692646, 0.38963, -0.606987, 0.0, 0.134427, 0.757065, 0.639364, 0.39386, 0.708641, -0.524448, 0.472001, 0.0, 0.0, 0.0, 0.0, 1.0]
            ]
        },
        {
            "name": "Hand_R",
            "time": [0.0, 0.0833, 0.1833, 0.3333, 0.5, 0.5833],
            "transform": [
                [1.0, 0.0, 0.0, 0.0, 0.0, 0.999999, -0.001, 0.300003, -0.0, 0.001, 1.000001, 0.0, 0.0, 0.0, 0.0, 1.0],
                [1.0, 0.0, 0.0, -0.0, -0.0, 0.999998, -0.001001, 0.300002, -0.0, 0.001001, 1.000001, -0.0, 0.0, 0.0, 0.0, 1.0],
                [1.0, -2e-06, 0.0, -0.0, 2e-06, 0.961405, -0.275133, 0.300003, 0.0, 0.275133, 0.961408, 0.0, 0.0, 0.0, 0.0, 1.0],
                [1.0, -1e-06, 1e-06, 0.0, 1e-06, 0.661789, -0.749691, 0.300003, 0.0, 0.749689, 0.66179, 0.0, 0.0, 0.0, 0.0, 1.0],
                [0.99261, 0.121349, 1e-06, 0.0, -0.058738, 0.480469, -0.875043, 0.300003, -0.106186, 0.868575, 0.484047, -0.0, 0.0, 0.0, 0.0, 1.0],
                [1.0, -0.0, 1e-06, 0.0, 1e-06, 0.333111, -0.942889, 0.300002, 0.0, 0.942887, 0.333112, 0.0, 0.0, 0.0, 0.0, 1.0]
            ]
        },
        {
            "name": "Tool_R",
            "time": [0.0, 0.5833],
            "transform": [
                [1.0, -0.0, 0.0, 0.0, 0.0, -0.999559, -0.029689, 0.271711, 0.0, 0.029689, -0.99956, -0.028915, 0.0, 0.0, 0.0, 1.0],
                [1.0, 0.0, 0.0, 0.0, 0.0, -0.999559, -0.029689, 0.271711, 0.0, 0.029689, -0.99956, -0.028915, 0.0, 0.0, 0.0, 1.0]
            ]
        },
        {
            "name": "Elbow_R",
            "time": [0.0, 0.5833],
            "transform": [
                [-1.0, 0.0, -0.0, -0.0, 0.0, 0.003946, -0.999992, 0.300007, -0.0, -0.999992, -0.003946, -0.001252, 0.0, 0.0, 0.0, 1.0],
                [-1.0, 0.0, 0.0, -0.0, 0.0, 0.003946, -0.999992, 0.414573, -0.0, -0.999992, -0.003946, -0.0008, 0.0, 0.0, 0.0, 1.0]
            ]
        },
        {
            "name": "Shoulder_L",
            "time": [0.0, 0.3333, 0.5833],
            "transform": [
                [-0.0, -0.98561, 0.169033, 0.0, 0.0, 0.169033, 0.98561, 0.4, -1.0, 0.0, 0.0, 0.0, 0.0, 0.0, 0.0, 1.0],
                [-0.0, -0.98561, 0.169033, -0.0, 0.0, 0.169033, 0.98561, 0.4, -1.0, 0.0, 0.0, 0.0, 0.0, 0.0, 0.0, 1.0],
                [-0.0, -0.952114, -0.305743, 0.0, 0.0, -0.305743, 0.952114, 0.4, -1.0, 0.0, 0.0, -0.0, 0.0, 0.0, 0.0, 1.0]
            ]
        },
        {
            "name": "Arm_L",
            "time": [0.0, 0.0833, 0.1833, 0.3333, 0.5, 0.5833],
            "transform": [
                [0.592066, 0.328793, -0.735765, -0.0, -0.802871, 0.161726, -0.573794, 0.39386, -0.069667, 0.930449, 0.359731, -0.0, 0.0, 0.0, 0.0, 1.0],
                [0.700679, 0.428715, -0.570306, 0.0, -0.678908, 0.154841, -0.717708, 0.39386, -0.219386, 0.890069, 0.399553, -0.0, 0.0, 0.0, 0.0, 1.0],
                [0.921326, 0.350738, 0.167746, -0.0, -0.119883, 0.666721, -0.735599, 0.39386, -0.369844, 0.657617, 0.656316, 0.0, 0.0, 0.0, 0.0, 1.0],
                [0.574848, -0.094318, 0.812804, -0.0, 0.024238, 0.994859, 0.098302, 0.39386, -0.817899, -0.036808, 0.57418, 0.0, 0.0, 0.0, 0.0, 1.0],
                [0.233779, -0.305021, 0.923204, 0.0, -0.18314, 0.918704, 0.34991, 0.39386, -0.954885, -0.250877, 0.158912, 0.0, 0.0, 0.0, 0.0, 1.0],
                [0.440951, -0.390461, 0.808145, 0.0, -0.175342, 0.845582, 0.504223, 0.39386, -0.880235, -0.36404, 0.304397, 0.0, 0.0, 0.0, 0.0, 1.0]
            ]
        },
        {
            "name": "Hand_L",
            "time": [0.0, 0.0833, 0.1833, 0.3333, 0.5, 0.5833],
            "transform": [
                [1.0, 0.0, 0.0, 0.0, -0.0, 0.999998, -0.001, 0.300003, 0.0, 0.001, 1.000001, 0.0, 0.0, 0.0, 0.0, 1.0],
                [1.0, -0.0, -0.0, 0.0, 0.0, 0.999998, -0.001001, 0.300003, -0.0, 0.001001, 1.000001, -0.0, 0.0, 0.0, 0.0, 1.0],
                [1.000001, 0.0, 0.0, -0.0, 0.0, 0.935431, -0.353508, 0.300003, -0.0, 0.353507, 0.935433, 0.0, 0.0, 0.0, 0.0, 1.0],
                [1.000001, 0.0, 0.0, 0.0, 0.0, 0.52506, -0.851066, 0.300003, -0.0, 0.851064, 0.525062, -0.0, 0.0, 0.0, 0.0, 1.0],
                [0.990524, -0.137346, 0.0, 0.0, 0.084324, 0.60813, -0.789347, 0.300003, 0.108414, 0.781864, 0.61395, -0.0, 0.0, 0.0, 0.0, 1.0],
                [1.000001, 0.0, 0.0, 0.0, 0.0, 0.613948, -0.789347, 0.300002, -0.0, 0.789345, 0.61395, -0.0, 0.0, 0.0, 0.0, 1.0]
            ]
        },
        {
            "name": "Tool_L",
            "time": [0.0, 0.5833],
            "transform": [
                [1.0, -0.0, 0.0, 0.0, 0.0, -0.999559, -0.029689, 0.271711, 0.0, 0.029689, -0.999559, -0.028915, 0.0, 0.0, 0.0, 1.0],
                [1.0, -0.0, 0.0, 0.0, -0.0, -0.999559, -0.029689, 0.271711, 0.0, 0.029689, -0.99956, -0.028915, 0.0, 0.0, 0.0, 1.0]
            ]
        },
        {
            "name": "Elbow_L",
            "time": [0.0, 0.5833],
            "transform": [
                [-1.0, 0.0, -0.0, -0.0, 0.0, 0.003946, -0.999992, 0.300008, -0.0, -0.999993, -0.003946, -0.001252, 0.0, 0.0, 0.0, 1.0],
                [-1.0, 0.0, 0.0, 0.0, 0.0, 0.003946, -0.999992, 0.38445, -0.0, -0.999993, -0.003946, -0.000919, 0.0, 0.0, 0.0, 1.0]
            ]
        }
    ]
}