{
    "animation": [
        {
            "name": "Coord",
            "time": [0.0, 0.35],
            "transform": [
                [1.0, 0.0, 0.0, -0.001858, 0.0, 0.0, -1.0, 2e-06, 0.0, 1.0, 0.0, -0.000216, 0.0, 0.0, 0.0, 1.0],
                [1.0, 0.0, 0.0, -5e-06, 0.0, 0.0, -1.0, 2e-06, 0.0, 1.0, 0.0, -0.000216, 0.0, 0.0, 0.0, 1.0]
            ]
        },
        {
            "name": "Root",
            "time": [0.0, 0.0833, 0.1667, 0.25, 0.35],
            "transform": [
                [1.0, 0.0, 0.0, 0.0, 0.0, 1.0, 0.0, 0.764187, 0.0, 0.0, 1.0, -0.000944, 0.0, 0.0, 0.0, 1.0],
                [1.0, 0.0, 0.0, -0.011863, 0.0, 0.995968, 0.089713, 0.789436, 0.0, -0.089713, 0.995968, 0.228144, 0.0, 0.0, 0.0, 1.0],
                [1.0, 0.0, 0.0, -0.023727, 0.0, 0.880197, 0.474609, 0.857507, 0.0, -0.474609, 0.880197, 0.450096, 0.0, 0.0, 0.0, 1.0],
                [1.0, 0.0, 0.0, -0.023727, 0.0, 0.89077, 0.454455, 0.804512, 0.0, -0.454455, 0.89077, 0.335905, 0.0, 0.0, 0.0, 1.0],
                [1.0, 0.0, 0.0, 0.0, 0.0, 0.931186, -0.364545, 0.832702, 0.0, 0.364545, 0.931186, -0.09087, 0.0, 0.0, 0.0, 1.0]
            ]
        },
        {
            "name": "Thigh_R",
            "time": [0.0, 0.0833, 0.1667, 0.25, 0.35],
            "transform": [
                [0.999779, 0.018011, 0.010754, 0.124994, 0.018191, -0.999691, -0.016888, -0.002831, 0.010447, 0.01708, -0.9998, -1.2e-05, 0.0, 0.0, 0.0, 1.0],
                [0.999779, 0.018011, 0.010754, 0.124994, 0.015792, -0.983654, 0.179368, -0.002831, 0.013809, -0.179158, -0.983724, -1.2e-05, 0.0, 0.0, 0.0, 1.0],
                [0.999779, 0.018011, 0.010754, 0.124994, 0.018525, -0.99859, -0.049719, -0.002831, 0.009843, 0.049908, -0.998706, -1.2e-05, 0.0, 0.0, 0.0, 1.0],
                [0.999779, 0.018011, 0.010754, 0.124994, 0.01959, -0.984973, -0.171586, -0.002831, 0.007502, 0.171759, -0.985111, -1.2e-05, 0.0, 0.0, 0.0, 1.0],
                [0.999779, 0.018011, 0.010754, 0.124994, 0.018625, -0.998023, -0.060016, -0.002831, 0.009652, 0.060203, -0.99814, -1.2e-05, 0.0, 0.0, 0.0, 1.0]
            ]
        },
        {
            "name": "Leg_R",
            "time": [0.0, 0.0833, 0.1667, 0.25, 0.35],
            "transform": [
                [1.000001, -0.0, 1e-06, 0.0, -0.0, 0.999995, 0.00468, 0.374726, -1e-06, -0.00468, 0.999983, -0.0, 0.0, 0.0, 0.0, 1.0],
                [1.000001, -0.0, 1e-06, -0.0, -0.0, 0.998236, 0.059486, 0.374726, -1e-06, -0.059487, 0.998223, 0.0, 0.0, 0.0, 0.0, 1.0],
                [1.000001, -0.0, 1e-06, -0.0, -0.0, 0.973277, 0.22966, 0.374726, -1e-06, -0.229663, 0.973264, 0.0, 0.0, 0.0, 0.0, 1.0],
                [1.000001, -0.0, 1e-06, -0.0, -0.0, 0.886268, 0.463182, 0.374726, -1e-06, -0.463188, 0.886256, -0.0, 0.0, 0.0, 0.0, 1.0],
                [1.000001, -1e-06, 1e-06, -0.0, -0.0, 0.798911, 0.601452, 0.374726, -1e-06, -0.60146, 0.798901, -0.0, 0.0, 0.0, 0.0, 1.0]
            ]
        },
        {
            "name": "Knee_R",
            "time": [0.0, 0.35],
            "transform": [
                [1.0, 0.0, -0.0, 0.0, -0.0, 0.00567, -0.999984, 0.374726, -0.0, 0.999984, 0.00567, 0.0, 0.0, 0.0, 0.0, 1.0],
                [1.0, 0.0, -0.0, -0.0, -0.0, 0.00567, -0.999984, 0.386321, -0.0, 0.999984, 0.00567, -6.6e-05, 0.0, 0.0, 0.0, 1.0]
            ]
        },
        {
            "name": "Thigh_L",
            "time": [0.0, 0.0833, 0.1667, 0.25, 0.35],
            "transform": [
                [0.999702, -0.011581, -0.021468, -0.125006, -0.011742, -0.999904, -0.007385, -0.002831, -0.02138, 0.007635, -0.999743, -1.2e-05, 0.0, 0.0, 0.0, 1.0],
                [0.999702, -0.011581, -0.021468, -0.125006, -0.007325, -0.982012, 0.188676, -0.002831, -0.023266, -0.188462, -0.981806, -1.2e-05, 0.0, 0.0, 0.0, 1.0],
                [0.999702, -0.011581, -0.021468, -0.125006, -0.012438, -0.999114, -0.040219, -0.002831, -0.020983, 0.040474, -0.998961, -1.2e-05, 0.0, 0.0, 0.0, 1.0],
                [0.999702, -0.011581, -0.021468, -0.125006, -0.014913, -0.986647, -0.162189, -0.002831, -0.019303, 0.162461, -0.986527, -1.2e-05, 0.0, 0.0, 0.0, 1.0],
                [0.999702, -0.011581, -0.021468, -0.125006, -0.012654, -0.998643, -0.050519, -0.002831, -0.020853, 0.050776, -0.998493, -1.2e-05, 0.0, 0.0, 0.0, 1.0]
            ]
        },
        {
            "name": "Leg_L",
            "time": [0.0, 0.0833, 0.1667, 0.25, 0.35],
            "transform": [
                [1.0, -0.0, 1e-06, 0.0, -0.0, 0.999991, 0.004681, 0.374726, -1e-06, -0.004681, 0.999983, 0.0, 0.0, 0.0, 0.0, 1.0],
                [1.0, -0.0, 1e-06, -0.0, -0.0, 0.998231, 0.059483, 0.374726, -1e-06, -0.059483, 0.998224, 0.0, 0.0, 0.0, 0.0, 1.0],
                [1.0, -0.0, 1e-06, 0.0, -0.0, 0.973276, 0.229644, 0.374726, -1e-06, -0.229646, 0.973269, -0.0, 0.0, 0.0, 0.0, 1.0],
                [1.0, -0.0, 1e-06, 0.0, -0.0, 0.88628, 0.463151, 0.374726, -1e-06, -0.463155, 0.886273, -0.0, 0.0, 0.0, 0.0, 1.0],
                [1.0, -1e-06, 1e-06, 0.0, -0.0, 0.798936, 0.601415, 0.374726, -1e-06, -0.601419, 0.79893, 0.0, 0.0, 0.0, 0.0, 1.0]
            ]
        },
        {
            "name": "Knee_L",
            "time": [0.0, 0.35],
            "transform": [
                [1.0, 0.0, -0.0, 0.0, -0.0, 0.00567, -0.999984, 0.374726, -0.0, 0.999984, 0.00567, 0.0, 0.0, 0.0, 0.0, 1.0],
                [1.0, 0.0, -0.0, 0.0, -0.0, 0.00567, -0.999984, 0.386316, -0.0, 0.999984, 0.00567, -6.6e-05, 0.0, 0.0, 0.0, 1.0]
            ]
        },
        {
            "name": "Torso",
            "time": [0.0, 0.35],
            "transform": [
                [1.0, 0.0, 0.0, 0.0, 0.0, 1.0, 0.0, 0.05, 0.0, 0.0, 1.0, 0.0, 0.0, 0.0, 0.0, 1.0],
                [1.0, 0.0, 0.0, 0.0, 0.0, 0.999583, -0.028867, 0.05, 0.0, 0.028867, 0.999583, 0.0, 0.0, 0.0, 0.0, 1.0]
            ]
        },
        {
            "name": "Chest",
            "time": [0.0, 0.0833, 0.1667, 0.25, 0.35],
            "transform": [
                [1.0, 0.0, 0.0, 0.0, 0.0, 1.0, 0.0, 0.3, 0.0, 0.0, 1.0, 0.0, 0.0, 0.0, 0.0, 1.0],
                [1.0, 0.0, 0.0, 0.0, 0.0, 0.985678, 0.168639, 0.3, 0.0, -0.168639, 0.985678, -0.0, 0.0, 0.0, 0.0, 1.0],
                [1.0, 0.0, 0.0, 0.0, 0.0, 0.998356, -0.057321, 0.3, 0.0, 0.057321, 0.998356, -0.0, 0.0, 0.0, 0.0, 1.0],
                [0.997631, -0.056803, 0.038794, 0.0, 0.065626, 0.954962, -0.289379, 0.3, -0.02061, 0.291239, 0.956428, -0.0, 0.0, 0.0, 0.0, 1.0],
                [1.0, 0.0, 0.0, 0.0, 0.0, 0.966885, 0.255211, 0.3, 0.0, -0.255211, 0.966885, 0.0, 0.0, 0.0, 0.0, 1.0]
            ]
        },
        {
            "name": "Head",
            "time": [0.0, 0.1667, 0.35],
            "transform": [
                [1.0, 0.0, 0.0, 0.0, 0.0, 0.993052, 0.117676, 0.4, 0.0, -0.117676, 0.993052, 0.0, 0.0, 0.0, 0.0, 1.0],
                [1.0, 0.0, 0.0, -0.0, 0.0, 0.997012, 0.077249, 0.4, 0.0, -0.077249, 0.997012, 0.0, 0.0, 0.0, 0.0, 1.0],
                [1.0, 0.0, 0.0, 0.0, 0.0, 0.960083, 0.279715, 0.4, 0.0, -0.279715, 0.960083, -0.0, 0.0, 0.0, 0.0, 1.0]
            ]
        },
        {
            "name": "Shoulder_R",
            "time": [0.0, 0.35],
            "transform": [
                [0.0, 0.982373, -0.186931, 0.0, 0.0, 0.186931, 0.982373, 0.4, 1.0, -0.0, -0.0, 0.0, 0.0, 0.0, 0.0, 1.0],
                [0.0, 0.982373, -0.186931, 0.0, 0.0, 0.186931, 0.982373, 0.4, 1.0, -0.0, -0.0, -0.0, 0.0, 0.0, 0.0, 1.0]
            ]
        },
        {
            "name": "Arm_R",
            "time": [0.0, 0.0833, 0.1667, 0.25, 0.35],
            "transform": [
                [0.498557, -4.2e-05, 0.866859, -0.0, 0.851639, 0.186581, -0.489796, 0.393861, -0.161719, 0.982442, 0.093057, -0.0, 0.0, 0.0, 0.0, 1.0],
                [0.531535, 0.115554, 0.83912, -0.0, 0.814152, 0.20366, -0.543767, 0.39386, -0.233728, 0.972201, 0.014174, 0.0, 0.0, 0.0, 0.0, 1.0],
                [0.568593, 0.255883, 0.781812, 0.0, 0.755123, 0.214663, -0.619444, 0.39386, -0.32633, 0.942575, -0.071168, -0.0, 0.0, 0.0, 0.0, 1.0],
                [0.694678, -0.006924, 0.71929, 0.0, 0.681907, 0.324635, -0.655452, 0.393861, -0.228967, 0.945817, 0.230238, 0.0, 0.0, 0.0, 0.0, 1.0],
                [0.641188, -0.328473, 0.693532, -0.0, 0.762993, 0.176339, -0.621891, 0.393861, 0.081978, 0.927909, 0.363689, 0.0, 0.0, 0.0, 0.0, 1.0]
            ]
        },
        {
            "name": "Hand_R",
            "time": [0.0, 0.0833, 0.1667, 0.25, 0.35],
            "transform": [
                [1.0, -0.0, 0.0, 0.0, 0.0, 0.999999, -0.000997, 0.300003, -0.0, 0.000997, 1.000001, 0.0, 0.0, 0.0, 0.0, 1.0],
                [1.0, -0.0, 0.0, -0.0, 0.0, 0.999999, -0.000997, 0.300003, -0.0, 0.000997, 1.000001, -0.0, 0.0, 0.0, 0.0, 1.0],
                [1.0, -0.0, 0.0, -0.0, 0.0, 0.999999, -0.001, 0.300002, -0.0, 0.001, 1.000001, 0.0, 0.0, 0.0, 0.0, 1.0],
                [1.0, 0.0, 0.0, 0.0, 0.0, 0.999999, -0.000994, 0.300003, -0.0, 0.000994, 1.000001, -0.0, 0.0, 0.0, 0.0, 1.0],
                [1.0, 0.0, 0.0, -0.0, 0.0, 0.999999, -0.001, 0.300002, -0.0, 0.001, 1.000001, 0.0, 0.0, 0.0, 0.0, 1.0]
            ]
        },
        {
            "name": "Tool_R",
            "time": [0.0, 0.35],
            "transform": [
                [1.0, -0.0, 0.0, 0.0, 0.0, -0.999559, -0.029689, 0.271711, 0.0, 0.029689, -0.99956, -0.028915, 0.0, 0.0, 0.0, 1.0],
                [1.0, -0.0, 0.0, 0.0, 0.0, -0.999559, -0.029689, 0.271711, 0.0, 0.029689, -0.99956, -0.028915, 0.0, 0.0, 0.0, 1.0]
            ]
        },
        {
            "name": "Elbow_R",
            "time": [0.0, 0.35],
            "transform": [
                [-1.0, 0.0, -0.0, 0.0, 0.0, 0.003946, -0.999992, 0.300007, -0.0, -0.999992, -0.003946, -0.001252, 0.0, 0.0, 0.0, 1.0],
                [-1.0, 0.0, -0.0, -0.0, 0.0, 0.003946, -0.999992, 0.300007, -0.0, -0.999992, -0.003946, -0.001252, 0.0, 0.0, 0.0, 1.0]
            ]
        },
        {
            "name": "Shoulder_L",
            "time": [0.0, 0.35],
            "transform": [
                [-0.0, -0.98561, 0.169033, 0.0, 0.0, 0.169033, 0.98561, 0.4, -1.0, 0.0, 0.0, 0.0, 0.0, 0.0, 0.0, 1.0],
                [-0.0, -0.98561, 0.169033, 0.0, 0.0, 0.169033, 0.98561, 0.4, -1.0, 0.0, 0.0, -0.0, 0.0, 0.0, 0.0, 1.0]
            ]
        },
        {
            "name": "Arm_L",
            "time": [0.0, 0.0833, 0.1667, 0.25, 0.35],
            "transform": [
                [0.407607, 5.9e-05, -0.913156, 0.0, -0.899688, 0.17114, -0.401584, 0.39386, 0.156254, 0.985244, 0.069811, 0.0, 0.0, 0.0, 0.0, 1.0],
                [0.440878, -0.111381, -0.890628, -0.0, -0.878196, 0.1515, -0.45367, 0.39386, 0.185461, 0.982159, -0.031022, 0.0, 0.0, 0.0, 0.0, 1.0],
                [0.487828, -0.250136, -0.836333, -0.0, -0.838841, 0.130826, -0.528419, 0.39386, 0.241591, 0.959329, -0.146005, -0.0, 0.0, 0.0, 0.0, 1.0],
                [0.491917, 0.056824, -0.868785, -0.0, -0.870635, 0.035666, -0.490631, 0.39386, 0.003107, 0.997745, 0.067018, -0.0, 0.0, 0.0, 0.0, 1.0],
                [0.592066, 0.328793, -0.735765, 0.0, -0.802871, 0.161726, -0.573794, 0.39386, -0.069667, 0.930449, 0.359731, 0.0, 0.0, 0.0, 0.0, 1.0]
            ]
        },
        {
            "name": "Hand_L",
            "time": [0.0, 0.0833, 0.1667, 0.25, 0.35],
            "transform": [
                [1.000001, 0.0, 0.0, 0.0, -0.0, 0.999998, -0.000997, 0.300003, 0.0, 0.000997, 1.000001, -0.0, 0.0, 0.0, 0.0, 1.0],
                [1.000001, 0.0, 0.0, -0.0, -0.0, 0.999998, -0.000997, 0.300003, -0.0, 0.000997, 1.000001, 0.0, 0.0, 0.0, 0.0, 1.0],
                [1.000001, 0.0, -0.0, 0.0, -0.0, 0.999998, -0.001, 0.300003, 0.0, 0.001, 1.000001, 0.0, 0.0, 0.0, 0.0, 1.0],
                [1.000001, -0.0, 0.0, 0.0, 0.0, 0.999998, -0.000997, 0.300003, 0.0, 0.000997, 1.000001, 0.0, 0.0, 0.0, 0.0, 1.0],
                [1.0, 0.0, 0.0, 0.0, -0.0, 0.999998, -0.001, 0.300002, 0.0, 0.001, 1.000001, -0.0, 0.0, 0.0, 0.0, 1.0]
            ]
        },
        {
            "name": "Tool_L",
            "time": [0.0, 0.35],
            "transform": [
                [1.0, -0.0, 0.0, -0.0, 0.0, -0.999559, -0.029689, 0.271711, 0.0, 0.029689, -0.99956, -0.028915, 0.0, 0.0, 0.0, 1.0],
                [1.0, -0.0, 0.0, -0.0, 0.0, -0.999559, -0.029689, 0.271711, 0.0, 0.029689, -0.999559, -0.028915, 0.0, 0.0, 0.0, 1.0]
            ]
        },
        {
            "name": "Elbow_L",
            "time": [0.0, 0.35],
            "transform": [
                [-1.0, 0.0, -0.0, -0.0, 0.0, 0.003946, -0.999992, 0.300008, -0.0, -0.999993, -0.003946, -0.001252, 0.0, 0.0, 0.0, 1.0],
                [-1.0, 0.0, -0.0, 0.0, 0.0, 0.003946, -0.999992, 0.300007, -0.0, -0.999993, -0.003946, -0.001252, 0.0, 0.0, 0.0, 1.0]
            ]
        }
    ]
}