{
    "animation": [
        {
            "name": "Root",
            "time": [0.0, 10000.0],
            "transform": [
                [0.83506, -0.032557, 0.549195, -5e-06, 0.268343, -0.847347, -0.458252, 0.000946, 0.480278, 0.53004, -0.698849, 0.210649, 0.0, 0.0, 0.0, 1.0],
                [0.83506, -0.032557, 0.549195, -5e-06, 0.268343, -0.847347, -0.458252, 0.000946, 0.480278, 0.53004, -0.698849, 0.210649, 0.0, 0.0, 0.0, 1.0]
            ]
        },
        {
            "name": "Thigh_R",
            "time": [0.0, 10000.0],
            "transform": [
                [0.96476, 0.261873, 0.025687, 0.124994, 0.216642, -0.845924, 0.487315, -0.002831, 0.149344, -0.464577, -0.872848, -1.2e-05, 0.0, 0.0, 0.0, 1.0],
                [0.96476, 0.261873, 0.025687, 0.124994, 0.216642, -0.845924, 0.487315, -0.002831, 0.149344, -0.464577, -0.872848, -1.2e-05, 0.0, 0.0, 0.0, 1.0]
            ]
        },
        {
            "name": "Leg_R",
            "time": [0.0, 10000.0],
            "transform": [
                [1.0, -0.0, 1e-06, -0.0, -0.0, 0.997935, 0.064312, 0.374726, -1e-06, -0.064312, 0.997924, -0.0, 0.0, 0.0, 0.0, 1.0],
                [1.0, -0.0, 1e-06, -0.0, -0.0, 0.997935, 0.064312, 0.374726, -1e-06, -0.064312, 0.997924, -0.0, 0.0, 0.0, 0.0, 1.0]
            ]
        },
        {
            "name": "Knee_R",
            "time": [0.0, 10000.0],
            "transform": [
                [1.0, 0.0, -0.0, 0.0, -0.0, 0.00567, -0.999984, 0.374726, -0.0, 0.999984, 0.00567, -0.0, 0.0, 0.0, 0.0, 1.0],
                [1.0, 0.0, -0.0, 0.0, -0.0, 0.00567, -0.999984, 0.374726, -0.0, 0.999984, 0.00567, -0.0, 0.0, 0.0, 0.0, 1.0]
            ]
        },
        {
            "name": "Thigh_L",
            "time": [0.0, 10000.0],
            "transform": [
                [0.572316, 0.305186, -0.761127, -0.125006, 0.544767, -0.835251, 0.074722, -0.002831, -0.612929, -0.457402, -0.644283, -1.2e-05, 0.0, 0.0, 0.0, 1.0],
                [0.572316, 0.305186, -0.761127, -0.125006, 0.544767, -0.835251, 0.074722, -0.002831, -0.612929, -0.457402, -0.644283, -1.2e-05, 0.0, 0.0, 0.0, 1.0]
            ]
        },
        {
            "name": "Leg_L",
            "time": [0.0, 10000.0],
            "transform": [
                [1.000001, -1e-06, 0.0, 0.0, -0.0, 0.086573, 0.996246, 0.374726, -1e-06, -0.996245, 0.086573, 0.0, 0.0, 0.0, 0.0, 1.0],
                [1.000001, -1e-06, 0.0, 0.0, -0.0, 0.086573, 0.996246, 0.374726, -1e-06, -0.996245, 0.086573, 0.0, 0.0, 0.0, 0.0, 1.0]
            ]
        },
        {
            "name": "Knee_L",
            "time": [0.0, 10000.0],
            "transform": [
                [1.0, 0.0, -0.0, 0.0, -0.0, 0.00567, -0.999984, 0.474429, -0.0, 0.999984, 0.00567, -0.000565, 0.0, 0.0, 0.0, 1.0],
                [1.0, 0.0, -0.0, 0.0, -0.0, 0.00567, -0.999984, 0.474429, -0.0, 0.999984, 0.00567, -0.000565, 0.0, 0.0, 0.0, 1.0]
            ]
        },
        {
            "name": "Torso",
            "time": [0.0, 10000.0],
            "transform": [
                [1.0, 0.0, 0.0, -0.0, -0.0, 1.0, -0.000689, 0.05, -0.0, 0.000689, 1.0, 0.0, 0.0, 0.0, 0.0, 1.0],
                [1.0, 0.0, 0.0, -0.0, -0.0, 1.0, -0.000689, 0.05, -0.0, 0.000689, 1.0, 0.0, 0.0, 0.0, 0.0, 1.0]
            ]
        },
        {
            "name": "Chest",
            "time": [0.0, 10000.0],
            "transform": [
                [0.973205, 0.185573, -0.135772, -0.0, -0.164512, 0.974482, 0.152707, 0.3, 0.160646, -0.126279, 0.978901, -0.0, 0.0, 0.0, 0.0, 1.0],
                [0.973205, 0.185573, -0.135772, -0.0, -0.164512, 0.974482, 0.152707, 0.3, 0.160646, -0.126279, 0.978901, -0.0, 0.0, 0.0, 0.0, 1.0]
            ]
        },
        {
            "name": "Head",
            "time": [0.0, 10000.0],
            "transform": [
                [0.968337, 0.088237, -0.233531, 0.0, 0.094543, 0.736159, 0.670172, 0.4, 0.23105, -0.671032, 0.704508, 0.0, 0.0, 0.0, 0.0, 1.0],
                [0.968337, 0.088237, -0.233531, 0.0, 0.094543, 0.736159, 0.670172, 0.4, 0.23105, -0.671032, 0.704508, 0.0, 0.0, 0.0, 0.0, 1.0]
            ]
        },
        {
            "name": "Shoulder_R",
            "time": [0.0, 10000.0],
            "transform": [
                [0.0, 0.952114, 0.305743, 0.0, -0.0, -0.305743, 0.952114, 0.4, 1.0, -0.0, 0.0, 0.0, 0.0, 0.0, 0.0, 1.0],
                [0.0, 0.952114, 0.305743, 0.0, -0.0, -0.305743, 0.952114, 0.4, 1.0, -0.0, 0.0, 0.0, 0.0, 0.0, 0.0, 1.0]
            ]
        },
        {
            "name": "Arm_R",
            "time": [0.0, 10000.0],
            "transform": [
                [-0.417359, 0.685169, -0.596955, 0.0, -0.12361, 0.607994, 0.78426, 0.393861, 0.900296, 0.401109, -0.169059, 0.0, 0.0, 0.0, 0.0, 1.0],
                [-0.417359, 0.685169, -0.596955, 0.0, -0.12361, 0.607994, 0.78426, 0.393861, 0.900296, 0.401109, -0.169059, 0.0, 0.0, 0.0, 0.0, 1.0]
            ]
        },
        {
            "name": "Hand_R",
            "time": [0.0, 10000.0],
            "transform": [
                [1.000001, -4e-06, 4e-06, -0.0, 4e-06, 0.106473, -0.994316, 0.300003, 4e-06, 0.994317, 0.106473, 0.0, 0.0, 0.0, 0.0, 1.0],
                [1.000001, -4e-06, 4e-06, -0.0, 4e-06, 0.106473, -0.994316, 0.300003, 4e-06, 0.994317, 0.106473, 0.0, 0.0, 0.0, 0.0, 1.0]
            ]
        },
        {
            "name": "Tool_R",
            "time": [0.0, 10000.0],
            "transform": [
                [1.0, 0.0, 0.0, -0.0, 0.0, -0.999559, -0.029689, 0.271711, 0.0, 0.029689, -0.99956, -0.028915, 0.0, 0.0, 0.0, 1.0],
                [1.0, 0.0, 0.0, -0.0, 0.0, -0.999559, -0.029689, 0.271711, 0.0, 0.029689, -0.99956, -0.028915, 0.0, 0.0, 0.0, 1.0]
            ]
        },
        {
            "name": "Elbow_R",
            "time": [0.0, 10000.0],
            "transform": [
                [-1.0, 0.0, -0.0, 0.0, 0.0, 0.003946, -0.999992, 0.436401, -0.0, -0.999993, -0.003946, -0.000714, 0.0, 0.0, 0.0, 1.0],
                [-1.0, 0.0, -0.0, 0.0, 0.0, 0.003946, -0.999992, 0.436401, -0.0, -0.999993, -0.003946, -0.000714, 0.0, 0.0, 0.0, 1.0]
            ]
        },
        {
            "name": "Shoulder_L",
            "time": [0.0, 10000.0],
            "transform": [
                [0.104401, -0.965883, -0.237001, 0.0, -0.003651, -0.238674, 0.971093, 0.4, -0.994528, -0.100518, -0.028444, 0.0, 0.0, 0.0, 0.0, 1.0],
                [0.104401, -0.965883, -0.237001, 0.0, -0.003651, -0.238674, 0.971093, 0.4, -0.994528, -0.100518, -0.028444, 0.0, 0.0, 0.0, 0.0, 1.0]
            ]
        },
        {
            "name": "Arm_L",
            "time": [0.0, 10000.0],
            "transform": [
                [-0.41363, -0.863577, 0.288348, -0.0, -0.377683, 0.450929, 0.808714, 0.39386, -0.828411, 0.225604, -0.512677, -0.0, 0.0, 0.0, 0.0, 1.0],
                [-0.41363, -0.863577, 0.288348, -0.0, -0.377683, 0.450929, 0.808714, 0.39386, -0.828411, 0.225604, -0.512677, -0.0, 0.0, 0.0, 0.0, 1.0]
            ]
        },
        {
            "name": "Hand_L",
            "time": [0.0, 10000.0],
            "transform": [
                [1.0, -0.0, 0.0, -0.0, 0.0, 0.999999, -0.000994, 0.300003, 0.0, 0.000994, 0.999999, -0.0, 0.0, 0.0, 0.0, 1.0],
                [1.0, -0.0, 0.0, -0.0, 0.0, 0.999999, -0.000994, 0.300003, 0.0, 0.000994, 0.999999, -0.0, 0.0, 0.0, 0.0, 1.0]
            ]
        },
        {
            "name": "Tool_L",
            "time": [0.0, 10000.0],
            "transform": [
                [1.0, -0.0, 0.0, 0.0, 0.0, -0.999559, -0.029689, 0.271711, 0.0, 0.029689, -0.99956, -0.028915, 0.0, 0.0, 0.0, 1.0],
                [1.0, -0.0, 0.0, 0.0, 0.0, -0.999559, -0.029689, 0.271711, 0.0, 0.029689, -0.99956, -0.028915, 0.0, 0.0, 0.0, 1.0]
            ]
        },
        {
            "name": "Elbow_L",
            "time": [0.0, 10000.0],
            "transform": [
                [-1.0, 0.0, -0.0, -0.0, 0.0, 0.003946, -0.999992, 0.300008, -0.0, -0.999993, -0.003946, -0.001252, 0.0, 0.0, 0.0, 1.0],
                [-1.0, 0.0, -0.0, -0.0, 0.0, 0.003946, -0.999992, 0.300008, -0.0, -0.999993, -0.003946, -0.001252, 0.0, 0.0, 0.0, 1.0]
            ]
        }
    ]
}