{
    "animation": [
        {
            "name": "Coord",
            "time": [0.0, 0.05, 0.15, 0.2333, 0.3167, 0.4, 0.5],
            "transform": [
                [1.0, 0.0, 0.0, -5e-06, 0.0, 0.0, -1.0, -1.001264, 0.0, 1.0, 0.0, -1.01021, 0.0, 0.0, 0.0, 1.0],
                [1.0, 0.0, 0.0, -5e-06, 0.0, 0.0, -1.0, -0.99345, 0.0, 1.0, 0.0, 0.489629, 0.0, 0.0, 0.0, 1.0],
                [1.0, 0.0, 0.0, -5e-06, 0.0, 0.0, -1.0, -0.498144, 0.0, 1.0, 0.0, 0.514778, 0.0, 0.0, 0.0, 1.0],
                [1.0, 0.0, 0.0, -5e-06, 0.0, 0.0, -1.0, -0.002837, 0.0, 1.0, 0.0, 0.539927, 0.0, 0.0, 0.0, 1.0],
                [1.0, 0.0, 0.0, -5e-06, 0.0, 0.0, -1.0, 0.508244, 0.0, 1.0, 0.0, 0.500352, 0.0, 0.0, 0.0, 1.0],
                [1.0, 0.0, 0.0, -5e-06, 0.0, 0.0, -1.0, 0.998569, 0.0, 1.0, 0.0, -0.235142, 0.0, 0.0, 0.0, 1.0],
                [1.0, 0.0, 0.0, -5e-06, 0.0, 0.0, -1.0, 1.773743, 0.0, 1.0, 0.0, -0.986807, 0.0, 0.0, 0.0, 1.0]
            ]
        },
        {
            "name": "Root",
            "time": [0.0, 0.05, 0.15, 0.2333, 0.3167, 0.4, 0.5],
            "transform": [
                [0.743145, -0.0, -0.669131, 0.0, 0.228856, 0.939693, 0.25417, 0.737663, 0.628777, -0.34202, 0.698328, -0.000944, 0.0, 0.0, 0.0, 1.0],
                [0.80028, 0.131983, -0.584921, -0.094331, 0.086887, 0.939656, 0.330904, -0.69572, 0.593298, -0.315638, 0.74052, -0.123781, 0.0, 0.0, 0.0, 1.0],
                [0.703713, 0.62533, 0.337269, -0.471654, -0.708348, 0.580727, 0.401246, -0.285643, 0.05505, -0.521266, 0.851617, 0.114084, 0.0, 0.0, 0.0, 1.0],
                [0.304578, 0.945591, 0.114409, -0.559346, -0.903838, 0.249032, 0.347936, -0.055656, 0.300514, -0.209382, 0.930511, 0.100744, 0.0, 0.0, 0.0, 1.0],
                [0.340137, 0.706218, -0.620936, -0.413468, -0.647503, 0.654728, 0.389961, -0.076861, 0.681943, 0.269418, 0.679976, -0.106142, 0.0, 0.0, 0.0, 1.0],
                [0.854115, 0.512278, -0.089772, -0.210466, -0.520073, 0.84011, -0.154076, 0.262602, -0.003512, 0.178287, 0.983972, -0.03616, 0.0, 0.0, 0.0, 1.0],
                [0.968308, 0.186251, -0.166405, -0.124831, -0.098046, 0.896238, 0.432602, 0.700065, 0.229711, -0.402577, 0.886095, -0.000944, 0.0, 0.0, 0.0, 1.0]
            ]
        },
        {
            "name": "Thigh_R",
            "time": [0.0, 0.05, 0.0833, 0.15, 0.2333, 0.3167, 0.4, 0.5],
            "transform": [
                [0.887842, 0.347703, -0.301393, 0.124994, 0.292152, -0.931988, -0.214574, -0.002831, -0.355503, 0.102455, -0.929043, -1.2e-05, 0.0, 0.0, 0.0, 1.0],
                [0.906222, 0.422801, 0.000747, 0.124994, 0.365156, -0.781771, -0.505465, -0.002831, -0.213127, 0.458335, -0.862847, -1.2e-05, 0.0, 0.0, 0.0, 1.0],
                [0.94082, 0.328503, -0.083323, 0.124994, 0.338421, -0.897483, 0.282829, -0.00283, 0.01813, -0.294289, -0.955545, -1.2e-05, 0.0, 0.0, 0.0, 1.0],
                [0.974911, -0.21044, 0.072551, 0.124994, -0.209043, -0.753562, 0.623253, -0.00283, -0.076485, -0.622781, -0.778648, -1.2e-05, 0.0, 0.0, 0.0, 1.0],
                [0.906401, -0.421053, 0.033927, 0.124994, -0.413229, -0.867152, 0.278005, -0.002831, -0.087635, -0.266003, -0.959981, -1.2e-05, 0.0, 0.0, 0.0, 1.0],
                [0.933858, -0.328158, -0.142198, 0.124994, -0.142388, -0.705873, 0.693879, -0.002831, -0.328076, -0.627736, -0.705913, -1.2e-05, 0.0, 0.0, 0.0, 1.0],
                [0.987717, 0.06152, 0.143633, 0.124994, -0.094063, -0.499904, 0.860958, -0.002831, 0.124769, -0.863892, -0.487977, -1.2e-05, 0.0, 0.0, 0.0, 1.0],
                [0.983513, 0.074466, -0.164795, 0.124994, 0.180585, -0.356221, 0.916786, -0.00283, 0.009566, -0.931428, -0.363796, -1.1e-05, 0.0, 0.0, 0.0, 1.0]
            ]
        },
        {
            "name": "Leg_R",
            "time": [0.0, 0.05, 0.0833, 0.15, 0.2333, 0.3167, 0.4, 0.5],
            "transform": [
                [1.0, -0.0, 1e-06, 0.0, -0.0, 0.846632, 0.532184, 0.374726, -1e-06, -0.532188, 0.846623, -0.0, 0.0, 0.0, 0.0, 1.0],
                [1.0, -0.0, 1e-06, -0.0, -0.0, 0.999994, 0.004712, 0.374726, -1e-06, -0.004712, 0.999984, -0.0, 0.0, 0.0, 0.0, 1.0],
                [1.0, -1e-06, 1e-06, -0.0, -0.0, 0.501261, 0.865295, 0.374726, -1e-06, -0.8653, 0.501256, -0.0, 0.0, 0.0, 0.0, 1.0],
                [1.0, -1e-06, 1e-06, 0.0, -0.0, 0.441761, 0.897132, 0.374726, -1e-06, -0.897137, 0.441757, -0.0, 0.0, 0.0, 0.0, 1.0],
                [1.0, -1e-06, 1e-06, 0.0, -0.0, 0.515466, 0.856909, 0.374726, -1e-06, -0.856914, 0.515461, 0.0, 0.0, 0.0, 0.0, 1.0],
                [1.000001, -1e-06, 1e-06, -0.0, -0.0, 0.43129, 0.902212, 0.374726, -1e-06, -0.902218, 0.431286, -0.0, 0.0, 0.0, 0.0, 1.0],
                [1.0, -1e-06, 1e-06, 0.0, -0.0, 0.355787, 0.934565, 0.374726, -1e-06, -0.934571, 0.355784, -0.0, 0.0, 0.0, 0.0, 1.0],
                [1.0, -1e-06, 1e-06, 0.0, -0.0, 0.6942, 0.719784, 0.374726, -1e-06, -0.719788, 0.694193, -0.0, 0.0, 0.0, 0.0, 1.0]
            ]
        },
        {
            "name": "Knee_R",
            "time": [0.0, 0.5],
            "transform": [
                [1.0, 0.0, -0.0, 0.0, -0.0, 0.00567, -0.999984, 0.377483, -0.0, 0.999984, 0.00567, -1.6e-05, 0.0, 0.0, 0.0, 1.0],
                [1.0, 0.0, -0.0, 0.0, -0.0, 0.00567, -0.999984, 0.402936, -0.0, 0.999984, 0.00567, -0.00016, 0.0, 0.0, 0.0, 1.0]
            ]
        },
        {
            "name": "Thigh_L",
            "time": [0.0, 0.05, 0.0833, 0.15, 0.2333, 0.3167, 0.4, 0.5],
            "transform": [
                [0.713153, -0.698766, 0.05602, -0.125006, -0.089258, -0.01125, 0.995945, -0.002831, -0.695303, -0.715261, -0.070393, -1.2e-05, 0.0, 0.0, 0.0, 1.0],
                [0.746506, -0.654241, 0.121236, -0.125006, 0.024953, 0.209604, 0.977468, -0.002831, -0.664911, -0.72666, 0.172796, -1.2e-05, 0.0, 0.0, 0.0, 1.0],
                [0.847037, -0.522041, -0.100003, -0.125006, 0.223424, 0.178972, 0.95815, -0.00283, -0.482296, -0.833932, 0.268232, -1.2e-05, 0.0, 0.0, 0.0, 1.0],
                [0.860014, -0.499281, 0.105327, -0.125006, -0.258936, -0.249152, 0.933207, -0.00283, -0.439691, -0.829844, -0.343556, -1.2e-05, 0.0, 0.0, 0.0, 1.0],
                [0.905437, -0.424038, 0.019377, -0.125006, -0.402915, -0.844175, 0.353592, -0.002831, -0.133579, -0.327962, -0.935199, -1.2e-05, 0.0, 0.0, 0.0, 1.0],
                [0.566926, -0.115027, -0.815698, -0.125006, -0.50476, -0.831045, -0.233626, -0.002831, -0.651009, 0.54418, -0.529202, -1.2e-05, 0.0, 0.0, 0.0, 1.0],
                [0.956847, -0.043147, -0.287369, -0.125006, -0.240148, -0.674233, -0.698383, -0.002831, -0.163621, 0.737257, -0.6555, -1.2e-05, 0.0, 0.0, 0.0, 1.0],
                [-0.149454, 0.07442, -0.985964, -0.125006, -0.308914, -0.950762, -0.024938, -0.002831, -0.939274, 0.300851, 0.165085, -1.2e-05, 0.0, 0.0, 0.0, 1.0]
            ]
        },
        {
            "name": "Leg_L",
            "time": [0.0, 0.05, 0.0833, 0.15, 0.2333, 0.3167, 0.4, 0.5],
            "transform": [
                [1.0, -0.0, 1e-06, -0.0, -0.0, 0.811171, 0.584809, 0.374726, -1e-06, -0.58481, 0.81117, -0.0, 0.0, 0.0, 0.0, 1.0],
                [1.0, -1e-06, 0.0, 0.0, -0.0, 0.114574, 0.993414, 0.374726, -1e-06, -0.993415, 0.114574, 0.0, 0.0, 0.0, 0.0, 1.0],
                [1.0, -1e-06, 0.0, -0.0, -0.0, -0.29745, 0.954737, 0.374726, -1e-06, -0.954737, -0.29745, -0.0, 0.0, 0.0, 0.0, 1.0],
                [1.0, -1e-06, 0.0, -0.0, -0.0, 0.314616, 0.949219, 0.374726, -1e-06, -0.949219, 0.314615, -0.0, 0.0, 0.0, 0.0, 1.0],
                [1.000001, -0.0, 1e-06, 0.0, -0.0, 0.868321, 0.496005, 0.374726, -1e-06, -0.496005, 0.868319, 0.0, 0.0, 0.0, 0.0, 1.0],
                [1.0, -0.0, 1e-06, 0.0, -0.0, 0.79241, 0.609988, 0.374726, -1e-06, -0.609989, 0.792409, 0.0, 0.0, 0.0, 0.0, 1.0],
                [1.0, -0.0, 1e-06, -0.0, -0.0, 0.999989, 0.004826, 0.374726, -1e-06, -0.004827, 0.999987, -0.0, 0.0, 0.0, 0.0, 1.0],
                [1.0, -0.0, 1e-06, -0.0, 0.0, 0.999989, 0.004882, 0.374726, -1e-06, -0.004883, 0.999988, 0.0, 0.0, 0.0, 0.0, 1.0]
            ]
        },
        {
            "name": "Knee_L",
            "time": [0.0, 0.5],
            "transform": [
                [1.0, 0.0, -0.0, 0.0, -0.0, 0.00567, -0.999984, 0.384149, -0.0, 0.999984, 0.00567, -5.3e-05, 0.0, 0.0, 0.0, 1.0],
                [1.0, 0.0, -0.0, -0.0, -0.0, 0.00567, -0.999984, 0.374726, -0.0, 0.999984, 0.00567, -0.0, 0.0, 0.0, 0.0, 1.0]
            ]
        },
        {
            "name": "Torso",
            "time": [0.0, 0.15, 0.2333, 0.3167, 0.4, 0.5],
            "transform": [
                [1.0, 0.0, 0.0, -0.0, -0.0, 1.0, 0.0, 0.05, 0.0, 0.0, 1.0, 0.0, 0.0, 0.0, 0.0, 1.0],
                [1.0, 0.0, -0.0, 0.0, -0.0, 1.0, 0.0, 0.05, 0.0, -0.0, 1.0, 0.0, 0.0, 0.0, 0.0, 1.0],
                [1.0, -0.0, -0.0, -0.0, 0.0, 1.0, 0.0, 0.05, 0.0, -0.0, 1.0, -0.0, 0.0, 0.0, 0.0, 1.0],
                [1.0, 0.0, 0.0, -0.0, -0.0, 1.0, -0.0, 0.05, 0.0, 0.0, 1.0, 0.0, 0.0, 0.0, 0.0, 1.0],
                [1.0, -0.0, 0.0, -0.0, -0.0, 1.0, -0.0, 0.05, -0.0, 0.0, 1.0, -0.0, 0.0, 0.0, 0.0, 1.0],
                [1.0, -0.0, 0.0, 0.0, 0.0, 1.0, -0.0, 0.05, -0.0, 0.0, 1.0, 0.0, 0.0, 0.0, 0.0, 1.0]
            ]
        },
        {
            "name": "Chest",
            "time": [0.0, 0.15, 0.2333, 0.3167, 0.4, 0.5],
            "transform": [
                [0.539957, -0.222282, 0.811811, 0.0, -0.058077, 0.95236, 0.299394, 0.3, -0.839686, -0.208807, 0.501325, -0.0, 0.0, 0.0, 0.0, 1.0],
                [0.840743, -0.010459, 0.541333, 0.0, -0.057024, 0.992542, 0.107741, 0.3, -0.538423, -0.121451, 0.833877, 0.0, 0.0, 0.0, 0.0, 1.0],
                [0.996615, 0.02669, 0.077752, 0.0, -0.023321, 0.998763, -0.043914, 0.3, -0.078828, 0.041952, 0.996005, -0.0, 0.0, 0.0, 0.0, 1.0],
                [0.928293, 0.286596, -0.236926, -0.0, -0.168024, 0.891692, 0.420302, 0.3, 0.331722, -0.350354, 0.875907, -0.0, 0.0, 0.0, 0.0, 1.0],
                [0.766963, 0.205565, -0.607873, 0.0, -0.106703, 0.974966, 0.195077, 0.3, 0.632757, -0.084755, 0.769698, 0.0, 0.0, 0.0, 0.0, 1.0],
                [0.766963, 0.109629, -0.632257, 0.0, -0.106703, 0.993369, 0.042807, 0.3, 0.632757, 0.034632, 0.773575, 0.0, 0.0, 0.0, 0.0, 1.0]
            ]
        },
        {
            "name": "Head",
            "time": [0.0, 0.15, 0.2333, 0.3167, 0.4, 0.5],
            "transform": [
                [0.959919, -0.114138, -0.255986, -0.0, -0.054985, 0.818889, -0.571312, 0.4, 0.274833, 0.562488, 0.779791, 0.0, 0.0, 0.0, 0.0, 1.0],
                [0.895544, -0.281522, -0.344597, -0.0, 0.238931, 0.95754, -0.161335, 0.4, 0.375385, 0.062147, 0.924783, 0.0, 0.0, 0.0, 0.0, 1.0],
                [0.889157, -0.443325, -0.113418, 0.0, 0.431206, 0.894685, -0.116619, 0.4, 0.153173, 0.054786, 0.986679, -0.0, 0.0, 0.0, 0.0, 1.0],
                [0.866754, -0.3222, 0.380689, -0.0, 0.367843, 0.928449, -0.051704, 0.4, -0.336792, 0.184848, 0.923256, -0.0, 0.0, 0.0, 0.0, 1.0],
                [0.890466, -0.245435, 0.383186, -0.0, 0.254033, 0.966764, 0.028888, 0.4, -0.377541, 0.071618, 0.923219, 0.0, 0.0, 0.0, 0.0, 1.0],
                [0.845069, -0.18227, 0.502628, -0.0, 0.192382, 0.980791, 0.032215, 0.4, -0.498845, 0.069473, 0.863902, 0.0, 0.0, 0.0, 0.0, 1.0]
            ]
        },
        {
            "name": "Shoulder_R",
            "time": [0.0, 0.15, 0.2333, 0.3167, 0.4, 0.5],
            "transform": [
                [0.0, 0.952114, 0.305743, -0.0, 0.0, -0.305743, 0.952114, 0.4, 1.0, -0.0, -0.0, 0.0, 0.0, 0.0, 0.0, 1.0],
                [0.0, 0.952114, 0.305743, -0.0, 0.0, -0.305743, 0.952114, 0.4, 1.0, 0.0, -0.0, 0.0, 0.0, 0.0, 0.0, 1.0],
                [0.0, 0.952114, 0.305743, 0.0, 0.0, -0.305743, 0.952114, 0.4, 1.0, -0.0, -0.0, -0.0, 0.0, 0.0, 0.0, 1.0],
                [0.0, 0.952114, 0.305743, -0.0, 0.0, -0.305743, 0.952114, 0.4, 1.0, -0.0, -0.0, -0.0, 0.0, 0.0, 0.0, 1.0],
                [0.0, 0.952114, 0.305743, -0.0, -0.0, -0.305743, 0.952114, 0.4, 1.0, 0.0, -0.0, 0.0, 0.0, 0.0, 0.0, 1.0],
                [0.0, 0.952114, 0.305743, -0.0, -0.0, -0.305743, 0.952114, 0.4, 1.0, -0.0, -0.0, 0.0, 0.0, 0.0, 0.0, 1.0]
            ]
        },
        {
            "name": "Arm_R",
            "time": [0.0, 0.15, 0.2333, 0.3167, 0.4, 0.5],
            "transform": [
                [0.399928, -0.826125, -0.396959, 0.0, 0.091097, 0.466786, -0.879667, 0.393861, 0.912009, 0.315641, 0.261939, -0.0, 0.0, 0.0, 0.0, 1.0],
                [-0.411208, 0.863063, -0.29331, -0.0, -0.607052, -0.019246, 0.79443, 0.393861, 0.679998, 0.50473, 0.531839, 0.0, 0.0, 0.0, 0.0, 1.0],
                [-0.540627, 0.52641, -0.656213, 0.0, -0.781097, -0.024409, 0.623933, 0.393861, 0.312427, 0.849882, 0.424373, -0.0, 0.0, 0.0, 0.0, 1.0],
                [0.639391, -0.768507, -0.024047, 0.0, 0.599581, 0.517936, -0.610119, 0.39386, 0.481336, 0.375686, 0.791945, -0.0, 0.0, 0.0, 0.0, 1.0],
                [0.667821, 0.569985, -0.478678, 0.0, -0.543149, 0.812901, 0.210193, 0.39386, 0.508925, 0.119623, 0.852459, -0.0, 0.0, 0.0, 0.0, 1.0],
                [-0.744948, 0.348734, -0.568716, 0.0, 0.361806, 0.927424, 0.09477, 0.39386, 0.56049, -0.135166, -0.817057, -0.0, 0.0, 0.0, 0.0, 1.0]
            ]
        },
        {
            "name": "Hand_R",
            "time": [0.0, 0.15, 0.2333, 0.3167, 0.4, 0.5],
            "transform": [
                [1.0, -8e-06, 4e-06, -0.0, 8e-06, 0.610336, -0.792143, 0.300003, 4e-06, 0.792143, 0.610336, 0.0, 0.0, 0.0, 0.0, 1.0],
                [1.0, -4e-06, 3e-06, 0.0, 4e-06, 0.303092, -0.952961, 0.300003, 3e-06, 0.952962, 0.303092, -0.0, 0.0, 0.0, 0.0, 1.0],
                [1.0, -1e-06, 2e-06, -0.0, 1e-06, -0.596515, -0.802602, 0.300003, 1e-06, 0.802603, -0.596515, -0.0, 0.0, 0.0, 0.0, 1.0],
                [1.0, 0.0, 0.0, -0.0, 0.0, 0.652262, -0.757993, 0.300002, -0.0, 0.757994, 0.652262, -0.0, 0.0, 0.0, 0.0, 1.0],
                [1.0, -1e-06, 0.0, -0.0, 1e-06, 0.967796, -0.251737, 0.300003, 0.0, 0.251737, 0.967795, -0.0, 0.0, 0.0, 0.0, 1.0],
                [1.0, -3e-06, 1e-06, -0.0, 3e-06, 0.82585, -0.56389, 0.300002, 1e-06, 0.56389, 0.82585, 0.0, 0.0, 0.0, 0.0, 1.0]
            ]
        },
        {
            "name": "Tool_R",
            "time": [0.0, 0.5],
            "transform": [
                [1.0, 0.0, 0.0, 0.0, -0.0, -0.999559, -0.029689, 0.271711, 0.0, 0.029689, -0.99956, -0.028915, 0.0, 0.0, 0.0, 1.0],
                [1.0, 0.0, 0.0, -0.0, 0.0, -0.999559, -0.029689, 0.271711, 0.0, 0.029689, -0.99956, -0.028915, 0.0, 0.0, 0.0, 1.0]
            ]
        },
        {
            "name": "Elbow_R",
            "time": [0.0, 0.5],
            "transform": [
                [-1.0, 0.0, -0.0, -0.0, 0.0, 0.003946, -0.999992, 0.384878, -0.0, -0.999992, -0.003946, -0.000917, 0.0, 0.0, 0.0, 1.0],
                [-1.0, 0.0, -0.0, -0.0, 0.0, 0.003946, -0.999992, 0.355339, -0.0, -0.999993, -0.003946, -0.001034, 0.0, 0.0, 0.0, 1.0]
            ]
        },
        {
            "name": "Shoulder_L",
            "time": [0.0, 0.15, 0.2333, 0.3167, 0.4, 0.5],
            "transform": [
                [0.0, -0.952114, -0.305743, -0.0, 0.0, -0.305743, 0.952114, 0.4, -1.0, 0.0, 0.0, 0.0, 0.0, 0.0, 0.0, 1.0],
                [-0.0, -0.952114, -0.305743, -0.0, 0.0, -0.305743, 0.952114, 0.4, -1.0, -0.0, 0.0, 0.0, 0.0, 0.0, 0.0, 1.0],
                [0.0, -0.952114, -0.305743, 0.0, 0.0, -0.305743, 0.952114, 0.4, -1.0, -0.0, 0.0, -0.0, 0.0, 0.0, 0.0, 1.0],
                [-0.0, -0.952114, -0.305743, -0.0, 0.0, -0.305743, 0.952114, 0.4, -1.0, -0.0, 0.0, -0.0, 0.0, 0.0, 0.0, 1.0],
                [-0.0, -0.952114, -0.305743, -0.0, 0.0, -0.305743, 0.952114, 0.4, -1.0, 0.0, 0.0, 0.0, 0.0, 0.0, 0.0, 1.0],
                [-0.0, -0.952114, -0.305743, -0.0, 0.0, -0.305743, 0.952114, 0.4, -1.0, 0.0, 0.0, 0.0, 0.0, 0.0, 0.0, 1.0]
            ]
        },
        {
            "name": "Arm_L",
            "time": [0.0, 0.15, 0.2333, 0.3167, 0.4, 0.5],
            "transform": [
                [0.493908, -0.767657, 0.408358, -0.0, -0.557332, 0.080985, 0.82633, 0.39386, -0.667409, -0.635723, -0.38784, -0.0, 0.0, 0.0, 0.0, 1.0],
                [0.599576, 0.292021, 0.745138, -0.0, -0.663661, 0.701766, 0.258992, 0.39386, -0.447282, -0.649804, 0.614566, 0.0, 0.0, 0.0, 0.0, 1.0],
                [-0.24731, -0.784718, 0.568379, -0.0, -0.63245, 0.57514, 0.518865, 0.39386, -0.734061, -0.231151, -0.638532, 0.0, 0.0, 0.0, 0.0, 1.0],
                [0.710438, -0.402333, 0.577413, -0.0, -0.586365, 0.115307, 0.801797, 0.39386, -0.389169, -0.908202, -0.153995, 0.0, 0.0, 0.0, 0.0, 1.0],
                [0.507, 0.548763, 0.664688, 0.0, -0.733056, 0.680163, -0.00239, 0.39386, -0.453408, -0.486041, 0.747117, 0.0, 0.0, 0.0, 0.0, 1.0],
                [0.674446, 0.223591, 0.703654, 0.0, -0.438873, 0.887802, 0.138551, 0.39386, -0.593727, -0.40226, 0.696903, 0.0, 0.0, 0.0, 0.0, 1.0]
            ]
        },
        {
            "name": "Hand_L",
            "time": [0.0, 0.15, 0.2333, 0.3167, 0.4, 0.5],
            "transform": [
                [1.0, -1e-06, 1e-06, -0.0, 1e-06, 0.355983, -0.934491, 0.300003, 0.0, 0.934492, 0.355983, 0.0, 0.0, 0.0, 0.0, 1.0],
                [1.0, -1e-06, 0.0, 0.0, 1e-06, 0.723704, -0.690111, 0.300002, 0.0, 0.69011, 0.723704, 0.0, 0.0, 0.0, 0.0, 1.0],
                [1.0, -3e-06, 3e-06, -0.0, 3e-06, 0.210513, -0.977591, 0.300003, 3e-06, 0.977592, 0.210513, 0.0, 0.0, 0.0, 0.0, 1.0],
                [1.0, -0.0, -0.0, -0.0, 0.0, 0.340188, -0.940357, 0.300003, -0.0, 0.940358, 0.340188, -0.0, 0.0, 0.0, 0.0, 1.0],
                [1.0, 1e-06, -0.0, 0.0, -1e-06, 0.919013, -0.394227, 0.300003, -0.0, 0.394227, 0.919013, 0.0, 0.0, 0.0, 0.0, 1.0],
                [1.0, 0.0, 0.0, -0.0, 0.0, 0.423093, -0.906087, 0.300002, 0.0, 0.906085, 0.423093, 0.0, 0.0, 0.0, 0.0, 1.0]
            ]
        },
        {
            "name": "Tool_L",
            "time": [0.0, 0.5],
            "transform": [
                [1.0, -0.0, 0.0, 0.0, 0.0, -0.999559, -0.029689, 0.271711, 0.0, 0.029689, -0.999559, -0.028915, 0.0, 0.0, 0.0, 1.0],
                [1.0, 0.0, 0.0, 0.0, 0.0, -0.999559, -0.029689, 0.271711, 0.0, 0.029689, -0.99956, -0.028915, 0.0, 0.0, 0.0, 1.0]
            ]
        },
        {
            "name": "Elbow_L",
            "time": [0.0, 0.5],
            "transform": [
                [-1.0, 0.0, -0.0, 0.0, 0.0, 0.003946, -0.999992, 0.41229, -0.0, -0.999993, -0.003946, -0.000809, 0.0, 0.0, 0.0, 1.0],
                [-1.0, 0.0, -0.0, 0.0, 0.0, 0.003946, -0.999992, 0.40546, -0.0, -0.999993, -0.003946, -0.000836, 0.0, 0.0, 0.0, 1.0]
            ]
        }
    ]
}