{
    "animation": [
        {
            "name": "Coord",
            "time": [0.0, 0.0333, 0.1333, 0.2167, 0.35, 0.5],
            "transform": [
                [1.0, 0.0, 0.0, -5e-06, 0.0, 0.0, -1.0, -1.001264, 0.0, 1.0, 0.0, -1.01021, 0.0, 0.0, 0.0, 1.0],
                [1.0, 0.0, 0.0, -5e-06, 0.0, 0.0, -1.0, -0.99345, 0.0, 1.0, 0.0, 0.489629, 0.0, 0.0, 0.0, 1.0],
                [1.0, 0.0, 0.0, -5e-06, 0.0, 0.0, -1.0, -0.498144, 0.0, 1.0, 0.0, 0.514778, 0.0, 0.0, 0.0, 1.0],
                [1.0, 0.0, 0.0, -5e-06, 0.0, 0.0, -1.0, 0.193565, 0.0, 1.0, 0.0, 0.391842, 0.0, 0.0, 0.0, 1.0],
                [1.0, 0.0, 0.0, -5e-06, 0.0, 0.0, -1.0, 0.998569, 0.0, 1.0, 0.0, -0.235142, 0.0, 0.0, 0.0, 1.0],
                [1.0, 0.0, 0.0, -5e-06, 0.0, 0.0, -1.0, 1.773743, 0.0, 1.0, 0.0, -0.986807, 0.0, 0.0, 0.0, 1.0]
            ]
        },
        {
            "name": "Root",
            "time": [0.0, 0.0333, 0.1333, 0.2167, 0.35, 0.4333, 0.5],
            "transform": [
                [0.999962, -0.008691, 0.000859, 0.0, 0.006288, 0.784771, 0.619755, 0.54387, -0.00606, -0.619726, 0.784795, 0.071554, 0.0, 0.0, 0.0, 1.0],
                [0.995335, -0.0159, -0.095158, 0.0, 0.074957, 0.748419, 0.658977, -0.538638, 0.06074, -0.663036, 0.746119, -0.151983, 0.0, 0.0, 0.0, 1.0],
                [0.99189, 0.065391, -0.108985, 0.0, 0.073867, 0.401211, 0.913002, -0.163276, 0.103428, -0.913648, 0.393127, -0.000944, 0.0, 0.0, 0.0, 1.0],
                [0.998813, -0.042111, 0.024465, 0.0, -0.014725, 0.217707, 0.975903, 0.314282, -0.046422, -0.975105, 0.216829, 0.293402, 0.0, 0.0, 0.0, 1.0],
                [1.0, 0.0, 0.0, 0.0, 0.0, 0.799884, 0.600154, 0.403394, 0.0, -0.600154, 0.799884, 0.24809, 0.0, 0.0, 0.0, 1.0],
                [1.0, 0.0, 0.0, 0.0, 0.0, 0.924042, 0.382291, 0.457649, 0.0, -0.382291, 0.924042, 0.112453, 0.0, 0.0, 0.0, 1.0],
                [1.0, 0.0, 0.0, 0.0, 0.0, 0.913706, 0.406376, 0.524522, 0.0, -0.406376, 0.913706, 0.24809, 0.0, 0.0, 0.0, 1.0]
            ]
        },
        {
            "name": "Thigh_R",
            "time": [0.0, 0.0333, 0.1333, 0.2167, 0.35, 0.4333, 0.5],
            "transform": [
                [0.998934, 0.032373, -0.032909, 0.124994, 0.015722, 0.431691, 0.901884, -0.002831, 0.043403, -0.901439, 0.430723, -1.2e-05, 0.0, 0.0, 0.0, 1.0],
                [0.999118, -0.039185, -0.015122, 0.124994, -0.009586, -0.563266, 0.82622, -0.002831, -0.040893, -0.825344, -0.563145, -1.2e-05, 0.0, 0.0, 0.0, 1.0],
                [0.994655, 0.102323, 0.013839, 0.124994, 0.074791, -0.806364, 0.586671, -0.002831, 0.071189, -0.582499, -0.809707, -1.2e-05, 0.0, 0.0, 0.0, 1.0],
                [0.99616, 0.084104, -0.024313, 0.124994, -0.039252, 0.677294, 0.734664, -0.002831, 0.078256, -0.730888, 0.677996, -1.2e-05, 0.0, 0.0, 0.0, 1.0],
                [0.960178, 0.276003, -0.043367, 0.124994, 0.139204, -0.338021, 0.930787, -0.002831, 0.242241, -0.899756, -0.362982, -1.2e-05, 0.0, 0.0, 0.0, 1.0],
                [0.852146, 0.41815, 0.314638, 0.124994, 0.176341, -0.795539, 0.579673, -0.002831, 0.492697, -0.438482, -0.751654, -1.2e-05, 0.0, 0.0, 0.0, 1.0],
                [0.778028, 0.596932, 0.195812, 0.124994, 0.245764, -0.576051, 0.779593, -0.002831, 0.578162, -0.558421, -0.59489, -1.2e-05, 0.0, 0.0, 0.0, 1.0]
            ]
        },
        {
            "name": "Leg_R",
            "time": [0.0, 0.0333, 0.1333, 0.2167, 0.35, 0.4333, 0.5],
            "transform": [
                [1.0, -1e-06, 0.0, -0.0, -0.0, 0.279617, 0.96011, 0.374726, -1e-06, -0.960116, 0.279614, 0.0, 0.0, 0.0, 0.0, 1.0],
                [1.0, -0.0, 1e-06, 0.0, -0.0, 0.84513, 0.534565, 0.374726, -1e-06, -0.534568, 0.845122, 0.0, 0.0, 0.0, 0.0, 1.0],
                [1.000001, -1e-06, 1e-06, 0.0, -0.0, 0.548471, 0.836169, 0.374726, -1e-06, -0.836174, 0.548467, -0.0, 0.0, 0.0, 0.0, 1.0],
                [1.0, -1e-06, -0.0, -0.0, -0.0, -0.482523, 0.875882, 0.374726, -1e-06, -0.875887, -0.482519, -0.0, 0.0, 0.0, 0.0, 1.0],
                [1.0, -1e-06, 1e-06, -0.0, -0.0, 0.311067, 0.950386, 0.374726, -1e-06, -0.950391, 0.311064, -0.0, 0.0, 0.0, 0.0, 1.0],
                [1.0, -1e-06, 1e-06, -0.0, -0.0, 0.684248, 0.729251, 0.374726, -1e-06, -0.729255, 0.684241, 0.0, 0.0, 0.0, 0.0, 1.0],
                [1.0, -1e-06, 0.0, 0.0, -0.0, 0.121263, 0.992618, 0.374726, -1e-06, -0.992623, 0.121262, 0.0, 0.0, 0.0, 0.0, 1.0]
            ]
        },
        {
            "name": "Knee_R",
            "time": [0.0, 0.5],
            "transform": [
                [1.0, 0.0, -0.0, 0.0, -0.0, 0.00567, -0.999984, 0.453766, -0.0, 0.999984, 0.00567, -0.000448, 0.0, 0.0, 0.0, 1.0],
                [1.0, 0.0, -0.0, -0.0, -0.0, 0.00567, -0.999984, 0.470765, -0.0, 0.999984, 0.00567, -0.000544, 0.0, 0.0, 0.0, 1.0]
            ]
        },
        {
            "name": "Thigh_L",
            "time": [0.0, 0.0333, 0.1333, 0.2167, 0.35, 0.4333, 0.5],
            "transform": [
                [0.997761, -0.066759, 0.003947, -0.125006, -0.063988, -0.935878, 0.346465, -0.002831, -0.019436, -0.345942, -0.938055, -1.2e-05, 0.0, 0.0, 0.0, 1.0],
                [0.993972, -0.06362, -0.089291, -0.125006, -0.056175, -0.994918, 0.083553, -0.00283, -0.094153, -0.078034, -0.992495, -1.2e-05, 0.0, 0.0, 0.0, 1.0],
                [0.984854, -0.076816, -0.155442, -0.125006, 0.059178, -0.693754, 0.717777, -0.002831, -0.162976, -0.716103, -0.6787, -1.2e-05, 0.0, 0.0, 0.0, 1.0],
                [0.993001, -0.105189, -0.053701, -0.125006, 0.103238, 0.552243, 0.827267, -0.002831, -0.057363, -0.82702, 0.559238, -1.2e-05, 0.0, 0.0, 0.0, 1.0],
                [0.876532, -0.47762, -0.059743, -0.125006, -0.121329, -0.339344, 0.932805, -0.002831, -0.4658, -0.810385, -0.355395, -1.2e-05, 0.0, 0.0, 0.0, 1.0],
                [0.867948, -0.238343, -0.435727, -0.125006, 0.28603, -0.477338, 0.830864, -0.002831, -0.40602, -0.845778, -0.346131, -1.2e-05, 0.0, 0.0, 0.0, 1.0],
                [0.791434, -0.560531, -0.243798, -0.125006, 0.326312, 0.050178, 0.943929, -0.002831, -0.516868, -0.826612, 0.22262, -1.2e-05, 0.0, 0.0, 0.0, 1.0]
            ]
        },
        {
            "name": "Leg_L",
            "time": [0.0, 0.0333, 0.1333, 0.2167, 0.35, 0.4333, 0.5],
            "transform": [
                [1.0, -1e-06, 1e-06, 0.0, -0.0, 0.511758, 0.859129, 0.374726, -1e-06, -0.85913, 0.511758, 0.0, 0.0, 0.0, 0.0, 1.0],
                [1.0, 0.0, 1e-06, 0.0, 0.0, 0.999989, 0.004809, 0.374726, -1e-06, -0.004809, 0.999988, -0.0, 0.0, 0.0, 0.0, 1.0],
                [1.0, -1e-06, 1e-06, -0.0, -0.0, 0.587466, 0.809249, 0.374726, -1e-06, -0.809249, 0.587466, 0.0, 0.0, 0.0, 0.0, 1.0],
                [1.0, -1e-06, 0.0, 0.0, -0.0, -0.236688, 0.971586, 0.374726, -1e-06, -0.971586, -0.236687, -0.0, 0.0, 0.0, 0.0, 1.0],
                [1.0, -1e-06, 1e-06, -0.0, -0.0, 0.426537, 0.90447, 0.374726, -1e-06, -0.904471, 0.426536, 0.0, 0.0, 0.0, 0.0, 1.0],
                [1.0, -0.0, 1e-06, 0.0, 0.0, 0.999988, 0.004933, 0.374726, -1e-06, -0.004933, 0.999987, 0.0, 0.0, 0.0, 0.0, 1.0],
                [1.0, -1e-06, 1e-06, -0.0, -0.0, 0.476122, 0.879379, 0.374726, -1e-06, -0.87938, 0.476121, 0.0, 0.0, 0.0, 0.0, 1.0]
            ]
        },
        {
            "name": "Knee_L",
            "time": [0.0, 0.5],
            "transform": [
                [1.0, 0.0, -0.0, 0.0, -0.0, 0.00567, -0.999984, 0.427103, -0.0, 0.999984, 0.00567, -0.000297, 0.0, 0.0, 0.0, 1.0],
                [1.0, 0.0, -0.0, -0.0, -0.0, 0.00567, -0.999984, 0.431409, -0.0, 0.999984, 0.00567, -0.000321, 0.0, 0.0, 0.0, 1.0]
            ]
        },
        {
            "name": "Torso",
            "time": [0.0, 0.1333, 0.2167, 0.35, 0.4333, 0.5],
            "transform": [
                [1.0, -0.0, 0.0, 0.0, 0.0, 1.0, 0.0, 0.05, 0.0, 0.0, 1.0, 0.0, 0.0, 0.0, 0.0, 1.0],
                [1.0, 0.0, 0.0, -0.0, -0.0, 1.0, -0.0, 0.05, -0.0, 0.0, 1.0, -0.0, 0.0, 0.0, 0.0, 1.0],
                [1.0, 0.0, 0.0, -0.0, 0.0, 1.0, -0.0, 0.05, 0.0, -0.0, 1.0, 0.0, 0.0, 0.0, 0.0, 1.0],
                [1.0, 0.0, 0.0, 0.0, 0.0, 0.957402, -0.288759, 0.05, 0.0, 0.288759, 0.957402, 0.0, 0.0, 0.0, 0.0, 1.0],
                [1.0, 0.0, 0.0, 0.0, 0.0, 0.849342, -0.527843, 0.05, 0.0, 0.527843, 0.849342, 0.0, 0.0, 0.0, 0.0, 1.0],
                [1.0, 0.0, 0.0, 0.0, 0.0, 1.0, 0.0, 0.05, 0.0, -0.0, 1.0, -0.0, 0.0, 0.0, 0.0, 1.0]
            ]
        },
        {
            "name": "Chest",
            "time": [0.0, 0.1333, 0.2167, 0.35, 0.4333, 0.5],
            "transform": [
                [0.999996, -0.000206, 0.002926, 0.0, -0.000775, 0.943601, 0.331084, 0.3, -0.002829, -0.331085, 0.943597, 0.0, 0.0, 0.0, 0.0, 1.0],
                [0.989484, -0.128175, 0.067029, -0.0, 0.097781, 0.934226, 0.343017, 0.3, -0.106587, -0.332855, 0.936935, -0.0, 0.0, 0.0, 0.0, 1.0],
                [0.994428, 0.103146, 0.02176, 0.0, -0.083819, 0.648476, 0.756606, 0.3, 0.06393, -0.754214, 0.653509, 0.0, 0.0, 0.0, 0.0, 1.0],
                [1.0, 0.0, 0.0, 0.0, 0.0, 0.842727, 0.538341, 0.3, 0.0, -0.538341, 0.842727, -0.0, 0.0, 0.0, 0.0, 1.0],
                [1.0, 0.0, 0.0, 0.0, 0.0, 0.744703, 0.667396, 0.3, 0.0, -0.667396, 0.744703, 0.0, 0.0, 0.0, 0.0, 1.0],
                [1.0, 0.0, 0.0, 0.0, 0.0, 0.988196, 0.153193, 0.3, 0.0, -0.153193, 0.988196, -0.0, 0.0, 0.0, 0.0, 1.0]
            ]
        },
        {
            "name": "Head",
            "time": [0.0, 0.1333, 0.2167, 0.35, 0.4333, 0.5],
            "transform": [
                [0.999887, 0.010476, -0.010789, -0.0, -0.014946, 0.613162, -0.789816, 0.4, -0.001658, 0.789888, 0.613249, 0.0, 0.0, 0.0, 0.0, 1.0],
                [0.999439, -0.004099, -0.033238, -0.0, -0.02738, 0.471481, -0.881451, 0.4, 0.019284, 0.881867, 0.471104, 0.0, 0.0, 0.0, 0.0, 1.0],
                [1.0, 0.0, 0.0, 0.0, 0.0, -0.026027, -0.999661, 0.4, -0.0, 0.999661, -0.026027, -0.0, 0.0, 0.0, 0.0, 1.0],
                [1.0, 0.0, 0.0, 0.0, 0.0, 0.916016, -0.401142, 0.4, 0.0, 0.401142, 0.916016, 0.0, 0.0, 0.0, 0.0, 1.0],
                [1.0, 0.0, 0.0, 0.0, 0.0, 0.996352, 0.085337, 0.4, 0.0, -0.085337, 0.996352, 0.0, 0.0, 0.0, 0.0, 1.0],
                [1.0, 0.0, 0.0, 0.0, 0.0, 0.969124, -0.246572, 0.4, 0.0, 0.246572, 0.969124, 0.0, 0.0, 0.0, 0.0, 1.0]
            ]
        },
        {
            "name": "Shoulder_R",
            "time": [0.0, 0.1333, 0.2167, 0.35, 0.4333, 0.5],
            "transform": [
                [0.0, 0.952114, 0.305743, -0.0, -0.0, -0.305743, 0.952114, 0.4, 1.0, -0.0, -0.0, 0.0, 0.0, 0.0, 0.0, 1.0],
                [0.0, 0.952114, 0.305743, -0.0, 0.0, -0.305743, 0.952114, 0.4, 1.0, 0.0, -0.0, 0.0, 0.0, 0.0, 0.0, 1.0],
                [0.0, 0.952114, 0.305743, 0.0, -0.0, -0.305743, 0.952114, 0.4, 1.0, -0.0, -0.0, -0.0, 0.0, 0.0, 0.0, 1.0],
                [-0.224419, 0.925287, 0.305743, 0.0, 0.072066, -0.297129, 0.952114, 0.4, 0.971824, 0.235706, -0.0, 0.0, 0.0, 0.0, 0.0, 1.0],
                [0.010577, 0.999807, 0.016544, 0.0, 0.001567, -0.016561, 0.999862, 0.4, 0.999943, -0.010549, -0.001742, 0.0, 0.0, 0.0, 0.0, 1.0],
                [-0.406889, 0.860791, 0.305743, 0.0, 0.130661, -0.276418, 0.952114, 0.4, 0.904084, 0.427354, -0.0, 0.0, 0.0, 0.0, 0.0, 1.0]
            ]
        },
        {
            "name": "Arm_R",
            "time": [0.0, 0.05, 0.1333, 0.2167, 0.3, 0.35, 0.5],
            "transform": [
                [-0.214563, -0.623512, 0.751795, -0.0, 0.966041, -0.248935, 0.069251, 0.393861, 0.143969, 0.741124, 0.655751, 0.0, 0.0, 0.0, 0.0, 1.0],
                [0.138698, -0.847108, -0.513002, -0.0, 0.919374, 0.30269, -0.251259, 0.39386, 0.368124, -0.436791, 0.820791, 0.0, 0.0, 0.0, 0.0, 1.0],
                [0.13064, -0.595897, -0.792364, 0.0, 0.747716, 0.584037, -0.315946, 0.393861, 0.65104, -0.551188, 0.521861, -0.0, 0.0, 0.0, 0.0, 1.0],
                [0.195312, -0.974453, 0.110882, 0.0, 0.976072, 0.182116, -0.11882, 0.39386, 0.095591, 0.131436, 0.986705, -0.0, 0.0, 0.0, 0.0, 1.0],
                [0.163795, -0.276128, -0.947061, -0.0, 0.831802, 0.554783, -0.017893, 0.393861, 0.530354, -0.784837, 0.320555, 0.0, 0.0, 0.0, 0.0, 1.0],
                [-0.161887, 0.00394, -0.986802, -0.0, 0.793457, 0.595059, -0.127792, 0.39386, 0.586701, -0.803673, -0.099458, -0.0, 0.0, 0.0, 0.0, 1.0],
                [-0.00742, -0.193021, -0.981167, 0.0, 0.365512, 0.912774, -0.182331, 0.393861, 0.930777, -0.359981, 0.063778, 0.0, 0.0, 0.0, 0.0, 1.0]
            ]
        },
        {
            "name": "Hand_R",
            "time": [0.0, 0.05, 0.1333, 0.2167, 0.35, 0.5],
            "transform": [
                [1.0, -4e-06, 1e-06, 0.0, 4e-06, 0.823946, -0.566668, 0.300003, 1e-06, 0.566668, 0.823946, 0.0, 0.0, 0.0, 0.0, 1.0],
                [1.0, -5e-06, 4e-06, -0.0, 5e-06, 0.197167, -0.98037, 0.300003, 4e-06, 0.98037, 0.197167, 0.0, 0.0, 0.0, 0.0, 1.0],
                [1.0, -3e-06, 2e-06, 0.0, 3e-06, 0.369121, -0.929382, 0.300003, 2e-06, 0.929382, 0.369121, 0.0, 0.0, 0.0, 0.0, 1.0],
                [1.0, -0.0, 0.0, 0.0, -0.0, 1.0, -0.000995, 0.300003, -0.0, 0.000995, 1.0, 0.0, 0.0, 0.0, 0.0, 1.0],
                [1.0, -4e-06, -0.0, -0.0, 4e-06, 0.951862, -0.306529, 0.300002, 2e-06, 0.306529, 0.951862, 0.0, 0.0, 0.0, 0.0, 1.0],
                [1.0, -2e-06, 3e-06, -0.0, 3e-06, 0.039148, -0.999234, 0.300002, 1e-06, 0.999234, 0.039148, 0.0, 0.0, 0.0, 0.0, 1.0]
            ]
        },
        {
            "name": "Tool_R",
            "time": [0.0, 0.5],
            "transform": [
                [1.0, 0.0, 0.0, -0.0, 0.0, -0.999559, -0.029689, 0.271711, 0.0, 0.029689, -0.99956, -0.028915, 0.0, 0.0, 0.0, 1.0],
                [1.0, 0.0, 0.0, 0.0, 0.0, -0.999559, -0.029689, 0.271711, 0.0, 0.029689, -0.99956, -0.028915, 0.0, 0.0, 0.0, 1.0]
            ]
        },
        {
            "name": "Elbow_R",
            "time": [0.0, 0.5],
            "transform": [
                [-1.0, 0.0, -0.0, 0.0, 0.0, 0.003946, -0.999992, 0.355654, -0.0, -0.999992, -0.003946, -0.001033, 0.0, 0.0, 0.0, 1.0],
                [-1.0, 0.0, -0.0, 0.0, -0.0, 0.003946, -0.999992, 0.442728, -0.0, -0.999992, -0.003946, -0.000689, 0.0, 0.0, 0.0, 1.0]
            ]
        },
        {
            "name": "Shoulder_L",
            "time": [0.0, 0.1333, 0.2167, 0.35, 0.4333, 0.5],
            "transform": [
                [-0.0, -0.952114, -0.305743, -0.0, 0.0, -0.305743, 0.952114, 0.4, -1.0, -0.0, 0.0, 0.0, 0.0, 0.0, 0.0, 1.0],
                [-0.0, -0.952114, -0.305743, -0.0, 0.0, -0.305743, 0.952114, 0.4, -1.0, -0.0, 0.0, 0.0, 0.0, 0.0, 0.0, 1.0],
                [-0.0, -0.952114, -0.305743, 0.0, 0.0, -0.305743, 0.952114, 0.4, -1.0, 0.0, 0.0, -0.0, 0.0, 0.0, 0.0, 1.0],
                [-0.221672, -0.925949, -0.305743, 0.0, -0.071183, -0.297342, 0.952114, 0.4, -0.972519, 0.232821, 0.0, 0.0, 0.0, 0.0, 0.0, 1.0],
                [0.004693, -0.983525, -0.180713, 0.0, -0.000303, -0.180716, 0.983535, 0.4, -0.999989, -0.004561, -0.001146, 0.0, 0.0, 0.0, 0.0, 1.0],
                [-0.0, -0.952114, -0.305743, 0.0, 0.0, -0.305743, 0.952114, 0.4, -1.0, 0.0, 0.0, 0.0, 0.0, 0.0, 0.0, 1.0]
            ]
        },
        {
            "name": "Arm_L",
            "time": [0.0, 0.05, 0.1333, 0.2167, 0.3, 0.35, 0.4333, 0.5],
            "transform": [
                [0.37311, 0.666209, -0.64572, 0.0, -0.880955, 0.036067, -0.471822, 0.39386, -0.291043, 0.744892, 0.600357, -0.0, 0.0, 0.0, 0.0, 1.0],
                [0.401619, 0.631791, 0.66298, -0.0, -0.670653, 0.695874, -0.256871, 0.39386, -0.62364, -0.341465, 0.703189, -0.0, 0.0, 0.0, 0.0, 1.0],
                [0.233083, 0.706805, 0.667906, 0.0, -0.681062, 0.6089, -0.406688, 0.39386, -0.694137, -0.360093, 0.623302, 0.0, 0.0, 0.0, 0.0, 1.0],
                [0.331097, 0.916142, -0.22596, -0.0, -0.940786, 0.338974, -0.004173, 0.39386, 0.072771, 0.213962, 0.974127, -0.0, 0.0, 0.0, 0.0, 1.0],
                [0.229329, 0.321605, 0.918683, 0.0, -0.854921, 0.517759, 0.03216, 0.39386, -0.465314, -0.792777, 0.393684, -0.0, 0.0, 0.0, 0.0, 1.0],
                [-0.363129, 0.051005, 0.930342, 0.0, -0.771093, 0.544046, -0.330798, 0.39386, -0.523022, -0.837502, -0.158229, -0.0, 0.0, 0.0, 0.0, 1.0],
                [-0.167244, -0.704819, 0.68939, -0.0, -0.685787, 0.585528, 0.432263, 0.39386, -0.708325, -0.400481, -0.581283, -0.0, 0.0, 0.0, 0.0, 1.0],
                [-0.056776, -0.086259, 0.994654, -0.0, 0.118578, 0.988626, 0.092505, 0.39386, -0.99132, 0.123196, -0.045902, 0.0, 0.0, 0.0, 0.0, 1.0]
            ]
        },
        {
            "name": "Hand_L",
            "time": [0.0, 0.05, 0.1333, 0.2167, 0.35, 0.5],
            "transform": [
                [1.0, 0.0, 0.0, 0.0, 0.0, 0.695364, -0.718658, 0.300003, -0.0, 0.718658, 0.695364, 0.0, 0.0, 0.0, 0.0, 1.0],
                [1.0, 0.0, 0.0, 0.0, -0.0, -0.093033, -0.995663, 0.300003, 0.0, 0.995663, -0.093033, -0.0, 0.0, 0.0, 0.0, 1.0],
                [1.0, -0.0, 0.0, 0.0, 0.0, 0.641714, -0.766944, 0.300003, -0.0, 0.766944, 0.641714, 0.0, 0.0, 0.0, 0.0, 1.0],
                [1.0, -0.0, -0.0, -0.0, 0.0, 0.999999, -0.001002, 0.300002, -0.0, 0.001002, 0.999999, 0.0, 0.0, 0.0, 0.0, 1.0],
                [1.0, -5e-06, -1e-06, 0.0, 4e-06, 0.983699, -0.179822, 0.300002, 1e-06, 0.179821, 0.983699, -0.0, 0.0, 0.0, 0.0, 1.0],
                [1.0, -2e-06, 2e-06, 0.0, 2e-06, 0.04565, -0.998957, 0.300003, 2e-06, 0.998957, 0.04565, 0.0, 0.0, 0.0, 0.0, 1.0]
            ]
        },
        {
            "name": "Tool_L",
            "time": [0.0, 0.5],
            "transform": [
                [1.0, 0.0, 0.0, 0.0, -0.0, -0.999559, -0.029689, 0.271711, 0.0, 0.029689, -0.99956, -0.028915, 0.0, 0.0, 0.0, 1.0],
                [1.0, -0.0, 0.0, 0.0, -0.0, -0.999559, -0.029689, 0.271711, 0.0, 0.029689, -0.99956, -0.028915, 0.0, 0.0, 0.0, 1.0]
            ]
        },
        {
            "name": "Elbow_L",
            "time": [0.0, 0.5],
            "transform": [
                [-1.0, 0.0, -0.0, 0.0, 0.0, 0.003946, -0.999992, 0.374342, -0.0, -0.999992, -0.003946, -0.000959, 0.0, 0.0, 0.0, 1.0],
                [-1.0, 0.0, -0.0, 0.0, 0.0, 0.003946, -0.999992, 0.442118, -0.0, -0.999993, -0.003946, -0.000691, 0.0, 0.0, 0.0, 1.0]
            ]
        }
    ]
}