{
    "animation": [
        {
            "name": "Coord",
            "time": [0.0, 0.0667, 0.2167, 0.3, 0.3833, 0.5],
            "transform": [
                [1.0, 0.0, 0.0, -5e-06, 0.0, 0.0, -1.0, -1.001264, 0.0, 1.0, 0.0, -1.01021, 0.0, 0.0, 0.0, 1.0],
                [1.0, 0.0, 0.0, -5e-06, 0.0, 0.0, -1.0, -0.99345, 0.0, 1.0, 0.0, 0.489629, 0.0, 0.0, 0.0, 1.0],
                [1.0, 0.0, 0.0, -5e-06, 0.0, 0.0, -1.0, -0.002837, 0.0, 1.0, 0.0, 0.539927, 0.0, 0.0, 0.0, 1.0],
                [1.0, 0.0, 0.0, -5e-06, 0.0, 0.0, -1.0, 0.508244, 0.0, 1.0, 0.0, 0.500352, 0.0, 0.0, 0.0, 1.0],
                [1.0, 0.0, 0.0, -5e-06, 0.0, 0.0, -1.0, 0.998569, 0.0, 1.0, 0.0, -0.235142, 0.0, 0.0, 0.0, 1.0],
                [1.0, 0.0, 0.0, -5e-06, 0.0, 0.0, -1.0, 1.773743, 0.0, 1.0, 0.0, -0.986807, 0.0, 0.0, 0.0, 1.0]
            ]
        },
        {
            "name": "Root",
            "time": [0.0, 0.0667, 0.1333, 0.2167, 0.3, 0.3833, 0.5],
            "transform": [
                [0.988764, -0.038361, 0.144478, 0.0, -0.0593, 0.786549, 0.614674, 0.54387, -0.137218, -0.616336, 0.775436, 0.071554, 0.0, 0.0, 0.0, 1.0],
                [0.970081, -0.229675, 0.078687, 0.046203, 0.148059, 0.816528, 0.557997, -0.510764, -0.192408, -0.529652, 0.826104, -0.161586, 0.0, 0.0, 0.0, 1.0],
                [0.678443, -0.599486, -0.424655, 0.184812, 0.72667, 0.632586, 0.267929, -0.350341, 0.108011, -0.490359, 0.864802, 0.094799, 0.0, 0.0, 0.0, 1.0],
                [0.207379, -0.955979, -0.2076, 0.223949, 0.947712, 0.143708, 0.284938, -0.140493, -0.242561, -0.255835, 0.935795, -0.020031, 0.0, 0.0, 0.0, 1.0],
                [0.557855, -0.773317, 0.301293, 0.30951, 0.647656, 0.632643, 0.424622, -0.234295, -0.518978, -0.041743, 0.853767, -0.000944, 0.0, 0.0, 0.0, 1.0],
                [0.480137, -0.555154, 0.67917, 0.196961, 0.45638, 0.819307, 0.347065, 0.575403, -0.749123, 0.143321, 0.646741, 0.087529, 0.0, 0.0, 0.0, 1.0],
                [0.92406, -0.226056, 0.308239, 0.196961, 0.051438, 0.872591, 0.485736, 0.575403, -0.37877, -0.432994, 0.817954, -0.000944, 0.0, 0.0, 0.0, 1.0]
            ]
        },
        {
            "name": "Thigh_R",
            "time": [0.0, 0.0667, 0.1333, 0.2167, 0.3, 0.3833, 0.5],
            "transform": [
                [0.981745, 0.175378, -0.073614, 0.124994, -0.013155, 0.448714, 0.893579, -0.002831, 0.189746, -0.876296, 0.44283, -1.2e-05, 0.0, 0.0, 0.0, 1.0],
                [0.897368, 0.175641, 0.404822, 0.124994, -0.129728, -0.771835, 0.622446, -0.002831, 0.421784, -0.611079, -0.669836, -1.2e-05, 0.0, 0.0, 0.0, 1.0],
                [0.553415, 0.832245, -0.033113, 0.124994, 0.45227, -0.266884, 0.851015, -0.002831, 0.699416, -0.48594, -0.524098, -1.2e-05, 0.0, 0.0, 0.0, 1.0],
                [0.761618, 0.372382, 0.530348, 0.124994, 0.065882, -0.858658, 0.508295, -0.002831, 0.644668, -0.352186, -0.678505, -1.2e-05, 0.0, 0.0, 0.0, 1.0],
                [0.616152, 0.561094, 0.552747, 0.124994, 0.186741, -0.785845, 0.589554, -0.002831, 0.765169, -0.260034, -0.588981, -1.2e-05, 0.0, 0.0, 0.0, 1.0],
                [0.383498, 0.378061, 0.842615, 0.124994, -0.039897, -0.904738, 0.424094, -0.002831, 0.92268, -0.196257, -0.331882, -1.2e-05, 0.0, 0.0, 0.0, 1.0],
                [-0.57346, -0.140972, 0.807014, 0.124994, 0.181421, -0.982476, -0.042706, -0.002831, 0.798893, 0.121919, 0.588987, -1.2e-05, 0.0, 0.0, 0.0, 1.0]
            ]
        },
        {
            "name": "Leg_R",
            "time": [0.0, 0.0667, 0.1333, 0.2167, 0.3, 0.3833, 0.5],
            "transform": [
                [1.0, -1e-06, 0.0, -0.0, -0.0, 0.209131, 0.977885, 0.374726, -1e-06, -0.977891, 0.209129, -0.0, 0.0, 0.0, 0.0, 1.0],
                [1.000001, 0.0, 1e-06, -0.0, 0.0, 0.999993, 0.004936, 0.374726, -1e-06, -0.004936, 0.999984, 0.0, 0.0, 0.0, 0.0, 1.0],
                [1.000001, -1e-06, 1e-06, 0.0, -0.0, 0.674121, 0.738622, 0.374726, -1e-06, -0.738626, 0.674114, -0.0, 0.0, 0.0, 0.0, 1.0],
                [1.0, -0.0, 1e-06, -0.0, -0.0, 0.940176, 0.340703, 0.374726, -1e-06, -0.340705, 0.940166, -0.0, 0.0, 0.0, 0.0, 1.0],
                [1.0, -0.0, 1e-06, 0.0, -0.0, 0.79755, 0.603256, 0.374726, -1e-06, -0.60326, 0.797543, 0.0, 0.0, 0.0, 0.0, 1.0],
                [1.0, -0.0, 1e-06, -0.0, -0.0, 0.846254, 0.532784, 0.374726, -1e-06, -0.532787, 0.846246, -0.0, 0.0, 0.0, 0.0, 1.0],
                [1.0, -0.0, 1e-06, -0.0, -0.0, 0.999994, 0.00472, 0.374726, -1e-06, -0.004721, 0.999984, 0.0, 0.0, 0.0, 0.0, 1.0]
            ]
        },
        {
            "name": "Knee_R",
            "time": [0.0, 0.5],
            "transform": [
                [1.0, 0.0, -0.0, 0.0, -0.0, 0.00567, -0.999984, 0.461403, -0.0, 0.999984, 0.00567, -0.000492, 0.0, 0.0, 0.0, 1.0],
                [1.0, 0.0, -0.0, -0.0, -0.0, 0.00567, -0.999984, 0.374726, -0.0, 0.999984, 0.00567, 0.0, 0.0, 0.0, 0.0, 1.0]
            ]
        },
        {
            "name": "Thigh_L",
            "time": [0.0, 0.0667, 0.1333, 0.2167, 0.3, 0.3833, 0.5],
            "transform": [
                [0.956647, -0.232755, -0.175079, -0.125006, -0.140552, -0.895432, 0.422427, -0.00283, -0.255093, -0.379506, -0.889327, -1.2e-05, 0.0, 0.0, 0.0, 1.0],
                [0.831183, -0.040321, 0.554536, -0.125006, 0.020246, -0.994511, -0.102657, -0.002831, 0.555631, 0.096554, -0.825804, -1.2e-05, 0.0, 0.0, 0.0, 1.0],
                [0.6704, 0.741071, 0.037105, -0.125006, 0.383785, -0.389116, 0.837436, -0.002831, 0.635038, -0.547176, -0.545275, -1.2e-05, 0.0, 0.0, 0.0, 1.0],
                [0.696344, 0.441489, 0.565856, -0.125006, 0.091212, -0.836464, 0.540377, -0.002831, 0.711889, -0.324675, -0.622736, -1.2e-05, 0.0, 0.0, 0.0, 1.0],
                [0.671162, 0.713313, 0.201808, -0.125006, 0.132313, -0.383127, 0.914171, -0.002831, 0.729408, -0.586854, -0.351521, -1.2e-05, 0.0, 0.0, 0.0, 1.0],
                [0.602267, 0.639041, 0.478438, -0.125006, -0.227627, -0.436972, 0.870197, -0.002831, 0.765154, -0.632995, -0.117711, -1.2e-05, 0.0, 0.0, 0.0, 1.0],
                [0.973078, 0.00479, 0.230425, -0.125006, -0.203192, -0.454017, 0.867515, -0.002831, 0.108772, -0.89098, -0.440821, -1.2e-05, 0.0, 0.0, 0.0, 1.0]
            ]
        },
        {
            "name": "Leg_L",
            "time": [0.0, 0.0667, 0.1333, 0.2167, 0.3, 0.3833, 0.5],
            "transform": [
                [1.0, -1e-06, 1e-06, 0.0, -0.0, 0.482731, 0.875769, 0.374726, -1e-06, -0.875769, 0.48273, -0.0, 0.0, 0.0, 0.0, 1.0],
                [1.0, 0.0, 1e-06, 0.0, 0.0, 0.999988, 0.005098, 0.374726, -1e-06, -0.005099, 0.999986, -0.0, 0.0, 0.0, 0.0, 1.0],
                [1.0, -1e-06, 0.0, 0.0, -0.0, 0.321353, 0.94696, 0.374726, -1e-06, -0.94696, 0.321352, -0.0, 0.0, 0.0, 0.0, 1.0],
                [1.0, -0.0, 1e-06, -0.0, -0.0, 0.734331, 0.678792, 0.374726, -1e-06, -0.678793, 0.734329, -0.0, 0.0, 0.0, 0.0, 1.0],
                [1.0, -1e-06, 0.0, -0.0, -0.0, -0.232022, 0.97271, 0.374726, -1e-06, -0.972711, -0.232021, -0.0, 0.0, 0.0, 0.0, 1.0],
                [1.0, -0.0, 1e-06, -0.0, -0.0, 0.804265, 0.594271, 0.374726, -1e-06, -0.594271, 0.804264, 0.0, 0.0, 0.0, 0.0, 1.0],
                [1.000001, -0.0, 1e-06, -0.0, -0.0, 0.918109, 0.396328, 0.374726, -1e-06, -0.396328, 0.918108, -0.0, 0.0, 0.0, 0.0, 1.0]
            ]
        },
        {
            "name": "Knee_L",
            "time": [0.0, 0.5],
            "transform": [
                [1.0, 0.0, -0.0, 0.0, -0.0, 0.00567, -0.999984, 0.430617, -0.0, 0.999984, 0.00567, -0.000317, 0.0, 0.0, 0.0, 1.0],
                [1.0, 0.0, -0.0, -0.0, -0.0, 0.00567, -0.999984, 0.374726, -0.0, 0.999984, 0.00567, -0.0, 0.0, 0.0, 0.0, 1.0]
            ]
        },
        {
            "name": "Torso",
            "time": [0.0, 0.3833, 0.5],
            "transform": [
                [1.0, 0.0, 0.0, 0.0, 0.0, 1.0, 0.0, 0.05, 0.0, 0.0, 1.0, -0.0, 0.0, 0.0, 0.0, 1.0],
                [1.0, 0.0, 0.0, 0.0, -0.0, 1.0, -0.0, 0.05, 0.0, 0.0, 1.0, 0.0, 0.0, 0.0, 0.0, 1.0],
                [1.0, 0.0, 0.0, 0.0, 0.0, 1.0, 0.0, 0.05, -0.0, -0.0, 1.0, -0.0, 0.0, 0.0, 0.0, 1.0]
            ]
        },
        {
            "name": "Chest",
            "time": [0.0, 0.1333, 0.2167, 0.3, 0.3833, 0.5],
            "transform": [
                [0.836486, 0.149552, -0.527186, 0.0, -0.099976, 0.987542, 0.121512, 0.3, 0.53879, -0.048937, 0.841017, 0.0, 0.0, 0.0, 0.0, 1.0],
                [0.927347, 0.205367, -0.312813, -0.0, -0.172927, 0.976522, 0.128454, 0.3, 0.331849, -0.065028, 0.941088, -0.0, 0.0, 0.0, 0.0, 1.0],
                [0.981514, 0.136465, -0.134193, -0.0, -0.118782, 0.98411, 0.131978, 0.3, 0.150071, -0.113598, 0.982127, 0.0, 0.0, 0.0, 0.0, 1.0],
                [0.997929, -0.000832, 0.06432, -0.0, -0.006379, 0.993707, 0.111824, 0.3, -0.064008, -0.112002, 0.991644, 0.0, 0.0, 0.0, 0.0, 1.0],
                [0.962566, -0.08071, 0.25875, 0.0, 0.053498, 0.99243, 0.110547, 0.3, -0.265714, -0.092566, 0.959598, 0.0, 0.0, 0.0, 0.0, 1.0],
                [0.962566, -0.08071, 0.25875, 0.0, 0.053498, 0.99243, 0.110547, 0.3, -0.265714, -0.092566, 0.959598, 0.0, 0.0, 0.0, 0.0, 1.0]
            ]
        },
        {
            "name": "Head",
            "time": [0.0, 0.1333, 0.2167, 0.3, 0.3833, 0.5],
            "transform": [
                [0.908715, 0.034637, 0.415978, -0.0, 0.115969, 0.936369, -0.331307, 0.4, -0.400984, 0.349304, 0.846876, -0.0, 0.0, 0.0, 0.0, 1.0],
                [0.802402, 0.454141, 0.387178, -0.0, -0.355963, 0.884941, -0.300283, 0.4, -0.479001, 0.103127, 0.871736, 0.0, 0.0, 0.0, 0.0, 1.0],
                [0.840221, 0.528128, 0.122925, 0.0, -0.490987, 0.8372, -0.240892, 0.4, -0.230135, 0.142048, 0.962736, 0.0, 0.0, 0.0, 0.0, 1.0],
                [0.81339, 0.566288, -0.133095, -0.0, -0.563658, 0.8238, 0.060362, 0.4, 0.143826, 0.025922, 0.989263, 0.0, 0.0, 0.0, 0.0, 1.0],
                [0.860967, 0.400429, -0.313675, -0.0, -0.423788, 0.905735, -0.006966, 0.4, 0.281317, 0.13893, 0.949505, 0.0, 0.0, 0.0, 0.0, 1.0],
                [0.966309, 0.140514, -0.215645, -0.0, -0.139147, 0.990036, 0.021589, 0.4, 0.21653, 0.009145, 0.976233, -0.0, 0.0, 0.0, 0.0, 1.0]
            ]
        },
        {
            "name": "Shoulder_R",
            "time": [0.0, 0.3833, 0.5],
            "transform": [
                [0.0, 0.952114, 0.305743, -0.0, 0.0, -0.305743, 0.952114, 0.4, 1.0, -0.0, -0.0, -0.0, 0.0, 0.0, 0.0, 1.0],
                [0.0, 0.952114, 0.305743, -0.0, -0.0, -0.305743, 0.952114, 0.4, 1.0, -0.0, -0.0, 0.0, 0.0, 0.0, 0.0, 1.0],
                [-0.0, 0.952114, 0.305743, -0.0, -0.0, -0.305743, 0.952114, 0.4, 1.0, -0.0, -0.0, -0.0, 0.0, 0.0, 0.0, 1.0]
            ]
        },
        {
            "name": "Arm_R",
            "time": [0.0, 0.1333, 0.2167, 0.3, 0.3833, 0.5],
            "transform": [
                [-0.384089, 0.769108, -0.51083, -0.0, 0.782751, 0.564671, 0.261626, 0.393861, 0.48967, -0.299365, -0.818905, 0.0, 0.0, 0.0, 0.0, 1.0],
                [0.287289, -0.070375, -0.955256, -0.0, -0.108618, 0.988471, -0.105488, 0.39386, 0.951666, 0.134063, 0.276332, -0.0, 0.0, 0.0, 0.0, 1.0],
                [0.656901, -0.228448, -0.718535, 0.0, 0.451042, 0.882732, 0.131701, 0.39386, 0.604188, -0.410604, 0.682907, 0.0, 0.0, 0.0, 0.0, 1.0],
                [0.670476, 0.199723, -0.714544, 0.0, -0.095057, 0.978274, 0.184245, 0.39386, 0.735818, -0.055609, 0.674893, 0.0, 0.0, 0.0, 0.0, 1.0],
                [-0.033085, 0.188766, -0.981465, 0.0, 0.016346, 0.981973, 0.188313, 0.393861, 0.99932, -0.009813, -0.035574, -0.0, 0.0, 0.0, 0.0, 1.0],
                [0.591016, 0.233095, -0.772248, -0.0, 0.268812, 0.845709, 0.460996, 0.39386, 0.760553, -0.480045, 0.437169, -0.0, 0.0, 0.0, 0.0, 1.0]
            ]
        },
        {
            "name": "Hand_R",
            "time": [0.0, 0.1333, 0.2167, 0.3, 0.3833, 0.5],
            "transform": [
                [1.0, -2e-06, 1e-06, 0.0, 2e-06, 0.768386, -0.639987, 0.300003, 1e-06, 0.639986, 0.768386, -0.0, 0.0, 0.0, 0.0, 1.0],
                [1.0, -6e-06, 5e-06, 0.0, 7e-06, 0.354181, -0.935178, 0.300003, 5e-06, 0.935177, 0.354181, 0.0, 0.0, 0.0, 0.0, 1.0],
                [1.0, 0.0, 0.0, -0.0, -0.0, 0.999999, -0.000995, 0.300003, -0.0, 0.000995, 0.999999, -0.0, 0.0, 0.0, 0.0, 1.0],
                [1.0, -0.0, 0.0, 0.0, -0.0, 1.0, -0.001, 0.300003, -0.0, 0.001, 1.0, -0.0, 0.0, 0.0, 0.0, 1.0],
                [1.0, -7e-06, 2e-06, -0.0, 7e-06, 0.764435, -0.644701, 0.300003, 2e-06, 0.6447, 0.764435, 0.0, 0.0, 0.0, 0.0, 1.0],
                [1.0, -1e-06, 3e-06, 0.0, 1e-06, -0.574367, -0.818599, 0.300002, 3e-06, 0.818599, -0.574367, -0.0, 0.0, 0.0, 0.0, 1.0]
            ]
        },
        {
            "name": "Tool_R",
            "time": [0.0, 0.5],
            "transform": [
                [1.0, -0.0, 0.0, -0.0, 0.0, -0.999559, -0.029689, 0.271711, 0.0, 0.029689, -0.99956, -0.028915, 0.0, 0.0, 0.0, 1.0],
                [1.0, 0.0, 0.0, 0.0, -0.0, -0.999559, -0.029689, 0.271711, 0.0, 0.029689, -0.99956, -0.028915, 0.0, 0.0, 0.0, 1.0]
            ]
        },
        {
            "name": "Elbow_R",
            "time": [0.0, 0.5],
            "transform": [
                [-1.0, 0.0, -0.0, 0.0, 0.0, 0.003946, -0.999992, 0.364278, -0.0, -0.999992, -0.003946, -0.000999, 0.0, 0.0, 0.0, 1.0],
                [-1.0, 0.0, -0.0, 0.0, 0.0, 0.003946, -0.999992, 0.447206, -0.0, -0.999992, -0.003946, -0.000672, 0.0, 0.0, 0.0, 1.0]
            ]
        },
        {
            "name": "Shoulder_L",
            "time": [0.0, 0.3833, 0.5],
            "transform": [
                [-0.0, -0.952114, -0.305743, -0.0, 0.0, -0.305743, 0.952114, 0.4, -1.0, -0.0, 0.0, -0.0, 0.0, 0.0, 0.0, 1.0],
                [0.0, -0.952114, -0.305743, -0.0, 0.0, -0.305743, 0.952114, 0.4, -1.0, -0.0, 0.0, 0.0, 0.0, 0.0, 0.0, 1.0],
                [0.0, -0.952114, -0.305743, -0.0, 0.0, -0.305743, 0.952114, 0.4, -1.0, 0.0, 0.0, -0.0, 0.0, 0.0, 0.0, 1.0]
            ]
        },
        {
            "name": "Arm_L",
            "time": [0.0, 0.1333, 0.2167, 0.3, 0.3833, 0.5],
            "transform": [
                [-0.385295, 0.226674, 0.89452, 0.0, 0.915953, 0.211752, 0.340868, 0.39386, -0.112151, 0.950673, -0.289209, -0.0, 0.0, 0.0, 0.0, 1.0],
                [-0.723992, -0.583999, 0.367126, -0.0, 0.055787, 0.4809, 0.874998, 0.39386, -0.687548, 0.653971, -0.315588, 0.0, 0.0, 0.0, 0.0, 1.0],
                [-0.304895, -0.940633, -0.149152, -0.0, 0.567305, -0.305168, 0.764877, 0.39386, -0.764985, 0.148592, 0.626671, 0.0, 0.0, 0.0, 0.0, 1.0],
                [-0.217591, -0.751171, 0.623214, 0.0, 0.003264, 0.637949, 0.770071, 0.39386, -0.976034, 0.169594, -0.13636, 0.0, 0.0, 0.0, 0.0, 1.0],
                [-0.755315, 0.348655, 0.554922, -0.0, 0.298542, 0.936832, -0.182256, 0.39386, -0.583413, 0.028007, -0.811692, -0.0, 0.0, 0.0, 0.0, 1.0],
                [-0.469955, -0.421399, 0.775607, -0.0, -0.42053, 0.879443, 0.223008, 0.393861, -0.776078, -0.221361, -0.590509, -0.0, 0.0, 0.0, 0.0, 1.0]
            ]
        },
        {
            "name": "Hand_L",
            "time": [0.0, 0.1333, 0.2167, 0.3, 0.3833, 0.5],
            "transform": [
                [1.0, 0.0, 0.0, 0.0, 0.0, 0.914293, -0.405051, 0.300003, 0.0, 0.405052, 0.914294, 0.0, 0.0, 0.0, 0.0, 1.0],
                [1.0, 0.0, -0.0, -0.0, -0.0, 0.447478, -0.894295, 0.300003, -0.0, 0.894295, 0.447478, -0.0, 0.0, 0.0, 0.0, 1.0],
                [1.0, -0.0, 0.0, 0.0, 0.0, -0.271739, -0.962371, 0.300003, 0.0, 0.962371, -0.271739, -0.0, 0.0, 0.0, 0.0, 1.0],
                [1.0, 1e-06, -1e-06, -0.0, -1e-06, 0.081703, -0.996657, 0.300003, -1e-06, 0.996657, 0.081703, 0.0, 0.0, 0.0, 0.0, 1.0],
                [1.0, 0.0, -0.0, 0.0, 0.0, 0.999999, -0.001003, 0.300003, -0.0, 0.001003, 0.999999, -0.0, 0.0, 0.0, 0.0, 1.0],
                [1.0, 0.0, 0.0, 0.0, 0.0, 1.0, -0.001008, 0.300002, -0.0, 0.001008, 0.999999, 0.0, 0.0, 0.0, 0.0, 1.0]
            ]
        },
        {
            "name": "Tool_L",
            "time": [0.0, 0.5],
            "transform": [
                [1.0, 0.0, 0.0, 0.0, -0.0, -0.999559, -0.029689, 0.271711, 0.0, 0.029689, -0.99956, -0.028915, 0.0, 0.0, 0.0, 1.0],
                [1.0, -0.0, 0.0, -0.0, -0.0, -0.999559, -0.029689, 0.271711, 0.0, 0.029689, -0.999559, -0.028915, 0.0, 0.0, 0.0, 1.0]
            ]
        },
        {
            "name": "Elbow_L",
            "time": [0.0, 0.5],
            "transform": [
                [-1.0, 0.0, -0.0, -0.0, 0.0, 0.003946, -0.999992, 0.338279, -0.0, -0.999993, -0.003946, -0.001101, 0.0, 0.0, 0.0, 1.0],
                [-1.0, 0.0, -0.0, -0.0, 0.0, 0.003946, -0.999992, 0.300007, -0.0, -0.999993, -0.003946, -0.001252, 0.0, 0.0, 0.0, 1.0]
            ]
        }
    ]
}