{
    "animation": [
        {
            "name": "Root",
            "time": [0.0, 0.1167, 0.25, 0.3667, 0.5],
            "transform": [
                [0.747261, 0.641926, -0.171847, 0.063831, -0.421836, 0.258401, -0.869071, -0.0177, -0.513474, 0.721914, 0.46388, 0.759095, 0.0, 0.0, 0.0, 1.0],
                [0.784592, 0.602129, 0.147837, 0.063831, -0.078529, 0.333031, -0.93964, -0.0177, -0.615019, 0.725625, 0.308578, 0.909095, 0.0, 0.0, 0.0, 1.0],
                [0.672322, 0.52659, 0.520275, 0.063831, 0.34482, 0.399142, -0.849579, -0.0177, -0.655043, 0.750592, 0.086774, 0.759095, 0.0, 0.0, 0.0, 1.0],
                [0.77679, 0.59012, 0.219898, 0.063831, 0.001292, 0.347684, -0.937611, -0.0177, -0.629758, 0.728611, 0.269315, 0.909095, 0.0, 0.0, 0.0, 1.0],
                [0.747261, 0.641926, -0.171847, 0.063831, -0.421836, 0.258401, -0.869071, -0.0177, -0.513474, 0.721914, 0.46388, 0.759095, 0.0, 0.0, 0.0, 1.0]
            ]
        },
        {
            "name": "Thigh_R",
            "time": [0.0, 0.1167, 0.25, 0.3667, 0.5],
            "transform": [
                [0.976049, 0.147329, 0.160068, 0.124994, 0.16915, -0.97664, -0.132509, -0.002831, 0.136807, 0.15641, -0.978172, -1.2e-05, 0.0, 0.0, 0.0, 1.0],
                [0.949871, 0.306221, 0.063024, 0.124994, 0.123668, -0.553163, 0.823843, -0.002831, 0.287141, -0.774749, -0.563305, -1.2e-05, 0.0, 0.0, 0.0, 1.0],
                [0.918948, 0.330242, 0.215578, 0.124994, -0.199457, -0.082387, 0.976438, -0.002831, 0.340222, -0.940291, -0.00984, -1.2e-05, 0.0, 0.0, 0.0, 1.0],
                [0.948928, 0.145397, 0.279991, 0.124994, -0.105775, -0.689487, 0.716532, -0.002831, 0.297231, -0.709552, -0.638896, -1.2e-05, 0.0, 0.0, 0.0, 1.0],
                [0.976049, 0.147329, 0.160068, 0.124994, 0.16915, -0.97664, -0.132508, -0.002831, 0.136807, 0.156409, -0.978172, -1.2e-05, 0.0, 0.0, 0.0, 1.0]
            ]
        },
        {
            "name": "Leg_R",
            "time": [0.0, 0.1167, 0.25, 0.3667, 0.5],
            "transform": [
                [1.0, -0.0, 1e-06, 0.0, -0.0, 0.837324, 0.54671, 0.374726, -1e-06, -0.546714, 0.837317, -0.0, 0.0, 0.0, 0.0, 1.0],
                [1.0, -1e-06, 1e-06, 0.0, -0.0, 0.347185, 0.937794, 0.374726, -1e-06, -0.937801, 0.347182, -0.0, 0.0, 0.0, 0.0, 1.0],
                [1.0, -1e-06, 1e-06, -0.0, -0.0, 0.815844, 0.578274, 0.374726, -1e-06, -0.578278, 0.815838, -0.0, 0.0, 0.0, 0.0, 1.0],
                [1.0, -1e-06, 1e-06, -0.0, -0.0, 0.485202, 0.8744, 0.374726, -1e-06, -0.874406, 0.485199, 0.0, 0.0, 0.0, 0.0, 1.0],
                [1.0, -0.0, 1e-06, -0.0, -0.0, 0.837322, 0.546712, 0.374726, -1e-06, -0.546715, 0.837318, 0.0, 0.0, 0.0, 0.0, 1.0]
            ]
        },
        {
            "name": "Knee_R",
            "time": [0.0, 0.5],
            "transform": [
                [1.0, 0.0, -0.0, 0.0, -0.0, 0.00567, -0.999984, 0.379295, -0.0, 0.999984, 0.00567, -2.6e-05, 0.0, 0.0, 0.0, 1.0],
                [1.0, 0.0, -0.0, -0.0, -0.0, 0.00567, -0.999984, 0.379295, -0.0, 0.999984, 0.00567, -2.6e-05, 0.0, 0.0, 0.0, 1.0]
            ]
        },
        {
            "name": "Thigh_L",
            "time": [0.0, 0.1167, 0.25, 0.3667, 0.5],
            "transform": [
                [0.970303, -0.232525, -0.06666, -0.125006, 0.00951, -0.238693, 0.971048, -0.002831, -0.241704, -0.942845, -0.229393, -1.2e-05, 0.0, 0.0, 0.0, 1.0],
                [0.913334, 0.150653, -0.378317, -0.125006, 0.394223, -0.559883, 0.728779, -0.002831, -0.10202, -0.81476, -0.570752, -1.2e-05, 0.0, 0.0, 0.0, 1.0],
                [0.987732, -0.030252, 0.153199, -0.125006, 0.005772, -0.973311, -0.229414, -0.002831, 0.15605, 0.227484, -0.961196, -1.2e-05, 0.0, 0.0, 0.0, 1.0],
                [0.996048, 0.054201, -0.070352, -0.125006, 0.082402, -0.268588, 0.959724, -0.002831, 0.033122, -0.961728, -0.271993, -1.2e-05, 0.0, 0.0, 0.0, 1.0],
                [0.970303, -0.232525, -0.066659, -0.125006, 0.00951, -0.238692, 0.971049, -0.002831, -0.241704, -0.942845, -0.229392, -1.2e-05, 0.0, 0.0, 0.0, 1.0]
            ]
        },
        {
            "name": "Leg_L",
            "time": [0.0, 0.1167, 0.25, 0.3667, 0.5],
            "transform": [
                [1.0, -0.0, 1e-06, 0.0, -0.0, 0.866672, 0.49888, 0.374726, -1e-06, -0.498881, 0.866671, -0.0, 0.0, 0.0, 0.0, 1.0],
                [1.0, -1e-06, 1e-06, -0.0, -0.0, 0.429511, 0.903062, 0.374726, -1e-06, -0.903063, 0.42951, 0.0, 0.0, 0.0, 0.0, 1.0],
                [1.0, -0.0, 1e-06, -0.0, -0.0, 0.851863, 0.523766, 0.374726, -1e-06, -0.523767, 0.851862, 0.0, 0.0, 0.0, 0.0, 1.0],
                [1.0, -1e-06, -0.0, -0.0, -0.0, -0.525828, 0.850591, 0.374726, -0.0, -0.850592, -0.525828, -0.0, 0.0, 0.0, 0.0, 1.0],
                [1.0, -0.0, 1e-06, -0.0, -0.0, 0.86667, 0.498881, 0.374726, -1e-06, -0.498881, 0.86667, 0.0, 0.0, 0.0, 0.0, 1.0]
            ]
        },
        {
            "name": "Knee_L",
            "time": [0.0, 0.5],
            "transform": [
                [1.0, 0.0, -0.0, 0.0, -0.0, 0.00567, -0.999984, 0.374726, -0.0, 0.999984, 0.00567, -0.0, 0.0, 0.0, 0.0, 1.0],
                [1.0, 0.0, -0.0, -0.0, -0.0, 0.00567, -0.999984, 0.374726, -0.0, 0.999984, 0.00567, -0.0, 0.0, 0.0, 0.0, 1.0]
            ]
        },
        {
            "name": "Torso",
            "time": [0.0, 0.5],
            "transform": [
                [1.0, -0.0, -0.0, -0.0, 0.0, 1.0, -0.0, 0.05, -0.0, 0.0, 1.0, 0.0, 0.0, 0.0, 0.0, 1.0],
                [1.0, -0.0, -0.0, -0.0, 0.0, 1.0, -0.0, 0.05, -0.0, 0.0, 1.0, 0.0, 0.0, 0.0, 0.0, 1.0]
            ]
        },
        {
            "name": "Chest",
            "time": [0.0, 0.25, 0.5],
            "transform": [
                [0.840571, -0.411577, 0.3522, -0.0, 0.186655, 0.830418, 0.524943, 0.3, -0.508528, -0.375512, 0.774849, 0.0, 0.0, 0.0, 0.0, 1.0],
                [0.939911, -0.035979, -0.339519, 0.0, 0.148802, 0.938186, 0.312515, 0.3, 0.307288, -0.344257, 0.887165, -0.0, 0.0, 0.0, 0.0, 1.0],
                [0.840571, -0.411577, 0.3522, -0.0, 0.186655, 0.830418, 0.524943, 0.3, -0.508528, -0.375512, 0.774849, 0.0, 0.0, 0.0, 0.0, 1.0]
            ]
        },
        {
            "name": "Head",
            "time": [0.0, 0.25, 0.5],
            "transform": [
                [0.876053, -0.441995, -0.1928, -0.0, 0.230352, 0.734836, -0.63793, 0.4, 0.423638, 0.514449, 0.745569, 0.0, 0.0, 0.0, 0.0, 1.0],
                [0.898921, -0.394844, -0.189842, -0.0, 0.243272, 0.810229, -0.533242, 0.4, 0.364363, 0.433159, 0.824386, 0.0, 0.0, 0.0, 0.0, 1.0],
                [0.876053, -0.441995, -0.1928, -0.0, 0.230352, 0.734836, -0.63793, 0.4, 0.423638, 0.514449, 0.745569, 0.0, 0.0, 0.0, 0.0, 1.0]
            ]
        },
        {
            "name": "Shoulder_R",
            "time": [0.0, 0.5],
            "transform": [
                [0.025877, 0.94658, 0.321428, -0.0, -0.045237, -0.320097, 0.946304, 0.4, 0.998641, -0.039028, 0.034537, 0.0, 0.0, 0.0, 0.0, 1.0],
                [0.025877, 0.94658, 0.321428, -0.0, -0.045237, -0.320097, 0.946304, 0.4, 0.998641, -0.039028, 0.034537, 0.0, 0.0, 0.0, 0.0, 1.0]
            ]
        },
        {
            "name": "Arm_R",
            "time": [0.0, 0.25, 0.5],
            "transform": [
                [0.551799, -0.533825, -0.640741, -0.0, 0.094464, 0.803359, -0.587956, 0.393861, 0.82861, 0.263906, 0.49372, 0.0, 0.0, 0.0, 0.0, 1.0],
                [0.703895, 0.705767, -0.080155, 0.0, -0.004974, 0.117741, 0.993032, 0.39386, 0.710287, -0.698592, 0.086388, 0.0, 0.0, 0.0, 0.0, 1.0],
                [0.5518, -0.533824, -0.640741, -0.0, 0.094463, 0.803359, -0.587956, 0.393861, 0.82861, 0.263908, 0.49372, 0.0, 0.0, 0.0, 0.0, 1.0]
            ]
        },
        {
            "name": "Hand_R",
            "time": [0.0, 0.25, 0.5],
            "transform": [
                [0.999999, -0.0, 0.0, 0.0, 0.0, 0.416158, -0.909292, 0.300003, -0.0, 0.909292, 0.416158, 0.0, 0.0, 0.0, 0.0, 1.0],
                [0.999999, -3e-06, 1e-06, -0.0, 3e-06, 0.61946, -0.785028, 0.300003, 1e-06, 0.785028, 0.61946, -0.0, 0.0, 0.0, 0.0, 1.0],
                [0.999999, -3e-06, 2e-06, -0.0, 3e-06, 0.416159, -0.909292, 0.300003, 2e-06, 0.909292, 0.416159, -0.0, 0.0, 0.0, 0.0, 1.0]
            ]
        },
        {
            "name": "Tool_R",
            "time": [0.0, 0.5],
            "transform": [
                [1.0, -0.0, 0.0, -0.0, 0.0, -0.999559, -0.029689, 0.271711, 0.0, 0.029689, -0.99956, -0.028915, 0.0, 0.0, 0.0, 1.0],
                [1.0, 0.0, 0.0, 0.0, -0.0, -0.999559, -0.029689, 0.271711, 0.0, 0.029689, -0.99956, -0.028915, 0.0, 0.0, 0.0, 1.0]
            ]
        },
        {
            "name": "Elbow_R",
            "time": [0.0, 0.5],
            "transform": [
                [-1.0, 0.0, -0.0, 0.0, 0.0, 0.003946, -0.999992, 0.406176, -0.0, -0.999993, -0.003946, -0.000833, 0.0, 0.0, 0.0, 1.0],
                [-1.0, 0.0, -0.0, -0.0, 0.0, 0.003946, -0.999992, 0.406176, -0.0, -0.999992, -0.003946, -0.000833, 0.0, 0.0, 0.0, 1.0]
            ]
        },
        {
            "name": "Shoulder_L",
            "time": [0.0, 0.5],
            "transform": [
                [-0.0, -0.952114, -0.305743, -0.0, 0.0, -0.305743, 0.952114, 0.4, -1.0, -0.0, 0.0, 0.0, 0.0, 0.0, 0.0, 1.0],
                [-0.0, -0.952114, -0.305743, -0.0, 0.0, -0.305743, 0.952114, 0.4, -1.0, -0.0, 0.0, 0.0, 0.0, 0.0, 0.0, 1.0]
            ]
        },
        {
            "name": "Arm_L",
            "time": [0.0, 0.1167, 0.25, 0.3667, 0.5],
            "transform": [
                [0.775359, -0.501351, 0.384012, 0.0, 0.565434, 0.821938, -0.06858, 0.39386, -0.281251, 0.270308, 0.920777, -0.0, 0.0, 0.0, 0.0, 1.0],
                [0.746505, -0.609524, 0.266852, 0.0, 0.621383, 0.782036, 0.047979, 0.39386, -0.237932, 0.130001, 0.962542, -0.0, 0.0, 0.0, 0.0, 1.0],
                [0.637442, -0.667907, 0.384144, -0.0, 0.708251, 0.704244, 0.049202, 0.39386, -0.303393, 0.240708, 0.92196, -0.0, 0.0, 0.0, 0.0, 1.0],
                [0.726245, -0.583413, 0.363588, 0.0, 0.647954, 0.757614, -0.078583, 0.39386, -0.229613, 0.292659, 0.928239, -0.0, 0.0, 0.0, 0.0, 1.0],
                [0.775359, -0.501353, 0.38401, 0.0, 0.565434, 0.821937, -0.068577, 0.39386, -0.281251, 0.270304, 0.920778, -0.0, 0.0, 0.0, 0.0, 1.0]
            ]
        },
        {
            "name": "Hand_L",
            "time": [0.0, 0.1167, 0.25, 0.3667, 0.5],
            "transform": [
                [1.0, -2e-06, 0.0, 0.0, 2e-06, 0.967862, -0.251483, 0.300003, 0.0, 0.251483, 0.967862, 0.0, 0.0, 0.0, 0.0, 1.0],
                [1.0, 0.0, 0.0, -0.0, -0.0, 0.929394, -0.36909, 0.300003, -0.0, 0.36909, 0.929394, 0.0, 0.0, 0.0, 0.0, 1.0],
                [1.0, -4e-06, 1e-06, 0.0, 4e-06, 0.926757, -0.375664, 0.300002, 1e-06, 0.375664, 0.926756, -0.0, 0.0, 0.0, 0.0, 1.0],
                [1.0, 0.0, -0.0, 0.0, 0.0, 1.0, -0.000993, 0.300003, -0.0, 0.000993, 0.999999, -0.0, 0.0, 0.0, 0.0, 1.0],
                [1.0, -1e-06, 0.0, -0.0, 1e-06, 0.96786, -0.251492, 0.300003, 0.0, 0.251492, 0.967859, 0.0, 0.0, 0.0, 0.0, 1.0]
            ]
        },
        {
            "name": "Tool_L",
            "time": [0.0, 0.5],
            "transform": [
                [1.0, -0.0, 0.0, 0.0, -0.0, -0.999559, -0.029689, 0.271711, 0.0, 0.029689, -0.999559, -0.028915, 0.0, 0.0, 0.0, 1.0],
                [1.0, -0.0, 0.0, 0.0, 0.0, -0.999559, -0.029689, 0.271711, 0.0, 0.029689, -0.99956, -0.028915, 0.0, 0.0, 0.0, 1.0]
            ]
        },
        {
            "name": "Elbow_L",
            "time": [0.0, 0.5],
            "transform": [
                [-1.0, 0.0, -0.0, 0.0, 0.0, 0.003946, -0.999992, 0.32302, -0.0, -0.999993, -0.003946, -0.001161, 0.0, 0.0, 0.0, 1.0],
                [-1.0, 0.0, -0.0, -0.0, 0.0, 0.003946, -0.999992, 0.323022, -0.0, -0.999992, -0.003946, -0.001161, 0.0, 0.0, 0.0, 1.0]
            ]
        }
    ]
}