{
    "animation": [
        {
            "name": "Root",
            "time": [0.0, 0.1333, 0.5, 0.5833],
            "transform": [
                [0.955988, -0.14794, -0.25338, -0.04298, -0.140401, 0.527632, -0.83779, -0.021798, 0.257634, 0.836491, 0.483639, 0.931588, 0.0, 0.0, 0.0, 1.0],
                [0.986079, -0.108382, 0.126101, -0.04298, 0.160493, 0.818673, -0.551378, -0.021798, -0.043476, 0.56394, 0.82467, 0.87234, 0.0, 0.0, 0.0, 1.0],
                [0.986859, -0.053523, 0.152464, -0.04298, 0.152421, 0.621592, -0.768369, -0.021798, -0.053645, 0.781511, 0.621581, 0.87234, 0.0, 0.0, 0.0, 1.0],
                [0.986859, -0.053523, 0.152464, -0.04298, 0.152421, 0.621592, -0.768369, -0.021798, -0.053645, 0.781511, 0.621581, 0.87234, 0.0, 0.0, 0.0, 1.0]
            ]
        },
        {
            "name": "Thigh_R",
            "time": [0.0, 0.1, 0.1667, 0.5, 0.5833],
            "transform": [
                [0.97709, -0.177892, -0.116834, 0.124994, 0.13823, 0.113023, 0.983931, -0.002831, -0.161828, -0.977536, 0.135023, -1.2e-05, 0.0, 0.0, 0.0, 1.0],
                [0.977175, 0.054301, 0.205379, 0.124994, 0.054992, -0.998482, 0.002348, -0.002831, 0.205195, 0.009, -0.97868, -1.2e-05, 0.0, 0.0, 0.0, 1.0],
                [0.941791, -0.028992, 0.334948, 0.124994, 0.069697, -0.957794, -0.278875, -0.002831, 0.328896, 0.285985, -0.900023, -1.2e-05, 0.0, 0.0, 0.0, 1.0],
                [0.923868, 0.259636, 0.281171, 0.124994, 0.242552, -0.965514, 0.094594, -0.002831, 0.296035, -0.019194, -0.954985, -1.2e-05, 0.0, 0.0, 0.0, 1.0],
                [0.923868, 0.259636, 0.281171, 0.124994, 0.242552, -0.965514, 0.094594, -0.002831, 0.296035, -0.019194, -0.954985, -1.2e-05, 0.0, 0.0, 0.0, 1.0]
            ]
        },
        {
            "name": "Leg_R",
            "time": [0.0, 0.1, 0.1667, 0.5, 0.5833],
            "transform": [
                [1.0, -1e-06, 0.0, -0.0, -0.0, 0.25335, 0.967374, 0.374726, -1e-06, -0.967375, 0.253349, -0.0, 0.0, 0.0, 0.0, 1.0],
                [1.0, -0.0, 1e-06, 0.0, -0.0, 0.874604, 0.484841, 0.374726, -1e-06, -0.484842, 0.874599, -0.0, 0.0, 0.0, 0.0, 1.0],
                [1.0, -0.0, 1e-06, -0.0, -0.0, 0.99664, 0.081952, 0.374726, -1e-06, -0.081952, 0.996633, -0.0, 0.0, 0.0, 0.0, 1.0],
                [1.0, -1e-06, 1e-06, -0.0, -0.0, 0.722589, 0.691279, 0.374726, -1e-06, -0.691281, 0.722585, -0.0, 0.0, 0.0, 0.0, 1.0],
                [1.0, -1e-06, 1e-06, -0.0, -0.0, 0.722589, 0.691279, 0.374726, -1e-06, -0.691281, 0.722585, -0.0, 0.0, 0.0, 0.0, 1.0]
            ]
        },
        {
            "name": "Knee_R",
            "time": [0.0, 0.5833],
            "transform": [
                [1.0, 0.0, -0.0, 0.0, -0.0, 0.00567, -0.999984, 0.456629, -0.0, 0.999984, 0.00567, -0.000464, 0.0, 0.0, 0.0, 1.0],
                [1.0, 0.0, -0.0, 0.0, -0.0, 0.00567, -0.999984, 0.39871, -0.0, 0.999984, 0.00567, -0.000136, 0.0, 0.0, 0.0, 1.0]
            ]
        },
        {
            "name": "Thigh_L",
            "time": [0.0, 0.15, 0.2167, 0.5, 0.5833],
            "transform": [
                [0.644047, -0.221527, -0.732208, -0.125006, 0.436685, -0.679416, 0.589661, -0.002831, -0.6281, -0.699513, -0.340839, -1.2e-05, 0.0, 0.0, 0.0, 1.0],
                [0.923777, 0.189203, -0.332924, -0.125006, 0.239854, 0.39184, 0.888218, -0.002831, 0.298506, -0.900368, 0.316591, -1.2e-05, 0.0, 0.0, 0.0, 1.0],
                [0.944557, 0.180591, -0.274223, -0.125006, 0.185549, 0.395453, 0.899549, -0.002831, 0.270893, -0.900556, 0.340019, -1.2e-05, 0.0, 0.0, 0.0, 1.0],
                [0.989575, 0.09904, -0.104561, -0.125006, 0.095327, 0.093786, 0.991019, -0.002831, 0.107957, -0.990654, 0.083367, -1.2e-05, 0.0, 0.0, 0.0, 1.0],
                [0.989575, 0.09904, -0.104561, -0.125006, 0.095327, 0.093786, 0.991019, -0.002831, 0.107957, -0.990654, 0.083367, -1.2e-05, 0.0, 0.0, 0.0, 1.0]
            ]
        },
        {
            "name": "Leg_L",
            "time": [0.0, 0.15, 0.2167, 0.5, 0.5833],
            "transform": [
                [1.0, -1e-06, 0.0, -0.0, -0.0, 0.182429, 0.983219, 0.374726, -1e-06, -0.983219, 0.182429, 0.0, 0.0, 0.0, 0.0, 1.0],
                [1.0, -1e-06, -0.0, -0.0, -0.0, -0.461104, 0.887347, 0.374726, -1e-06, -0.887346, -0.461104, -0.0, 0.0, 0.0, 0.0, 1.0],
                [1.0, -1e-06, -0.0, 0.0, -0.0, -0.520207, 0.854041, 0.374726, -1e-06, -0.85404, -0.520207, -0.0, 0.0, 0.0, 0.0, 1.0],
                [1.0, -1e-06, -0.0, 0.0, -0.0, -0.594746, 0.803914, 0.374726, -1e-06, -0.803913, -0.594746, 0.0, 0.0, 0.0, 0.0, 1.0],
                [1.0, -1e-06, -0.0, 0.0, -0.0, -0.594746, 0.803914, 0.374726, -1e-06, -0.803913, -0.594746, 0.0, 0.0, 0.0, 0.0, 1.0]
            ]
        },
        {
            "name": "Knee_L",
            "time": [0.0, 0.5833],
            "transform": [
                [1.0, -0.0, -0.0, -0.0, -0.0, 0.00567, -0.999984, 0.464263, -0.0, 0.999984, 0.00567, -0.000508, 0.0, 0.0, 0.0, 1.0],
                [1.0, 0.0, -0.0, 0.0, -0.0, 0.00567, -0.999984, 0.484724, -0.0, 0.999984, 0.00567, -0.000624, 0.0, 0.0, 0.0, 1.0]
            ]
        },
        {
            "name": "Torso",
            "time": [0.0, 0.5, 0.5833],
            "transform": [
                [1.0, -0.0, 0.0, 0.0, -0.0, 1.0, -0.000689, 0.05, -0.0, 0.000689, 1.0, -0.0, 0.0, 0.0, 0.0, 1.0],
                [1.0, -0.0, -0.0, 0.0, 0.0, 0.967751, 0.251911, 0.05, 0.0, -0.251911, 0.96775, 0.0, 0.0, 0.0, 0.0, 1.0],
                [1.0, -0.0, -0.0, 0.0, 0.0, 0.967751, 0.251911, 0.05, 0.0, -0.251911, 0.96775, 0.0, 0.0, 0.0, 0.0, 1.0]
            ]
        },
        {
            "name": "Chest",
            "time": [0.0, 0.1333, 0.2167, 0.5, 0.5833],
            "transform": [
                [0.993615, 0.069703, -0.088718, 0.0, -0.034796, 0.937322, 0.346722, 0.3, 0.107326, -0.341421, 0.933763, 0.0, 0.0, 0.0, 0.0, 1.0],
                [0.998518, 0.005742, -0.054123, -0.0, -0.010373, 0.996269, -0.085673, 0.3, 0.053429, 0.086107, 0.994852, -0.0, 0.0, 0.0, 0.0, 1.0],
                [0.998518, -0.0, -0.054427, 0.0, -0.010373, 0.98167, -0.190308, 0.3, 0.053429, 0.190591, 0.980214, 0.0, 0.0, 0.0, 0.0, 1.0],
                [0.973183, -0.041251, -0.226305, 0.0, -0.002155, 0.982112, -0.188287, 0.3, 0.230024, 0.183726, 0.955685, 0.0, 0.0, 0.0, 0.0, 1.0],
                [0.973183, -0.041251, -0.226305, 0.0, -0.002155, 0.982112, -0.188287, 0.3, 0.230024, 0.183726, 0.955685, 0.0, 0.0, 0.0, 0.0, 1.0]
            ]
        },
        {
            "name": "Head",
            "time": [0.0, 0.1333, 0.2167, 0.5, 0.5833],
            "transform": [
                [0.937955, 0.211791, 0.274562, 0.0, 0.047474, 0.705913, -0.706706, 0.4, -0.343491, 0.675893, 0.65206, 0.0, 0.0, 0.0, 0.0, 1.0],
                [0.984539, -0.011547, -0.174783, -0.0, -0.136974, 0.571198, -0.809303, 0.4, 0.109181, 0.820731, 0.560785, -0.0, 0.0, 0.0, 0.0, 1.0],
                [0.988798, 0.032313, -0.145724, 0.0, -0.105534, 0.841756, -0.529443, 0.4, 0.105556, 0.53889, 0.835736, -0.0, 0.0, 0.0, 0.0, 1.0],
                [0.994881, 0.092181, 0.041403, 0.0, -0.045492, 0.774415, -0.631041, 0.4, -0.090233, 0.625927, 0.774644, 0.0, 0.0, 0.0, 0.0, 1.0],
                [0.994881, 0.092181, 0.041403, 0.0, -0.045492, 0.774415, -0.631041, 0.4, -0.090233, 0.625927, 0.774644, 0.0, 0.0, 0.0, 0.0, 1.0]
            ]
        },
        {
            "name": "Shoulder_R",
            "time": [0.0, 0.1, 0.1667, 0.5, 0.5833],
            "transform": [
                [0.0, 0.952114, 0.305743, 0.0, 0.0, -0.305743, 0.952114, 0.4, 1.0, -0.0, -0.0, 0.0, 0.0, 0.0, 0.0, 1.0],
                [-0.126644, 0.823539, 0.552942, -0.0, -0.07695, -0.563906, 0.822246, 0.4, 0.988959, 0.061584, 0.134787, 0.0, 0.0, 0.0, 0.0, 1.0],
                [0.103877, 0.946714, 0.304865, -0.0, -0.089212, -0.296419, 0.950882, 0.4, 0.990581, -0.125972, 0.053667, 0.0, 0.0, 0.0, 0.0, 1.0],
                [0.0, 0.952114, 0.305743, 0.0, -0.0, -0.305743, 0.952114, 0.4, 1.0, 0.0, -0.0, 0.0, 0.0, 0.0, 0.0, 1.0],
                [0.0, 0.952114, 0.305743, 0.0, -0.0, -0.305743, 0.952114, 0.4, 1.0, 0.0, -0.0, 0.0, 0.0, 0.0, 0.0, 1.0]
            ]
        },
        {
            "name": "Arm_R",
            "time": [0.0, 0.1, 0.1667, 0.2167, 0.5, 0.5833],
            "transform": [
                [0.619155, -0.155646, -0.769689, -0.0, 0.465382, 0.862216, 0.200008, 0.393861, 0.632508, -0.482035, 0.60628, -0.0, 0.0, 0.0, 0.0, 1.0],
                [0.517671, 0.645882, -0.561118, -0.0, 0.107467, 0.601553, 0.791571, 0.393861, 0.848804, -0.470075, 0.241995, -0.0, 0.0, 0.0, 0.0, 1.0],
                [0.56581, 0.698104, -0.438761, 0.0, 0.159227, 0.429605, 0.888868, 0.39386, 0.809016, -0.572793, 0.131918, -0.0, 0.0, 0.0, 0.0, 1.0],
                [0.500983, 0.757217, -0.419093, 0.0, 0.18864, 0.377062, 0.906774, 0.39386, 0.844649, -0.533336, 0.04606, 0.0, 0.0, 0.0, 0.0, 1.0],
                [0.373664, 0.518497, -0.769114, -0.0, 0.616582, 0.480617, 0.623565, 0.393861, 0.692966, -0.707226, -0.140107, -0.0, 0.0, 0.0, 0.0, 1.0],
                [0.373664, 0.518497, -0.769114, -0.0, 0.616582, 0.480617, 0.623565, 0.393861, 0.692966, -0.707226, -0.140107, -0.0, 0.0, 0.0, 0.0, 1.0]
            ]
        },
        {
            "name": "Hand_R",
            "time": [0.0, 0.1, 0.2167, 0.5, 0.5833],
            "transform": [
                [1.0, -3e-06, -0.0, 0.0, 3e-06, 0.965108, -0.261854, 0.300002, 1e-06, 0.261854, 0.965108, -0.0, 0.0, 0.0, 0.0, 1.0],
                [1.0, -2e-06, 0.0, -0.0, 2e-06, 0.939399, -0.342827, 0.300003, 1e-06, 0.342827, 0.939399, -0.0, 0.0, 0.0, 0.0, 1.0],
                [1.0, -2e-06, -0.0, 0.0, 1e-06, 0.953832, -0.30034, 0.300003, 1e-06, 0.30034, 0.953832, -0.0, 0.0, 0.0, 0.0, 1.0],
                [1.0, 0.0, -0.0, -0.0, -0.0, 0.953547, -0.301245, 0.300003, -0.0, 0.301245, 0.953547, -0.0, 0.0, 0.0, 0.0, 1.0],
                [1.0, 0.0, -0.0, -0.0, -0.0, 0.953547, -0.301245, 0.300003, -0.0, 0.301245, 0.953547, -0.0, 0.0, 0.0, 0.0, 1.0]
            ]
        },
        {
            "name": "Tool_R",
            "time": [0.0, 0.2167, 0.5, 0.5833],
            "transform": [
                [1.0, -0.0, 0.0, 0.0, -0.0, -0.999559, -0.029689, 0.271711, 0.0, 0.029689, -0.99956, -0.028915, 0.0, 0.0, 0.0, 1.0],
                [1.0, 0.0, 0.0, 0.0, -0.0, -0.999559, -0.029689, 0.271711, 0.0, 0.029689, -0.99956, -0.028915, 0.0, 0.0, 0.0, 1.0],
                [1.0, -0.0, 0.0, -0.0, 0.0, -0.986075, -0.166304, 0.271711, 0.0, 0.166304, -0.986075, -0.028915, 0.0, 0.0, 0.0, 1.0],
                [1.0, -0.0, 0.0, -0.0, 0.0, -0.986075, -0.166304, 0.271711, 0.0, 0.166304, -0.986075, -0.028915, 0.0, 0.0, 0.0, 1.0]
            ]
        },
        {
            "name": "Elbow_R",
            "time": [0.0, 0.5833],
            "transform": [
                [-1.0, 0.0, 0.0, -0.0, 0.0, 0.003946, -0.999992, 0.324026, -0.0, -0.999992, -0.003946, -0.001158, 0.0, 0.0, 0.0, 1.0],
                [-1.0, 0.0, -0.0, -0.0, -0.0, 0.003946, -0.999992, 0.327873, -0.0, -0.999992, -0.003946, -0.001142, 0.0, 0.0, 0.0, 1.0]
            ]
        },
        {
            "name": "Shoulder_L",
            "time": [0.0, 0.1, 0.1667, 0.5, 0.5833],
            "transform": [
                [-0.526031, -0.787621, -0.32085, 0.0, -0.106318, -0.313404, 0.943649, 0.4, -0.843794, 0.530501, 0.081122, 0.0, 0.0, 0.0, 0.0, 1.0],
                [-0.421874, -0.801113, -0.424546, -0.0, -0.006325, -0.465644, 0.88495, 0.4, -0.906632, 0.376023, 0.191376, 0.0, 0.0, 0.0, 0.0, 1.0],
                [-0.165887, -0.943064, -0.288291, -0.0, 0.04356, -0.299063, 0.953239, 0.4, -0.985182, 0.145572, 0.09069, 0.0, 0.0, 0.0, 0.0, 1.0],
                [-0.0, -0.952114, -0.305743, 0.0, 0.0, -0.305743, 0.952114, 0.4, -1.0, -0.0, 0.0, 0.0, 0.0, 0.0, 0.0, 1.0],
                [-0.0, -0.952114, -0.305743, 0.0, 0.0, -0.305743, 0.952114, 0.4, -1.0, -0.0, 0.0, 0.0, 0.0, 0.0, 0.0, 1.0]
            ]
        },
        {
            "name": "Arm_L",
            "time": [0.0, 0.1, 0.1667, 0.5, 0.5833],
            "transform": [
                [0.731234, -0.602625, 0.319592, -0.0, -0.255142, 0.192882, 0.94747, 0.39386, -0.632613, -0.774363, -0.012712, -0.0, 0.0, 0.0, 0.0, 1.0],
                [0.324589, -0.492619, 0.807446, 0.0, -0.496458, 0.637891, 0.588748, 0.39386, -0.805091, -0.591964, -0.037512, 0.0, 0.0, 0.0, 0.0, 1.0],
                [0.093065, -0.478048, 0.873389, 0.0, -0.73223, 0.561536, 0.385379, 0.39386, -0.674669, -0.675387, -0.297781, 0.0, 0.0, 0.0, 0.0, 1.0],
                [0.518818, -0.631763, 0.575938, -0.0, -0.434476, 0.385349, 0.814086, 0.39386, -0.736246, -0.672593, -0.07456, 0.0, 0.0, 0.0, 0.0, 1.0],
                [0.518818, -0.631763, 0.575938, -0.0, -0.434476, 0.385349, 0.814086, 0.39386, -0.736246, -0.672593, -0.07456, 0.0, 0.0, 0.0, 0.0, 1.0]
            ]
        },
        {
            "name": "Hand_L",
            "time": [0.0, 0.1667, 0.5, 0.5833],
            "transform": [
                [1.0, -0.0, 0.0, 0.0, 0.0, 0.324683, -0.945823, 0.300003, 0.0, 0.945823, 0.324683, -0.0, 0.0, 0.0, 0.0, 1.0],
                [1.0, 0.0, 0.0, 0.0, -0.0, 0.976088, -0.217373, 0.300002, -0.0, 0.217373, 0.976088, -0.0, 0.0, 0.0, 0.0, 1.0],
                [1.0, 0.0, -0.0, -0.0, -0.0, 0.972813, -0.231592, 0.300003, 0.0, 0.231592, 0.972813, -0.0, 0.0, 0.0, 0.0, 1.0],
                [1.0, 0.0, -0.0, -0.0, -0.0, 0.972813, -0.231592, 0.300003, 0.0, 0.231592, 0.972813, -0.0, 0.0, 0.0, 0.0, 1.0]
            ]
        },
        {
            "name": "Tool_L",
            "time": [0.0, 0.2167, 0.5, 0.5833],
            "transform": [
                [1.0, -0.0, 0.0, -0.0, -0.0, -0.999559, -0.029689, 0.271711, 0.0, 0.029689, -0.99956, -0.028915, 0.0, 0.0, 0.0, 1.0],
                [1.0, -0.0, 0.0, 0.0, -0.0, -0.999559, -0.029689, 0.271711, 0.0, 0.029689, -0.99956, -0.028915, 0.0, 0.0, 0.0, 1.0],
                [1.0, -0.0, 0.0, -0.0, -0.0, -0.962192, -0.272372, 0.271711, 0.0, 0.272372, -0.962192, -0.028915, 0.0, 0.0, 0.0, 1.0],
                [1.0, -0.0, 0.0, -0.0, -0.0, -0.962192, -0.272372, 0.271711, 0.0, 0.272372, -0.962192, -0.028915, 0.0, 0.0, 0.0, 1.0]
            ]
        },
        {
            "name": "Elbow_L",
            "time": [0.0, 0.5833],
            "transform": [
                [-1.0, 0.0, -0.0, 0.0, 0.0, 0.003946, -0.999992, 0.41541, -0.0, -0.999993, -0.003946, -0.000797, 0.0, 0.0, 0.0, 1.0],
                [-1.0, 0.0, -0.0, -0.0, 0.0, 0.003946, -0.999992, 0.3211, -0.0, -0.999993, -0.003946, -0.001169, 0.0, 0.0, 0.0, 1.0]
            ]
        }
    ]
}