{
    "animation": [
        {
            "name": "Root",
            "time": [0.0, 0.05],
            "transform": [
                [0.956021, -0.261047, -0.133706, -0.04298, -0.151132, -0.047769, -0.987359, -0.021798, 0.251361, 0.964143, -0.08512, 0.735789, 0.0, 0.0, 0.0, 1.0],
                [0.955988, -0.259147, -0.137588, -0.04298, -0.159145, -0.064027, -0.985177, -0.021798, 0.246496, 0.963713, -0.102451, 0.72718, 0.0, 0.0, 0.0, 1.0]
            ]
        },
        {
            "name": "Thigh_R",
            "time": [0.0, 0.05],
            "transform": [
                [0.99443, -0.105177, -0.006851, 0.124994, -0.071331, -0.719423, 0.690898, -0.002831, -0.077595, -0.68656, -0.72292, -1.2e-05, 0.0, 0.0, 0.0, 1.0],
                [0.994563, -0.103227, -0.013676, 0.124994, -0.063817, -0.708028, 0.703294, -0.002831, -0.082282, -0.698596, -0.710768, -1.2e-05, 0.0, 0.0, 0.0, 1.0]
            ]
        },
        {
            "name": "Leg_R",
            "time": [0.0, 0.05],
            "transform": [
                [1.0, -1e-06, 1e-06, 0.0, -0.0, 0.748557, 0.66307, 0.374726, -1e-06, -0.663071, 0.748556, -0.0, 0.0, 0.0, 0.0, 1.0],
                [1.0, -1e-06, 1e-06, 0.0, -0.0, 0.640478, 0.767976, 0.374726, -1e-06, -0.767977, 0.640477, -0.0, 0.0, 0.0, 0.0, 1.0]
            ]
        },
        {
            "name": "Knee_R",
            "time": [0.0, 0.05],
            "transform": [
                [1.0, 0.0, -0.0, -0.0, -0.0, 0.00567, -0.999984, 0.394682, -0.0, 0.999984, 0.00567, -0.000113, 0.0, 0.0, 0.0, 1.0],
                [1.0, 0.0, -0.0, 0.0, -0.0, 0.00567, -0.999984, 0.410518, -0.0, 0.999984, 0.00567, -0.000203, 0.0, 0.0, 0.0, 1.0]
            ]
        },
        {
            "name": "Thigh_L",
            "time": [0.0, 0.05],
            "transform": [
                [0.689279, -0.096296, -0.718067, -0.125006, -0.006415, -0.991899, 0.12686, -0.002831, -0.724467, -0.082835, -0.684314, -1.2e-05, 0.0, 0.0, 0.0, 1.0],
                [0.686909, -0.104103, -0.719248, -0.125006, -0.013844, -0.991381, 0.130269, -0.002831, -0.726611, -0.079526, -0.68243, -1.2e-05, 0.0, 0.0, 0.0, 1.0]
            ]
        },
        {
            "name": "Leg_L",
            "time": [0.0, 0.05],
            "transform": [
                [1.0, -1e-06, 1e-06, -0.0, -0.0, 0.662725, 0.748863, 0.374726, -1e-06, -0.748863, 0.662725, 0.0, 0.0, 0.0, 0.0, 1.0],
                [1.0, -1e-06, 1e-06, 0.0, -0.0, 0.567484, 0.823384, 0.374726, -1e-06, -0.823384, 0.567484, 0.0, 0.0, 0.0, 0.0, 1.0]
            ]
        },
        {
            "name": "Knee_L",
            "time": [0.0, 0.05],
            "transform": [
                [1.0, 0.0, -0.0, 0.0, -0.0, 0.00567, -0.999984, 0.407437, -0.0, 0.999984, 0.00567, -0.000185, 0.0, 0.0, 0.0, 1.0],
                [1.0, 0.0, -0.0, 0.0, -0.0, 0.00567, -0.999984, 0.420147, -0.0, 0.999984, 0.00567, -0.000258, 0.0, 0.0, 0.0, 1.0]
            ]
        },
        {
            "name": "Torso",
            "time": [0.0, 0.05],
            "transform": [
                [1.0, 0.0, -0.0, -0.0, -0.0, 1.0, -0.000689, 0.05, 0.0, 0.000689, 1.0, -0.0, 0.0, 0.0, 0.0, 1.0],
                [1.0, 0.0, -0.0, -0.0, 0.0, 1.0, -0.000689, 0.05, 0.0, 0.000689, 1.0, -0.0, 0.0, 0.0, 0.0, 1.0]
            ]
        },
        {
            "name": "Chest",
            "time": [0.0, 0.05],
            "transform": [
                [0.99798, 0.057407, 0.027221, 0.0, -0.063284, 0.936196, 0.345734, 0.3, -0.005636, -0.346758, 0.937938, -0.0, 0.0, 0.0, 0.0, 1.0],
                [0.997688, 0.018157, 0.065486, 0.0, -0.047786, 0.872612, 0.48607, 0.3, -0.048318, -0.488076, 0.871463, 0.0, 0.0, 0.0, 0.0, 1.0]
            ]
        },
        {
            "name": "Head",
            "time": [0.0, 0.05],
            "transform": [
                [0.985453, 0.159539, 0.058561, -0.0, -0.141195, 0.960364, -0.240344, 0.4, -0.094584, 0.22858, 0.96892, -0.0, 0.0, 0.0, 0.0, 1.0],
                [0.983198, 0.180531, 0.027021, 0.0, -0.155644, 0.906429, -0.392633, 0.4, -0.095375, 0.381831, 0.919298, 0.0, 0.0, 0.0, 0.0, 1.0]
            ]
        },
        {
            "name": "Shoulder_R",
            "time": [0.0, 0.05],
            "transform": [
                [0.002889, 0.95904, 0.283256, -0.0, -0.004811, -0.28324, 0.959037, 0.4, 0.999984, -0.004133, 0.003795, -0.0, 0.0, 0.0, 0.0, 1.0],
                [0.002889, 0.95904, 0.283256, 0.0, -0.00481, -0.28324, 0.959037, 0.4, 0.999984, -0.004133, 0.003795, 0.0, 0.0, 0.0, 0.0, 1.0]
            ]
        },
        {
            "name": "Arm_R",
            "time": [0.0, 0.05],
            "transform": [
                [0.473168, 0.451955, -0.756207, -0.0, -0.87272, 0.123259, -0.472405, 0.39386, -0.120296, 0.883484, 0.452752, -0.0, 0.0, 0.0, 0.0, 1.0],
                [0.425532, 0.621119, -0.658129, -0.0, -0.890038, 0.155806, -0.428435, 0.39386, -0.163569, 0.768073, 0.61912, 0.0, 0.0, 0.0, 0.0, 1.0]
            ]
        },
        {
            "name": "Hand_R",
            "time": [0.0, 0.05],
            "transform": [
                [1.0, -0.0, 0.0, -0.0, -0.0, 1.0, -0.000994, 0.300003, -0.0, 0.000994, 1.0, 0.0, 0.0, 0.0, 0.0, 1.0],
                [1.0, 0.0, 0.0, 0.0, -0.0, 1.0, -0.000996, 0.300003, -0.0, 0.000996, 1.0, 0.0, 0.0, 0.0, 0.0, 1.0]
            ]
        },
        {
            "name": "Tool_R",
            "time": [0.0, 0.05],
            "transform": [
                [1.0, 0.0, 0.0, -0.0, 0.0, -0.999559, -0.029689, 0.271711, 0.0, 0.029689, -0.99956, -0.028915, 0.0, 0.0, 0.0, 1.0],
                [1.0, -0.0, 0.0, -0.0, -0.0, -0.999559, -0.029689, 0.271711, 0.0, 0.029689, -0.99956, -0.028915, 0.0, 0.0, 0.0, 1.0]
            ]
        },
        {
            "name": "Elbow_R",
            "time": [0.0, 0.05],
            "transform": [
                [-1.0, 0.0, -0.0, 0.0, 0.0, 0.003946, -0.999992, 0.300008, -0.0, -0.999992, -0.003946, -0.001252, 0.0, 0.0, 0.0, 1.0],
                [-1.0, 0.0, -0.0, -0.0, 0.0, 0.003946, -0.999992, 0.300007, -0.0, -0.999992, -0.003946, -0.001252, 0.0, 0.0, 0.0, 1.0]
            ]
        },
        {
            "name": "Shoulder_L",
            "time": [0.0, 0.05],
            "transform": [
                [-0.043947, -0.94611, -0.32085, -0.0, 0.070725, -0.323301, 0.94365, 0.4, -0.996527, 0.018779, 0.081122, -0.0, 0.0, 0.0, 0.0, 1.0],
                [-0.043947, -0.94611, -0.32085, 0.0, 0.070725, -0.323301, 0.943649, 0.4, -0.996527, 0.018779, 0.081122, 0.0, 0.0, 0.0, 0.0, 1.0]
            ]
        },
        {
            "name": "Arm_L",
            "time": [0.0, 0.05],
            "transform": [
                [0.354463, -0.611683, 0.707248, -0.0, -0.817352, 0.164703, 0.552094, 0.39386, -0.454192, -0.773768, -0.441579, 0.0, 0.0, 0.0, 0.0, 1.0],
                [0.390839, -0.726729, 0.564898, 0.0, -0.795593, 0.04192, 0.60438, 0.39386, -0.462901, -0.685644, -0.561796, -0.0, 0.0, 0.0, 0.0, 1.0]
            ]
        },
        {
            "name": "Hand_L",
            "time": [0.0, 0.05],
            "transform": [
                [1.0, 0.0, -0.0, -0.0, -0.0, 0.435774, -0.900056, 0.300003, -0.0, 0.900056, 0.435774, 0.0, 0.0, 0.0, 0.0, 1.0],
                [1.0, 0.0, 0.0, -0.0, 0.0, 0.077146, -0.99702, 0.300003, -0.0, 0.99702, 0.077146, -0.0, 0.0, 0.0, 0.0, 1.0]
            ]
        },
        {
            "name": "Tool_L",
            "time": [0.0, 0.05],
            "transform": [
                [1.0, 0.0, 0.0, -0.0, 0.0, -0.999559, -0.029689, 0.271711, 0.0, 0.029689, -0.99956, -0.028915, 0.0, 0.0, 0.0, 1.0],
                [1.0, 0.0, 0.0, -0.0, 0.0, -0.999559, -0.029689, 0.271711, 0.0, 0.029689, -0.99956, -0.028915, 0.0, 0.0, 0.0, 1.0]
            ]
        },
        {
            "name": "Elbow_L",
            "time": [0.0, 0.05],
            "transform": [
                [-1.0, 0.0, -0.0, -0.0, 0.0, 0.003946, -0.999992, 0.404144, -0.0, -0.999993, -0.003946, -0.000841, 0.0, 0.0, 0.0, 1.0],
                [-1.0, 0.0, -0.0, -0.0, 0.0, 0.003946, -0.999992, 0.439161, -0.0, -0.999992, -0.003946, -0.000703, 0.0, 0.0, 0.0, 1.0]
            ]
        }
    ]
}