{
    "animation": [
        {
            "name": "Root",
            "time": [0.0, 0.1333, 0.5],
            "transform": [
                [0.944872, 0.268581, 0.187302, 0.117585, 0.082279, 0.358919, -0.929735, -0.0177, -0.316935, 0.893891, 0.317034, 0.965, 0.0, 0.0, 0.0, 1.0],
                [0.990768, 0.060742, -0.1212, 0.117585, -0.113433, 0.861026, -0.495749, -0.0177, 0.074243, 0.50492, 0.859967, 0.759095, 0.0, 0.0, 0.0, 1.0],
                [0.990768, -0.0, -0.135569, 0.117585, -0.113433, 0.54764, -0.828989, -0.0177, 0.074243, 0.836714, 0.542584, 0.759095, 0.0, 0.0, 0.0, 1.0]
            ]
        },
        {
            "name": "Thigh_R",
            "time": [0.0, 0.1, 0.2167, 0.5],
            "transform": [
                [0.698297, 0.136806, 0.702613, 0.124994, -0.355511, -0.785662, 0.506305, -0.002831, 0.621283, -0.603337, -0.499991, -1.2e-05, 0.0, 0.0, 0.0, 1.0],
                [0.995836, -0.058546, -0.069877, 0.124994, 0.084365, 0.301452, 0.949742, -0.002831, -0.034539, -0.95168, 0.305137, -1.2e-05, 0.0, 0.0, 0.0, 1.0],
                [0.98574, -0.159986, 0.052151, 0.124994, 0.049239, 0.570594, 0.819754, -0.002831, -0.160906, -0.805495, 0.570337, -1.2e-05, 0.0, 0.0, 0.0, 1.0],
                [0.986303, -0.145395, -0.077884, 0.124994, 0.036017, -0.270948, 0.96192, -0.002831, -0.160961, -0.951548, -0.262, -1.2e-05, 0.0, 0.0, 0.0, 1.0]
            ]
        },
        {
            "name": "Leg_R",
            "time": [0.0, 0.1, 0.2167, 0.5],
            "transform": [
                [1.0, -1e-06, 0.0, 0.0, -0.0, 0.311247, 0.950328, 0.374726, -1e-06, -0.95033, 0.311247, 0.0, 0.0, 0.0, 0.0, 1.0],
                [1.0, -1e-06, -0.0, -0.0, -0.0, -0.372189, 0.928156, 0.374726, -1e-06, -0.928158, -0.372189, 0.0, 0.0, 0.0, 0.0, 1.0],
                [1.0, -1e-06, 0.0, 0.0, -0.0, 0.262996, 0.964796, 0.374726, -1e-06, -0.964798, 0.262996, 0.0, 0.0, 0.0, 0.0, 1.0],
                [1.0, -1e-06, 0.0, -0.0, -0.0, 0.262996, 0.964796, 0.374726, -1e-06, -0.964798, 0.262996, -0.0, 0.0, 0.0, 0.0, 1.0]
            ]
        },
        {
            "name": "Knee_R",
            "time": [0.0, 0.5],
            "transform": [
                [1.0, 0.0, -0.0, 0.0, -0.0, 0.00567, -0.999984, 0.450288, -0.0, 0.999984, 0.00567, -0.000428, 0.0, 0.0, 0.0, 1.0],
                [1.0, 0.0, -0.0, -0.0, -0.0, 0.00567, -0.999984, 0.45558, -0.0, 0.999984, 0.00567, -0.000459, 0.0, 0.0, 0.0, 1.0]
            ]
        },
        {
            "name": "Thigh_L",
            "time": [0.0, 0.1, 0.2167, 0.5],
            "transform": [
                [0.982845, 0.154141, 0.101271, -0.125006, -0.056097, -0.273232, 0.960311, -0.002831, 0.175694, -0.949517, -0.259898, -1.2e-05, 0.0, 0.0, 0.0, 1.0],
                [0.997164, 0.075254, -0.0, -0.125006, 0.070903, -0.939507, -0.335109, -0.002831, -0.025219, 0.334158, -0.942179, -1.2e-05, 0.0, 0.0, 0.0, 1.0],
                [1.0, -0.0, -0.0, -0.125006, -0.0, -0.998792, 0.049131, -0.002831, -0.0, -0.049131, -0.998792, -1.2e-05, 0.0, 0.0, 0.0, 1.0],
                [0.987829, -0.0, -0.155543, -0.125006, -0.040648, -0.965249, -0.258147, -0.002831, -0.150138, 0.261327, -0.953502, -1.2e-05, 0.0, 0.0, 0.0, 1.0]
            ]
        },
        {
            "name": "Leg_L",
            "time": [0.0, 0.1, 0.2167, 0.5],
            "transform": [
                [1.0, -1e-06, 1e-06, 0.0, -0.0, 0.421218, 0.90696, 0.374726, -1e-06, -0.906959, 0.421218, 0.0, 0.0, 0.0, 0.0, 1.0],
                [1.0, 0.0, 1e-06, -0.0, -0.0, 0.996907, 0.078589, 0.374726, -1e-06, -0.078589, 0.996907, 0.0, 0.0, 0.0, 0.0, 1.0],
                [1.0, -0.0, 1e-06, 0.0, -0.0, 0.954718, 0.297512, 0.374726, -1e-06, -0.297512, 0.954718, -0.0, 0.0, 0.0, 0.0, 1.0],
                [1.0, -0.0, 1e-06, -0.0, -0.0, 0.954718, 0.297512, 0.374726, -1e-06, -0.297512, 0.954718, -0.0, 0.0, 0.0, 0.0, 1.0]
            ]
        },
        {
            "name": "Knee_L",
            "time": [0.0, 0.5],
            "transform": [
                [1.0, 0.0, -0.0, 0.0, -0.0, 0.00567, -0.999984, 0.437863, -0.0, 0.999984, 0.00567, -0.000358, 0.0, 0.0, 0.0, 1.0],
                [1.0, 0.0, -0.0, -0.0, -0.0, 0.00567, -0.999984, 0.374726, -0.0, 0.999984, 0.00567, -0.0, 0.0, 0.0, 0.0, 1.0]
            ]
        },
        {
            "name": "Torso",
            "time": [0.0, 0.2167, 0.5],
            "transform": [
                [1.0, 0.0, -0.0, -0.0, -0.0, 1.0, -0.000689, 0.05, 0.0, 0.000689, 1.0, 0.0, 0.0, 0.0, 0.0, 1.0],
                [1.0, -0.0, 0.0, 0.0, 0.0, 1.0, 0.0, 0.05, 0.0, -0.0, 1.0, -0.0, 0.0, 0.0, 0.0, 1.0],
                [1.0, 0.0, -0.0, -0.0, 0.0, 1.0, 0.0, 0.05, -0.0, 0.0, 1.0, -0.0, 0.0, 0.0, 0.0, 1.0]
            ]
        },
        {
            "name": "Chest",
            "time": [0.0, 0.1333, 0.2167, 0.5],
            "transform": [
                [0.975779, -0.019476, -0.21789, -0.0, 0.195653, 0.52323, 0.829428, 0.3, 0.097853, -0.851969, 0.514367, -0.0, 0.0, 0.0, 0.0, 1.0],
                [0.99722, -0.060054, -0.044116, 0.0, 0.052772, 0.987141, -0.150891, 0.3, 0.05261, 0.148144, 0.987565, 0.0, 0.0, 0.0, 0.0, 1.0],
                [1.0, 0.0, 0.0, 0.0, 0.0, 0.997664, 0.068306, 0.3, -0.0, -0.068306, 0.997664, -0.0, 0.0, 0.0, 0.0, 1.0],
                [1.0, 0.0, -0.0, 0.0, 0.0, 0.997664, 0.068306, 0.3, -0.0, -0.068306, 0.997664, 0.0, 0.0, 0.0, 0.0, 1.0]
            ]
        },
        {
            "name": "Head",
            "time": [0.0, 0.1333, 0.2167, 0.5],
            "transform": [
                [0.989857, -0.027658, -0.139352, 0.0, -0.125282, 0.292616, -0.947988, 0.4, 0.066996, 0.95583, 0.286183, -0.0, 0.0, 0.0, 0.0, 1.0],
                [0.983439, 0.158416, 0.088042, 0.0, -0.030774, 0.62469, -0.780266, 0.4, -0.178606, 0.764635, 0.619219, -0.0, 0.0, 0.0, 0.0, 1.0],
                [0.990806, 0.113746, 0.073244, 0.0, -0.019689, 0.656866, -0.75375, 0.4, -0.133848, 0.745378, 0.653067, 0.0, 0.0, 0.0, 0.0, 1.0],
                [0.990806, 0.096169, 0.095155, -0.0, -0.019689, 0.798361, -0.601858, 0.4, -0.133848, 0.594451, 0.792914, -0.0, 0.0, 0.0, 0.0, 1.0]
            ]
        },
        {
            "name": "Shoulder_R",
            "time": [0.0, 0.2167, 0.5],
            "transform": [
                [0.025877, 0.94658, 0.321428, 0.0, -0.045237, -0.320097, 0.946304, 0.4, 0.998641, -0.039028, 0.034537, -0.0, 0.0, 0.0, 0.0, 1.0],
                [-0.085376, 0.905639, 0.415366, 0.0, 0.027416, -0.414595, 0.909593, 0.4, 0.995971, 0.089045, 0.010567, 0.0, 0.0, 0.0, 0.0, 1.0],
                [-0.085376, 0.905639, 0.415366, -0.0, 0.027416, -0.414595, 0.909593, 0.4, 0.995971, 0.089045, 0.010567, -0.0, 0.0, 0.0, 0.0, 1.0]
            ]
        },
        {
            "name": "Arm_R",
            "time": [0.0, 0.1, 0.2167, 0.5],
            "transform": [
                [0.927635, 0.188083, -0.322675, 0.0, 0.295618, 0.15827, 0.942104, 0.393861, 0.228263, -0.969317, 0.091216, -0.0, 0.0, 0.0, 0.0, 1.0],
                [0.418076, 0.6652, -0.618645, 0.0, 0.657531, 0.248298, 0.711338, 0.39386, 0.62679, -0.704171, -0.333582, 0.0, 0.0, 0.0, 0.0, 1.0],
                [-0.165337, 0.617909, -0.768669, 0.0, 0.488553, 0.728362, 0.480422, 0.393861, 0.856726, -0.296104, -0.422307, -0.0, 0.0, 0.0, 0.0, 1.0],
                [-0.165337, 0.461213, -0.871749, 0.0, 0.488553, 0.806142, 0.333842, 0.39386, 0.856726, -0.370699, -0.358612, 0.0, 0.0, 0.0, 0.0, 1.0]
            ]
        },
        {
            "name": "Hand_R",
            "time": [0.0, 0.2167, 0.5],
            "transform": [
                [1.0, -3e-06, 3e-06, 0.0, 3e-06, 0.26401, -0.96452, 0.300002, 3e-06, 0.96452, 0.26401, 0.0, 0.0, 0.0, 0.0, 1.0],
                [1.0, 0.0, 0.0, -0.0, 0.0, 0.819616, -0.572913, 0.300003, -0.0, 0.572913, 0.819616, 0.0, 0.0, 0.0, 0.0, 1.0],
                [1.0, 0.0, 0.0, 0.0, 0.0, 0.819616, -0.572913, 0.300003, -0.0, 0.572913, 0.819616, -0.0, 0.0, 0.0, 0.0, 1.0]
            ]
        },
        {
            "name": "Tool_R",
            "time": [0.0, 0.2167, 0.5],
            "transform": [
                [1.0, 0.0, 0.0, -0.0, -0.0, -0.999559, -0.029689, 0.271711, 0.0, 0.029689, -0.99956, -0.028915, 0.0, 0.0, 0.0, 1.0],
                [1.0, -0.0, 0.0, 0.0, -0.0, -0.999559, -0.029689, 0.271711, 0.0, 0.029689, -0.99956, -0.028915, 0.0, 0.0, 0.0, 1.0],
                [1.0, 0.0, 0.0, -0.0, 0.0, -0.999559, -0.029689, 0.271711, 0.0, 0.029689, -0.99956, -0.028915, 0.0, 0.0, 0.0, 1.0]
            ]
        },
        {
            "name": "Elbow_R",
            "time": [0.0, 0.5],
            "transform": [
                [-1.0, 0.0, -0.0, -0.0, 0.0, 0.003946, -0.999992, 0.42136, -0.0, -0.999992, -0.003946, -0.000773, 0.0, 0.0, 0.0, 1.0],
                [-1.0, 0.0, 0.0, 0.0, 0.0, 0.003946, -0.999992, 0.356367, -0.0, -0.999992, -0.003946, -0.00103, 0.0, 0.0, 0.0, 1.0]
            ]
        },
        {
            "name": "Shoulder_L",
            "time": [0.0, 0.2167, 0.5],
            "transform": [
                [-0.413916, -0.896217, -0.159589, 0.0, 0.054095, -0.199217, 0.978461, 0.4, -0.908706, 0.396368, 0.13094, -0.0, 0.0, 0.0, 0.0, 1.0],
                [0.131521, -0.942986, -0.305743, 0.0, 0.042234, -0.302812, 0.952114, 0.4, -0.990413, -0.138136, 0.0, 0.0, 0.0, 0.0, 0.0, 1.0],
                [0.131521, -0.942986, -0.305743, -0.0, 0.042234, -0.302812, 0.952114, 0.4, -0.990413, -0.138136, -0.0, -0.0, 0.0, 0.0, 0.0, 1.0]
            ]
        },
        {
            "name": "Arm_L",
            "time": [0.0, 0.2167, 0.5],
            "transform": [
                [0.564247, -0.578962, -0.588582, -0.0, 0.725376, 0.688104, 0.018527, 0.39386, 0.394279, -0.437396, 0.808225, -0.0, 0.0, 0.0, 0.0, 1.0],
                [0.94389, -0.126912, 0.304901, 0.0, 0.19536, 0.958931, -0.205635, 0.39386, -0.266281, 0.253663, 0.929919, -0.0, 0.0, 0.0, 0.0, 1.0],
                [0.333549, 0.730276, 0.596189, -0.0, -0.299887, 0.681747, -0.667299, 0.39386, -0.893763, 0.043788, 0.446397, -0.0, 0.0, 0.0, 0.0, 1.0]
            ]
        },
        {
            "name": "Hand_L",
            "time": [0.0, 0.2167, 0.5],
            "transform": [
                [1.0, 0.0, -0.0, 0.0, -1e-06, 0.919362, -0.393413, 0.300003, -0.0, 0.393413, 0.919362, -0.0, 0.0, 0.0, 0.0, 1.0],
                [1.0, 2e-06, -1e-06, 0.0, -2e-06, 0.512885, -0.858457, 0.300003, -1e-06, 0.858457, 0.512885, 0.0, 0.0, 0.0, 0.0, 1.0],
                [1.0, 2e-06, -1e-06, 0.0, -2e-06, 0.512885, -0.858457, 0.300003, -1e-06, 0.858457, 0.512885, 0.0, 0.0, 0.0, 0.0, 1.0]
            ]
        },
        {
            "name": "Tool_L",
            "time": [0.0, 0.2167, 0.5],
            "transform": [
                [1.0, -0.0, 0.0, 0.0, -0.0, -0.999559, -0.029689, 0.271711, 0.0, 0.029689, -0.99956, -0.028915, 0.0, 0.0, 0.0, 1.0],
                [1.0, -0.0, 0.0, -0.0, 0.0, -0.999559, -0.029689, 0.271711, 0.0, 0.029689, -0.99956, -0.028915, 0.0, 0.0, 0.0, 1.0],
                [1.0, 0.0, 0.0, -0.0, 0.0, -0.999559, -0.029689, 0.271711, 0.0, 0.029689, -0.999559, -0.028915, 0.0, 0.0, 0.0, 1.0]
            ]
        },
        {
            "name": "Elbow_L",
            "time": [0.0, 0.5],
            "transform": [
                [-1.0, 0.0, -0.0, 0.0, 0.0, 0.003946, -0.999992, 0.337089, -0.0, -0.999993, -0.003946, -0.001106, 0.0, 0.0, 0.0, 1.0],
                [-1.0, 0.0, -0.0, 0.0, 0.0, 0.003946, -0.999992, 0.395931, -0.0, -0.999993, -0.003946, -0.000874, 0.0, 0.0, 0.0, 1.0]
            ]
        }
    ]
}