{
    "animation": [
        {
            "name": "Root",
            "time": [0.0, 0.3333, 0.6667],
            "transform": [
                [0.999942, 0.0, 0.010809, -5e-06, 0.010795, -0.051261, -0.998627, 0.000946, 0.000554, 0.998685, -0.051258, 0.760649, 0.0, 0.0, 0.0, 1.0],
                [0.999942, 0.0, 0.010809, -5e-06, 0.010795, -0.051261, -0.998627, 0.000946, 0.000554, 0.998685, -0.051258, 0.760649, 0.0, 0.0, 0.0, 1.0],
                [0.999942, 0.0, 0.010809, -5e-06, 0.010795, -0.051261, -0.998627, 0.000946, 0.000554, 0.998685, -0.051258, 0.760649, 0.0, 0.0, 0.0, 1.0]
            ]
        },
        {
            "name": "Thigh_R",
            "time": [0.0, 0.6667],
            "transform": [
                [0.999643, -0.000976, 0.026697, 0.124994, -0.008813, -0.955436, 0.295061, -0.002831, 0.02522, -0.295191, -0.955106, -1.2e-05, 0.0, 0.0, 0.0, 1.0],
                [0.999643, -0.000976, 0.026697, 0.124994, -0.008813, -0.955436, 0.295061, -0.002831, 0.02522, -0.295191, -0.955106, -1.2e-05, 0.0, 0.0, 0.0, 1.0]
            ]
        },
        {
            "name": "Leg_R",
            "time": [0.0, 0.6667],
            "transform": [
                [1.0, -0.0, 1e-06, -0.0, -0.0, 0.980672, 0.195676, 0.374726, -1e-06, -0.195676, 0.980666, 0.0, 0.0, 0.0, 0.0, 1.0],
                [1.0, -0.0, 1e-06, -0.0, -0.0, 0.980672, 0.195676, 0.374726, -1e-06, -0.195676, 0.980666, 0.0, 0.0, 0.0, 0.0, 1.0]
            ]
        },
        {
            "name": "Knee_R",
            "time": [0.0, 0.6667],
            "transform": [
                [1.0, 0.0, -0.0, 0.0, -0.0, 0.00567, -0.999984, 0.374726, -0.0, 0.999984, 0.00567, 0.0, 0.0, 0.0, 0.0, 1.0],
                [1.0, 0.0, -0.0, 0.0, -0.0, 0.00567, -0.999984, 0.374726, -0.0, 0.999984, 0.00567, 0.0, 0.0, 0.0, 0.0, 1.0]
            ]
        },
        {
            "name": "Thigh_L",
            "time": [0.0, 0.6667],
            "transform": [
                [0.798176, -0.182217, -0.574206, -0.125006, 0.174127, -0.84269, 0.509463, -0.002831, -0.576711, -0.506625, -0.640886, -1.2e-05, 0.0, 0.0, 0.0, 1.0],
                [0.798176, -0.182217, -0.574206, -0.125006, 0.174127, -0.84269, 0.509463, -0.002831, -0.576711, -0.506625, -0.640886, -1.2e-05, 0.0, 0.0, 0.0, 1.0]
            ]
        },
        {
            "name": "Leg_L",
            "time": [0.0, 0.6667],
            "transform": [
                [1.0, -1e-06, 1e-06, -0.0, -0.0, 0.638287, 0.769799, 0.374726, -1e-06, -0.769798, 0.638287, 0.0, 0.0, 0.0, 0.0, 1.0],
                [1.0, -1e-06, 1e-06, -0.0, -0.0, 0.638287, 0.769799, 0.374726, -1e-06, -0.769798, 0.638287, 0.0, 0.0, 0.0, 0.0, 1.0]
            ]
        },
        {
            "name": "Knee_L",
            "time": [0.0, 0.6667],
            "transform": [
                [1.0, 0.0, -0.0, 0.0, -0.0, 0.00567, -0.999984, 0.410817, -0.0, 0.999984, 0.00567, -0.000205, 0.0, 0.0, 0.0, 1.0],
                [1.0, 0.0, -0.0, 0.0, -0.0, 0.00567, -0.999984, 0.410817, -0.0, 0.999984, 0.00567, -0.000205, 0.0, 0.0, 0.0, 1.0]
            ]
        },
        {
            "name": "Torso",
            "time": [0.0, 0.3333, 0.6667],
            "transform": [
                [1.0, 0.0, -0.0, -0.0, -0.0, 1.0, -0.000689, 0.05, 0.0, 0.000689, 1.0, -0.0, 0.0, 0.0, 0.0, 1.0],
                [1.0, 0.0, -0.0, -0.0, -0.0, 1.0, -0.000689, 0.05, 0.0, 0.000689, 1.0, -0.0, 0.0, 0.0, 0.0, 1.0],
                [1.0, 0.0, -0.0, -0.0, -0.0, 1.0, -0.000689, 0.05, 0.0, 0.000689, 1.0, -0.0, 0.0, 0.0, 0.0, 1.0]
            ]
        },
        {
            "name": "Chest",
            "time": [0.0, 0.1667, 0.3333, 0.5, 0.6667],
            "transform": [
                [0.948603, -0.018905, 0.315903, 0.0, -0.014384, 0.994607, 0.102713, 0.3, -0.316141, -0.101978, 0.943216, 0.0, 0.0, 0.0, 0.0, 1.0],
                [0.948602, -0.018824, 0.315911, 0.0, -0.016827, 0.993817, 0.109748, 0.3, -0.316024, -0.109423, 0.94242, 0.0, 0.0, 0.0, 0.0, 1.0],
                [0.948603, -0.018905, 0.315903, 0.0, -0.014384, 0.994607, 0.102713, 0.3, -0.316141, -0.101978, 0.943216, 0.0, 0.0, 0.0, 0.0, 1.0],
                [0.951865, -0.018378, 0.305966, 0.0, -0.013869, 0.994596, 0.102888, 0.3, -0.306203, -0.102179, 0.946467, 0.0, 0.0, 0.0, 0.0, 1.0],
                [0.948603, -0.018905, 0.315903, 0.0, -0.014384, 0.994607, 0.102713, 0.3, -0.316141, -0.101978, 0.943216, 0.0, 0.0, 0.0, 0.0, 1.0]
            ]
        },
        {
            "name": "Head",
            "time": [0.0, 0.1667, 0.3333, 0.5, 0.6667],
            "transform": [
                [0.995163, -0.093932, 0.028783, -0.0, 0.087679, 0.981344, 0.171102, 0.4, -0.044318, -0.16775, 0.984833, 0.0, 0.0, 0.0, 0.0, 1.0],
                [0.994689, -0.099169, 0.027577, -0.0, 0.093714, 0.983323, 0.155864, 0.4, -0.042574, -0.152452, 0.987394, 0.0, 0.0, 0.0, 0.0, 1.0],
                [0.995163, -0.093932, 0.028783, -0.0, 0.087679, 0.981344, 0.171102, 0.4, -0.044318, -0.16775, 0.984833, 0.0, 0.0, 0.0, 0.0, 1.0],
                [0.994382, -0.096998, 0.042382, -0.0, 0.088428, 0.981279, 0.171093, 0.4, -0.058185, -0.166384, 0.984343, -0.0, 0.0, 0.0, 0.0, 1.0],
                [0.995163, -0.093932, 0.028783, -0.0, 0.087679, 0.981344, 0.171102, 0.4, -0.044318, -0.16775, 0.984833, 0.0, 0.0, 0.0, 0.0, 1.0]
            ]
        },
        {
            "name": "Shoulder_R",
            "time": [0.0, 0.3333, 0.6667],
            "transform": [
                [-0.000983, 0.999134, -0.041587, -0.0, 0.137509, 0.041327, 0.989638, 0.4, 0.9905, -0.004746, -0.13743, 0.0, 0.0, 0.0, 0.0, 1.0],
                [-0.000983, 0.999134, -0.041587, -0.0, 0.137509, 0.041327, 0.989638, 0.4, 0.9905, -0.004746, -0.13743, 0.0, 0.0, 0.0, 0.0, 1.0],
                [-0.000983, 0.999134, -0.041587, -0.0, 0.137509, 0.041327, 0.989638, 0.4, 0.9905, -0.004746, -0.13743, 0.0, 0.0, 0.0, 0.0, 1.0]
            ]
        },
        {
            "name": "Arm_R",
            "time": [0.0, 0.6667],
            "transform": [
                [0.95009, -0.100094, 0.295481, -0.0, 0.304781, 0.500005, -0.810619, 0.39386, -0.066603, 0.860219, 0.505557, 0.0, 0.0, 0.0, 0.0, 1.0],
                [0.95009, -0.100094, 0.295481, -0.0, 0.304781, 0.500005, -0.810619, 0.39386, -0.066603, 0.860219, 0.505557, 0.0, 0.0, 0.0, 0.0, 1.0]
            ]
        },
        {
            "name": "Hand_R",
            "time": [0.0, 0.6667],
            "transform": [
                [1.0, -2e-06, 0.0, 0.0, 2e-06, 0.870637, -0.491927, 0.300003, 0.0, 0.491927, 0.870636, 0.0, 0.0, 0.0, 0.0, 1.0],
                [1.0, -2e-06, 0.0, 0.0, 2e-06, 0.870637, -0.491927, 0.300003, 0.0, 0.491927, 0.870636, 0.0, 0.0, 0.0, 0.0, 1.0]
            ]
        },
        {
            "name": "Tool_R",
            "time": [0.0, 0.6667],
            "transform": [
                [1.0, -0.0, 0.0, -0.0, 0.0, -0.999559, -0.029689, 0.271711, 0.0, 0.029689, -0.99956, -0.028915, 0.0, 0.0, 0.0, 1.0],
                [1.0, -0.0, 0.0, -0.0, 0.0, -0.999559, -0.029689, 0.271711, 0.0, 0.029689, -0.99956, -0.028915, 0.0, 0.0, 0.0, 1.0]
            ]
        },
        {
            "name": "Elbow_R",
            "time": [0.0, 0.6667],
            "transform": [
                [-1.0, 0.0, -0.0, 0.0, 0.0, 0.003946, -0.999992, 0.347394, -0.0, -0.999992, -0.003946, -0.001065, 0.0, 0.0, 0.0, 1.0],
                [-1.0, 0.0, -0.0, 0.0, 0.0, 0.003946, -0.999992, 0.347394, -0.0, -0.999992, -0.003946, -0.001065, 0.0, 0.0, 0.0, 1.0]
            ]
        },
        {
            "name": "Shoulder_L",
            "time": [0.0, 0.3333, 0.6667],
            "transform": [
                [-0.0, -0.952114, -0.305743, -0.0, 0.0, -0.305743, 0.952114, 0.4, -1.0, 0.0, 0.0, 0.0, 0.0, 0.0, 0.0, 1.0],
                [-0.0, -0.952114, -0.305743, -0.0, 0.0, -0.305743, 0.952114, 0.4, -1.0, 0.0, 0.0, 0.0, 0.0, 0.0, 0.0, 1.0],
                [-0.0, -0.952114, -0.305743, -0.0, 0.0, -0.305743, 0.952114, 0.4, -1.0, 0.0, 0.0, 0.0, 0.0, 0.0, 0.0, 1.0]
            ]
        },
        {
            "name": "Arm_L",
            "time": [0.0, 0.6667],
            "transform": [
                [0.37728, -0.219553, 0.899698, 0.0, -0.860271, 0.276643, 0.428256, 0.39386, -0.34292, -0.935556, -0.084503, 0.0, 0.0, 0.0, 0.0, 1.0],
                [0.37728, -0.219553, 0.899698, 0.0, -0.860271, 0.276643, 0.428256, 0.39386, -0.34292, -0.935556, -0.084503, 0.0, 0.0, 0.0, 0.0, 1.0]
            ]
        },
        {
            "name": "Hand_L",
            "time": [0.0, 0.6667],
            "transform": [
                [1.0, -0.0, 0.0, 0.0, 0.0, 0.949343, -0.314244, 0.300003, -0.0, 0.314244, 0.949342, -0.0, 0.0, 0.0, 0.0, 1.0],
                [1.0, -0.0, 0.0, 0.0, 0.0, 0.949343, -0.314244, 0.300003, -0.0, 0.314244, 0.949342, -0.0, 0.0, 0.0, 0.0, 1.0]
            ]
        },
        {
            "name": "Tool_L",
            "time": [0.0, 0.6667],
            "transform": [
                [1.0, -0.0, 0.0, -0.0, -0.0, -0.999559, -0.029689, 0.271711, 0.0, 0.029689, -0.99956, -0.028915, 0.0, 0.0, 0.0, 1.0],
                [1.0, -0.0, 0.0, -0.0, -0.0, -0.999559, -0.029689, 0.271711, 0.0, 0.029689, -0.99956, -0.028915, 0.0, 0.0, 0.0, 1.0]
            ]
        },
        {
            "name": "Elbow_L",
            "time": [0.0, 0.6667],
            "transform": [
                [-1.0, 0.0, -0.0, -0.0, 0.0, 0.003946, -0.999992, 0.329154, -0.0, -0.999992, -0.003946, -0.001137, 0.0, 0.0, 0.0, 1.0],
                [-1.0, 0.0, -0.0, -0.0, 0.0, 0.003946, -0.999992, 0.329154, -0.0, -0.999992, -0.003946, -0.001137, 0.0, 0.0, 0.0, 1.0]
            ]
        }
    ]
}