{
    "animation": [
        {
            "name": "Root",
            "time": [0.0, 0.1167, 0.2],
            "transform": [
                [0.944872, 0.312005, 0.099351, 0.117585, 0.104571, 0.0, -0.994517, -0.0177, -0.310294, 0.95008, -0.032627, 0.759095, 0.0, 0.0, 0.0, 1.0],
                [0.944872, 0.268581, 0.187302, 0.117585, 0.104571, 0.294555, -0.949896, -0.0177, -0.310294, 0.917116, 0.250231, 0.946692, 0.0, 0.0, 0.0, 1.0],
                [0.944872, 0.268581, 0.187302, 0.117585, 0.082279, 0.358919, -0.929735, -0.0177, -0.316935, 0.893891, 0.317034, 0.965, 0.0, 0.0, 0.0, 1.0]
            ]
        },
        {
            "name": "Thigh_R",
            "time": [0.0, 0.0833, 0.2],
            "transform": [
                [0.822673, 0.239362, 0.51567, 0.124994, 0.045884, -0.932041, 0.359432, -0.002831, 0.56666, -0.272034, -0.777749, -1.2e-05, 0.0, 0.0, 0.0, 1.0],
                [0.67705, 0.141048, 0.722294, 0.124994, -0.296016, -0.84637, 0.442753, -0.002831, 0.673778, -0.513576, -0.531283, -1.2e-05, 0.0, 0.0, 0.0, 1.0],
                [0.698297, 0.136806, 0.702613, 0.124994, -0.355511, -0.785663, 0.506305, -0.002831, 0.621283, -0.603336, -0.499991, -1.2e-05, 0.0, 0.0, 0.0, 1.0]
            ]
        },
        {
            "name": "Leg_R",
            "time": [0.0, 0.0833, 0.2],
            "transform": [
                [1.0, -1e-06, 1e-06, -0.0, -0.0, 0.701176, 0.71299, 0.374726, -1e-06, -0.712991, 0.701172, 0.0, 0.0, 0.0, 0.0, 1.0],
                [1.0, -1e-06, 0.0, 0.0, -0.0, 0.102382, 0.994744, 0.374726, -1e-06, -0.994746, 0.102381, 0.0, 0.0, 0.0, 0.0, 1.0],
                [1.0, -1e-06, 0.0, 0.0, -0.0, 0.311248, 0.950328, 0.374726, -1e-06, -0.950329, 0.311246, 0.0, 0.0, 0.0, 0.0, 1.0]
            ]
        },
        {
            "name": "Knee_R",
            "time": [0.0, 0.2],
            "transform": [
                [1.0, 0.0, -0.0, 0.0, -0.0, 0.00567, -0.999984, 0.401913, -0.0, 0.999984, 0.00567, -0.000154, 0.0, 0.0, 0.0, 1.0],
                [1.0, 0.0, -0.0, 0.0, -0.0, 0.00567, -0.999984, 0.450288, -0.0, 0.999984, 0.00567, -0.000428, 0.0, 0.0, 0.0, 1.0]
            ]
        },
        {
            "name": "Thigh_L",
            "time": [0.0, 0.0833, 0.1667, 0.2],
            "transform": [
                [0.992365, 0.104482, 0.065544, -0.125006, 0.062845, -0.885588, 0.4602, -0.00283, 0.106127, -0.452566, -0.885393, -1.2e-05, 0.0, 0.0, 0.0, 1.0],
                [0.986779, 0.107674, 0.121126, -0.125006, 0.075709, -0.967089, 0.242909, -0.002831, 0.143295, -0.230528, -0.962457, -1.2e-05, 0.0, 0.0, 0.0, 1.0],
                [0.981948, 0.157092, 0.105356, -0.125006, -0.058991, -0.274874, 0.959669, -0.002831, 0.179716, -0.94856, -0.260646, -1.2e-05, 0.0, 0.0, 0.0, 1.0],
                [0.982845, 0.154141, 0.10127, -0.125006, -0.056097, -0.273232, 0.960311, -0.002831, 0.175694, -0.949517, -0.259897, -1.2e-05, 0.0, 0.0, 0.0, 1.0]
            ]
        },
        {
            "name": "Leg_L",
            "time": [0.0, 0.0833, 0.1667, 0.2],
            "transform": [
                [1.0, -1e-06, 1e-06, -0.0, -0.0, 0.64999, 0.759943, 0.374726, -1e-06, -0.759943, 0.64999, -0.0, 0.0, 0.0, 0.0, 1.0],
                [1.0, 0.0, 1e-06, -0.0, -0.0, 0.999989, 0.00477, 0.374726, -1e-06, -0.00477, 0.999988, 0.0, 0.0, 0.0, 0.0, 1.0],
                [1.0, -1e-06, 0.0, 0.0, -0.0, 0.41661, 0.909085, 0.374726, -1e-06, -0.909085, 0.41661, 0.0, 0.0, 0.0, 0.0, 1.0],
                [1.0, -1e-06, 1e-06, 0.0, -0.0, 0.421218, 0.90696, 0.374726, -1e-06, -0.906959, 0.421218, -0.0, 0.0, 0.0, 0.0, 1.0]
            ]
        },
        {
            "name": "Knee_L",
            "time": [0.0, 0.2],
            "transform": [
                [1.0, 0.0, -0.0, -0.0, -0.0, 0.00567, -0.999984, 0.40921, -0.0, 0.999984, 0.00567, -0.000196, 0.0, 0.0, 0.0, 1.0],
                [1.0, 0.0, -0.0, 0.0, -0.0, 0.00567, -0.999984, 0.437863, -0.0, 0.999984, 0.00567, -0.000358, 0.0, 0.0, 0.0, 1.0]
            ]
        },
        {
            "name": "Torso",
            "time": [0.0, 0.1167, 0.2],
            "transform": [
                [1.0, 0.0, -0.0, 0.0, 0.0, 1.0, -0.000689, 0.05, 0.0, 0.000689, 1.0, 0.0, 0.0, 0.0, 0.0, 1.0],
                [1.0, -0.0, -0.0, -0.0, -0.0, 1.0, -0.000689, 0.05, -0.0, 0.000689, 1.0, 0.0, 0.0, 0.0, 0.0, 1.0],
                [1.0, -0.0, 0.0, -0.0, -0.0, 1.0, -0.000689, 0.05, 0.0, 0.000689, 1.0, 0.0, 0.0, 0.0, 0.0, 1.0]
            ]
        },
        {
            "name": "Chest",
            "time": [0.0, 0.1167, 0.2],
            "transform": [
                [0.973718, -0.219738, -0.059906, 0.0, 0.220715, 0.975286, 0.010132, 0.3, 0.056199, -0.023088, 0.998153, 0.0, 0.0, 0.0, 0.0, 1.0],
                [0.975779, -0.019476, -0.21789, 0.0, 0.195653, 0.52323, 0.829428, 0.3, 0.097853, -0.851969, 0.514367, -0.0, 0.0, 0.0, 0.0, 1.0],
                [0.975779, -0.019476, -0.21789, -0.0, 0.195653, 0.52323, 0.829428, 0.3, 0.097853, -0.851969, 0.514367, -0.0, 0.0, 0.0, 0.0, 1.0]
            ]
        },
        {
            "name": "Head",
            "time": [0.0, 0.1167, 0.2],
            "transform": [
                [0.997527, -0.061006, 0.034918, 0.0, 0.054787, 0.985996, 0.157514, 0.4, -0.044038, -0.155211, 0.986899, -0.0, 0.0, 0.0, 0.0, 1.0],
                [0.988489, -0.019042, -0.15009, 0.0, -0.129968, 0.40095, -0.906834, 0.4, 0.077447, 0.915902, 0.393859, -0.0, 0.0, 0.0, 0.0, 1.0],
                [0.989857, -0.027658, -0.139352, -0.0, -0.125282, 0.292616, -0.947988, 0.4, 0.066996, 0.95583, 0.286183, -0.0, 0.0, 0.0, 0.0, 1.0]
            ]
        },
        {
            "name": "Shoulder_R",
            "time": [0.0, 0.1167, 0.2],
            "transform": [
                [0.025877, 0.94658, 0.321428, 0.0, -0.045237, -0.320097, 0.946304, 0.4, 0.998641, -0.039028, 0.034537, -0.0, 0.0, 0.0, 0.0, 1.0],
                [0.025877, 0.94658, 0.321428, 0.0, -0.045237, -0.320097, 0.946304, 0.4, 0.998641, -0.039028, 0.034537, -0.0, 0.0, 0.0, 0.0, 1.0],
                [0.025877, 0.94658, 0.321428, -0.0, -0.045237, -0.320097, 0.946304, 0.4, 0.998641, -0.039028, 0.034537, -0.0, 0.0, 0.0, 0.0, 1.0]
            ]
        },
        {
            "name": "Arm_R",
            "time": [0.0, 0.1167, 0.2],
            "transform": [
                [0.390571, 0.260734, -0.882878, -0.0, 0.837994, 0.296308, 0.458222, 0.39386, 0.381077, -0.918815, -0.102764, 0.0, 0.0, 0.0, 0.0, 1.0],
                [0.894351, 0.267583, -0.358521, 0.0, 0.331126, 0.142941, 0.932697, 0.393861, 0.300821, -0.952874, 0.039235, 0.0, 0.0, 0.0, 0.0, 1.0],
                [0.927635, 0.188083, -0.322675, 0.0, 0.295617, 0.158269, 0.942105, 0.393861, 0.228263, -0.969318, 0.091216, 0.0, 0.0, 0.0, 0.0, 1.0]
            ]
        },
        {
            "name": "Hand_R",
            "time": [0.0, 0.1167, 0.2],
            "transform": [
                [1.0, -2e-06, 1e-06, 0.0, 2e-06, 0.848537, -0.529136, 0.300003, 0.0, 0.529136, 0.848537, 0.0, 0.0, 0.0, 0.0, 1.0],
                [1.0, -3e-06, 2e-06, 0.0, 3e-06, 0.174677, -0.984625, 0.300003, 2e-06, 0.984626, 0.174677, 0.0, 0.0, 0.0, 0.0, 1.0],
                [1.0, -3e-06, 3e-06, -0.0, 3e-06, 0.26401, -0.96452, 0.300003, 2e-06, 0.96452, 0.264011, 0.0, 0.0, 0.0, 0.0, 1.0]
            ]
        },
        {
            "name": "Tool_R",
            "time": [0.0, 0.1167, 0.2],
            "transform": [
                [1.0, -0.0, 0.0, 0.0, -0.0, -0.999559, -0.029689, 0.271711, 0.0, 0.029689, -0.99956, -0.028915, 0.0, 0.0, 0.0, 1.0],
                [1.0, -0.0, 0.0, 0.0, -0.0, -0.999559, -0.029689, 0.271711, 0.0, 0.029689, -0.99956, -0.028915, 0.0, 0.0, 0.0, 1.0],
                [1.0, 0.0, 0.0, -0.0, -0.0, -0.999559, -0.029689, 0.271711, 0.0, 0.029689, -0.99956, -0.028915, 0.0, 0.0, 0.0, 1.0]
            ]
        },
        {
            "name": "Elbow_R",
            "time": [0.0, 0.2],
            "transform": [
                [-1.0, 0.0, -0.0, 0.0, 0.0, 0.003946, -0.999992, 0.351449, -0.0, -0.999992, -0.003946, -0.001049, 0.0, 0.0, 0.0, 1.0],
                [-1.0, 0.0, -0.0, 0.0, 0.0, 0.003946, -0.999992, 0.42136, -0.0, -0.999992, -0.003946, -0.000773, 0.0, 0.0, 0.0, 1.0]
            ]
        },
        {
            "name": "Shoulder_L",
            "time": [0.0, 0.1167, 0.2],
            "transform": [
                [-0.0, -0.952114, -0.305743, 0.0, 0.0, -0.305743, 0.952114, 0.4, -1.0, -0.0, 0.0, -0.0, 0.0, 0.0, 0.0, 1.0],
                [-0.413916, -0.896217, -0.159589, 0.0, 0.054095, -0.199217, 0.978461, 0.4, -0.908706, 0.396368, 0.13094, -0.0, 0.0, 0.0, 0.0, 1.0],
                [-0.413916, -0.896217, -0.159589, -0.0, 0.054095, -0.199217, 0.978461, 0.4, -0.908706, 0.396368, 0.13094, -0.0, 0.0, 0.0, 0.0, 1.0]
            ]
        },
        {
            "name": "Arm_L",
            "time": [0.0, 0.1167, 0.2],
            "transform": [
                [0.633715, 0.068405, 0.770536, 0.0, 0.771828, 0.010833, -0.63574, 0.39386, -0.051834, 0.997598, -0.045933, -0.0, 0.0, 0.0, 0.0, 1.0],
                [0.588479, -0.526411, -0.613663, 0.0, 0.703529, 0.707423, 0.067817, 0.39386, 0.39842, -0.471639, 0.78665, 0.0, 0.0, 0.0, 0.0, 1.0],
                [0.564247, -0.578961, -0.588583, -0.0, 0.725375, 0.688103, 0.018529, 0.39386, 0.394278, -0.437397, 0.808224, -0.0, 0.0, 0.0, 0.0, 1.0]
            ]
        },
        {
            "name": "Hand_L",
            "time": [0.0, 0.1167, 0.2],
            "transform": [
                [1.0, 0.0, 0.0, 0.0, -0.0, 0.990813, -0.135238, 0.300003, 0.0, 0.135238, 0.990813, -0.0, 0.0, 0.0, 0.0, 1.0],
                [1.0, 1e-06, -1e-06, 0.0, -1e-06, 0.71368, -0.700472, 0.300002, -1e-06, 0.700471, 0.71368, 0.0, 0.0, 0.0, 0.0, 1.0],
                [1.0, 1e-06, -0.0, -0.0, -1e-06, 0.919361, -0.393416, 0.300002, -0.0, 0.393416, 0.919362, -0.0, 0.0, 0.0, 0.0, 1.0]
            ]
        },
        {
            "name": "Tool_L",
            "time": [0.0, 0.1167, 0.2],
            "transform": [
                [1.0, -0.0, 0.0, 0.0, 0.0, -0.999559, -0.029689, 0.271711, 0.0, 0.029689, -0.99956, -0.028915, 0.0, 0.0, 0.0, 1.0],
                [1.0, -0.0, 0.0, 0.0, -0.0, -0.999559, -0.029689, 0.271711, 0.0, 0.029689, -0.999559, -0.028915, 0.0, 0.0, 0.0, 1.0],
                [1.0, -0.0, 0.0, 0.0, -0.0, -0.999559, -0.029689, 0.271711, 0.0, 0.029689, -0.99956, -0.028915, 0.0, 0.0, 0.0, 1.0]
            ]
        },
        {
            "name": "Elbow_L",
            "time": [0.0, 0.2],
            "transform": [
                [-1.0, 0.0, -0.0, 0.0, 0.0, 0.003946, -0.999992, 0.31191, -0.0, -0.999993, -0.003946, -0.001205, 0.0, 0.0, 0.0, 1.0],
                [-1.0, 0.0, -0.0, 0.0, 0.0, 0.003946, -0.999992, 0.337089, -0.0, -0.999993, -0.003946, -0.001106, 0.0, 0.0, 0.0, 1.0]
            ]
        }
    ]
}