{
    "animation": [
        {
            "name": "Root",
            "time": [0.0, 0.05],
            "transform": [
                [0.944872, 0.312005, 0.099351, 0.117585, 0.104571, 0.0, -0.994517, -0.0177, -0.310294, 0.95008, -0.032627, 0.759095, 0.0, 0.0, 0.0, 1.0],
                [0.944872, 0.327439, 0.00125, 0.117585, 0.104571, -0.298132, -0.948779, -0.0177, -0.310294, 0.896605, -0.315937, 0.708023, 0.0, 0.0, 0.0, 1.0]
            ]
        },
        {
            "name": "Thigh_R",
            "time": [0.0, 0.05],
            "transform": [
                [0.770302, 0.004221, 0.637666, 0.124994, -0.110282, -0.984026, 0.139735, -0.002831, 0.628071, -0.177961, -0.757534, -1.2e-05, 0.0, 0.0, 0.0, 1.0],
                [0.778844, 0.032054, 0.626399, 0.124994, 0.044391, -0.999004, -0.004073, -0.002831, 0.625645, 0.030978, -0.779493, -1.2e-05, 0.0, 0.0, 0.0, 1.0]
            ]
        },
        {
            "name": "Leg_R",
            "time": [0.0, 0.05],
            "transform": [
                [1.0, -1e-06, 1e-06, -0.0, -0.0, 0.684361, 0.729143, 0.374726, -1e-06, -0.729144, 0.68436, 0.0, 0.0, 0.0, 0.0, 1.0],
                [1.0, -1e-06, 1e-06, 0.0, -0.0, 0.485307, 0.874344, 0.374726, -1e-06, -0.874345, 0.485306, 0.0, 0.0, 0.0, 0.0, 1.0]
            ]
        },
        {
            "name": "Knee_R",
            "time": [0.0, 0.05],
            "transform": [
                [1.0, 0.0, -0.0, -0.0, -0.0, 0.00567, -0.999984, 0.404362, -0.0, 0.999984, 0.00567, -0.000168, 0.0, 0.0, 0.0, 1.0],
                [1.0, 0.0, -0.0, 0.0, -0.0, 0.00567, -0.999984, 0.430308, -0.0, 0.999984, 0.00567, -0.000315, 0.0, 0.0, 0.0, 1.0]
            ]
        },
        {
            "name": "Thigh_L",
            "time": [0.0, 0.05],
            "transform": [
                [0.992371, 0.112266, 0.050949, -0.125006, 0.062251, -0.812996, 0.578931, -0.002831, 0.106415, -0.571342, -0.813783, -1.2e-05, 0.0, 0.0, 0.0, 1.0],
                [0.99406, 0.102459, 0.036689, -0.125006, 0.072276, -0.873569, 0.481302, -0.002831, 0.081364, -0.475791, -0.875786, -1.2e-05, 0.0, 0.0, 0.0, 1.0]
            ]
        },
        {
            "name": "Leg_L",
            "time": [0.0, 0.05],
            "transform": [
                [1.0, -0.0, 1e-06, -0.0, -0.0, 0.825292, 0.564705, 0.374726, -1e-06, -0.564705, 0.825293, -0.0, 0.0, 0.0, 0.0, 1.0],
                [1.0, -1e-06, 1e-06, -0.0, -0.0, 0.594584, 0.804033, 0.374726, -1e-06, -0.804033, 0.594585, -0.0, 0.0, 0.0, 0.0, 1.0]
            ]
        },
        {
            "name": "Knee_L",
            "time": [0.0, 0.05],
            "transform": [
                [1.0, 0.0, -0.0, -0.0, -0.0, 0.00567, -0.999984, 0.381569, -0.0, 0.999984, 0.00567, -3.9e-05, 0.0, 0.0, 0.0, 1.0],
                [1.0, 0.0, -0.0, -0.0, -0.0, 0.00567, -0.999984, 0.416649, -0.0, 0.999984, 0.00567, -0.000238, 0.0, 0.0, 0.0, 1.0]
            ]
        },
        {
            "name": "Torso",
            "time": [0.0, 0.05],
            "transform": [
                [1.0, 0.0, -0.0, 0.0, 0.0, 1.0, -0.000689, 0.05, 0.0, 0.000689, 1.0, 0.0, 0.0, 0.0, 0.0, 1.0],
                [1.0, 0.0, -0.0, -0.0, -0.0, 1.0, -0.000689, 0.05, 0.0, 0.000689, 1.0, -0.0, 0.0, 0.0, 0.0, 1.0]
            ]
        },
        {
            "name": "Chest",
            "time": [0.0, 0.05],
            "transform": [
                [0.973718, -0.219738, -0.059906, 0.0, 0.220715, 0.975286, 0.010132, 0.3, 0.056199, -0.023088, 0.998153, 0.0, 0.0, 0.0, 0.0, 1.0],
                [0.973718, -0.118542, -0.194477, 0.0, 0.220715, 0.701818, 0.677301, 0.3, 0.056199, -0.702424, 0.709537, -0.0, 0.0, 0.0, 0.0, 1.0]
            ]
        },
        {
            "name": "Head",
            "time": [0.0, 0.05],
            "transform": [
                [0.997527, -0.061006, 0.034918, 0.0, 0.054787, 0.985996, 0.157514, 0.4, -0.044038, -0.155211, 0.986899, -0.0, 0.0, 0.0, 0.0, 1.0],
                [0.987361, -0.124587, 0.097962, 0.0, 0.151702, 0.921865, -0.356583, 0.4, -0.045882, 0.366937, 0.929113, 0.0, 0.0, 0.0, 0.0, 1.0]
            ]
        },
        {
            "name": "Shoulder_R",
            "time": [0.0, 0.05],
            "transform": [
                [0.025877, 0.94658, 0.321428, 0.0, -0.045237, -0.320097, 0.946304, 0.4, 0.998641, -0.039028, 0.034537, -0.0, 0.0, 0.0, 0.0, 1.0],
                [0.025877, 0.94658, 0.321428, 0.0, -0.045237, -0.320097, 0.946304, 0.4, 0.998641, -0.039028, 0.034537, 0.0, 0.0, 0.0, 0.0, 1.0]
            ]
        },
        {
            "name": "Arm_R",
            "time": [0.0, 0.05],
            "transform": [
                [0.390457, 0.02287, -0.920338, -0.0, 0.838181, 0.404657, 0.365658, 0.39386, 0.380783, -0.914183, 0.138831, 0.0, 0.0, 0.0, 0.0, 1.0],
                [0.207861, 0.729291, -0.651865, -0.0, 0.470688, 0.509618, 0.720237, 0.393861, 0.857465, -0.456535, -0.23734, -0.0, 0.0, 0.0, 0.0, 1.0]
            ]
        },
        {
            "name": "Hand_R",
            "time": [0.0, 0.05],
            "transform": [
                [1.0, -0.0, -0.0, -0.0, 0.0, 0.999999, -0.000992, 0.300003, -0.0, 0.000992, 0.999999, -0.0, 0.0, 0.0, 0.0, 1.0],
                [1.0, -3e-06, 3e-06, -0.0, 3e-06, 0.224421, -0.974492, 0.300003, 3e-06, 0.974492, 0.224421, 0.0, 0.0, 0.0, 0.0, 1.0]
            ]
        },
        {
            "name": "Tool_R",
            "time": [0.0, 0.05],
            "transform": [
                [1.0, -0.0, 0.0, 0.0, 0.0, -0.999559, -0.029689, 0.271711, 0.0, 0.029689, -0.99956, -0.028915, 0.0, 0.0, 0.0, 1.0],
                [1.0, 0.0, 0.0, -0.0, -0.0, -0.999559, -0.029689, 0.271711, 0.0, 0.029689, -0.99956, -0.028915, 0.0, 0.0, 0.0, 1.0]
            ]
        },
        {
            "name": "Elbow_R",
            "time": [0.0, 0.05],
            "transform": [
                [-1.0, 0.0, -0.0, -0.0, 0.0, 0.003946, -0.999992, 0.300008, -0.0, -0.999992, -0.003946, -0.001252, 0.0, 0.0, 0.0, 1.0],
                [-1.0, 0.0, -0.0, 0.0, 0.0, 0.003946, -0.999992, 0.425186, -0.0, -0.999992, -0.003946, -0.000758, 0.0, 0.0, 0.0, 1.0]
            ]
        },
        {
            "name": "Shoulder_L",
            "time": [0.0, 0.05],
            "transform": [
                [-0.0, -0.952114, -0.305743, 0.0, 0.0, -0.305743, 0.952114, 0.4, -1.0, -0.0, 0.0, -0.0, 0.0, 0.0, 0.0, 1.0],
                [-0.0, -0.952114, -0.305743, 0.0, 0.0, -0.305743, 0.952114, 0.4, -1.0, 0.0, 0.0, 0.0, 0.0, 0.0, 0.0, 1.0]
            ]
        },
        {
            "name": "Arm_L",
            "time": [0.0, 0.05],
            "transform": [
                [0.633715, 0.068405, 0.770536, 0.0, 0.771828, 0.010833, -0.63574, 0.39386, -0.051834, 0.997598, -0.045933, -0.0, 0.0, 0.0, 0.0, 1.0],
                [0.5754, -0.407032, 0.709394, 0.0, 0.783044, 0.023748, -0.621512, 0.39386, 0.23613, 0.913105, 0.332389, -0.0, 0.0, 0.0, 0.0, 1.0]
            ]
        },
        {
            "name": "Hand_L",
            "time": [0.0, 0.05],
            "transform": [
                [1.0, 0.0, 0.0, 0.0, -0.0, 0.990813, -0.135238, 0.300003, 0.0, 0.135238, 0.990813, -0.0, 0.0, 0.0, 0.0, 1.0],
                [1.0, 0.0, 0.0, 0.0, -0.0, 0.999999, -0.000998, 0.300003, 0.0, 0.000999, 0.999999, 0.0, 0.0, 0.0, 0.0, 1.0]
            ]
        },
        {
            "name": "Tool_L",
            "time": [0.0, 0.05],
            "transform": [
                [1.0, -0.0, 0.0, 0.0, 0.0, -0.999559, -0.029689, 0.271711, 0.0, 0.029689, -0.99956, -0.028915, 0.0, 0.0, 0.0, 1.0],
                [1.0, 0.0, 0.0, 0.0, -0.0, -0.999559, -0.029689, 0.271711, 0.0, 0.029689, -0.99956, -0.028915, 0.0, 0.0, 0.0, 1.0]
            ]
        },
        {
            "name": "Elbow_L",
            "time": [0.0, 0.05],
            "transform": [
                [-1.0, 0.0, -0.0, 0.0, 0.0, 0.003946, -0.999992, 0.31191, -0.0, -0.999993, -0.003946, -0.001205, 0.0, 0.0, 0.0, 1.0],
                [-1.0, 0.0, -0.0, -0.0, 0.0, 0.003946, -0.999992, 0.300008, -0.0, -0.999993, -0.003946, -0.001252, 0.0, 0.0, 0.0, 1.0]
            ]
        }
    ]
}