{
    "animation": [
        {
            "name": "Root",
            "time": [0.0, 0.1333, 0.5],
            "transform": [
                [0.955988, -0.14794, -0.25338, -0.04298, -0.140401, 0.527632, -0.83779, -0.021798, 0.257634, 0.836491, 0.483639, 0.931588, 0.0, 0.0, 0.0, 1.0],
                [0.986079, -0.108382, 0.126101, -0.04298, 0.160493, 0.818673, -0.551378, -0.021798, -0.043476, 0.56394, 0.82467, 0.87234, 0.0, 0.0, 0.0, 1.0],
                [0.986079, -0.066354, 0.152464, -0.04298, 0.160493, 0.619557, -0.768369, -0.021798, -0.043476, 0.782142, 0.621581, 0.87234, 0.0, 0.0, 0.0, 1.0]
            ]
        },
        {
            "name": "Thigh_R",
            "time": [0.0, 0.1, 0.1833, 0.5],
            "transform": [
                [0.970062, -0.199321, -0.138749, 0.124994, 0.176429, 0.185773, 0.966624, -0.002831, -0.166893, -0.962162, 0.215378, -1.2e-05, 0.0, 0.0, 0.0, 1.0],
                [0.981406, -0.116139, 0.152815, 0.124994, -0.046631, -0.916577, -0.397127, -0.002831, 0.186188, 0.382616, -0.904953, -1.2e-05, 0.0, 0.0, 0.0, 1.0],
                [0.953689, -0.149872, 0.260798, 0.124994, -0.045783, -0.929252, -0.366594, -0.002831, 0.29729, 0.337675, -0.893081, -1.2e-05, 0.0, 0.0, 0.0, 1.0],
                [0.953886, -0.043747, 0.296964, 0.124994, -0.036695, -0.998896, -0.029282, -0.002831, 0.297917, 0.017034, -0.95444, -1.2e-05, 0.0, 0.0, 0.0, 1.0]
            ]
        },
        {
            "name": "Leg_R",
            "time": [0.0, 0.1, 0.1833, 0.5],
            "transform": [
                [1.0, -1e-06, 0.0, -0.0, -0.0, 0.147028, 0.989131, 0.374726, -1e-06, -0.989133, 0.147027, -0.0, 0.0, 0.0, 0.0, 1.0],
                [1.0, 0.0, 1e-06, -0.0, 0.0, 0.999991, 0.00476, 0.374726, -1e-06, -0.00476, 0.999985, 0.0, 0.0, 0.0, 0.0, 1.0],
                [1.0, 0.0, 1e-06, -0.0, 0.0, 0.999992, 0.004749, 0.374726, -1e-06, -0.00475, 0.999985, -0.0, 0.0, 0.0, 0.0, 1.0],
                [1.0, -0.0, 1e-06, 0.0, -0.0, 0.924488, 0.381216, 0.374726, -1e-06, -0.381217, 0.924483, 0.0, 0.0, 0.0, 0.0, 1.0]
            ]
        },
        {
            "name": "Knee_R",
            "time": [0.0, 0.5],
            "transform": [
                [1.0, 0.0, -0.0, -0.0, -0.0, 0.00567, -0.999984, 0.468034, -0.0, 0.999984, 0.00567, -0.000529, 0.0, 0.0, 0.0, 1.0],
                [1.0, 0.0, -0.0, 0.0, -0.0, 0.00567, -0.999984, 0.374726, -0.0, 0.999984, 0.00567, 0.0, 0.0, 0.0, 0.0, 1.0]
            ]
        },
        {
            "name": "Thigh_L",
            "time": [0.0, 0.15, 0.2167, 0.5],
            "transform": [
                [0.638829, -0.23449, -0.732743, -0.125006, 0.446842, -0.662222, 0.601493, -0.002831, -0.626283, -0.711671, -0.318267, -1.2e-05, 0.0, 0.0, 0.0, 1.0],
                [0.991957, 0.123056, -0.029624, -0.125006, -0.041944, 0.540412, 0.840355, -0.002831, 0.119419, -0.832353, 0.541227, -1.2e-05, 0.0, 0.0, 0.0, 1.0],
                [0.98602, 0.124321, 0.110943, -0.125006, -0.150118, 0.373855, 0.915258, -0.002831, 0.072309, -0.919116, 0.387292, -1.2e-05, 0.0, 0.0, 0.0, 1.0],
                [0.985413, 0.104118, 0.134609, -0.125006, -0.123457, -0.107033, 0.986561, -0.002831, 0.117126, -0.988788, -0.092618, -1.2e-05, 0.0, 0.0, 0.0, 1.0]
            ]
        },
        {
            "name": "Leg_L",
            "time": [0.0, 0.15, 0.2167, 0.5],
            "transform": [
                [1.0, -1e-06, 0.0, 0.0, -0.0, 0.082059, 0.996628, 0.374726, -1e-06, -0.996627, 0.082059, 0.0, 0.0, 0.0, 0.0, 1.0],
                [1.0, -1e-06, 0.0, -0.0, -0.0, -0.162379, 0.986729, 0.374726, -1e-06, -0.986728, -0.162379, 0.0, 0.0, 0.0, 0.0, 1.0],
                [1.0, -1e-06, 1e-06, 0.0, -0.0, 0.422935, 0.90616, 0.374726, -1e-06, -0.90616, 0.422934, 0.0, 0.0, 0.0, 0.0, 1.0],
                [1.0, -1e-06, 1e-06, 0.0, -0.0, 0.376315, 0.926492, 0.374726, -1e-06, -0.926491, 0.376315, -0.0, 0.0, 0.0, 0.0, 1.0]
            ]
        },
        {
            "name": "Knee_L",
            "time": [0.0, 0.5],
            "transform": [
                [1.0, 0.0, -0.0, 0.0, -0.0, 0.00567, -0.999984, 0.474904, -0.0, 0.999984, 0.00567, -0.000568, 0.0, 0.0, 0.0, 1.0],
                [1.0, 0.0, -0.0, 0.0, -0.0, 0.00567, -0.999984, 0.443007, -0.0, 0.999984, 0.00567, -0.000387, 0.0, 0.0, 0.0, 1.0]
            ]
        },
        {
            "name": "Torso",
            "time": [0.0, 0.5],
            "transform": [
                [1.0, -0.0, 0.0, 0.0, -0.0, 1.0, -0.000689, 0.05, -0.0, 0.000689, 1.0, -0.0, 0.0, 0.0, 0.0, 1.0],
                [1.0, -0.0, -0.0, 0.0, 0.0, 1.0, -0.0, 0.05, -0.0, 0.0, 1.0, 0.0, 0.0, 0.0, 0.0, 1.0]
            ]
        },
        {
            "name": "Chest",
            "time": [0.0, 0.1333, 0.2167, 0.5],
            "transform": [
                [0.993615, 0.069703, -0.088718, 0.0, -0.034796, 0.937322, 0.346722, 0.3, 0.107326, -0.341421, 0.933763, 0.0, 0.0, 0.0, 0.0, 1.0],
                [0.998518, 0.005742, -0.054123, 0.0, -0.010373, 0.996269, -0.085673, 0.3, 0.053429, 0.086107, 0.994852, -0.0, 0.0, 0.0, 0.0, 1.0],
                [0.998518, 0.0, -0.054427, -0.0, -0.010373, 0.981669, -0.190308, 0.3, 0.053429, 0.190591, 0.980214, -0.0, 0.0, 0.0, 0.0, 1.0],
                [0.998518, 0.012767, -0.052909, 0.0, -0.010373, 0.998921, 0.04527, 0.3, 0.053429, -0.044654, 0.997573, 0.0, 0.0, 0.0, 0.0, 1.0]
            ]
        },
        {
            "name": "Head",
            "time": [0.0, 0.1333, 0.2167, 0.5],
            "transform": [
                [0.937955, 0.211791, 0.274562, 0.0, 0.047474, 0.705913, -0.706706, 0.4, -0.343491, 0.675893, 0.65206, 0.0, 0.0, 0.0, 0.0, 1.0],
                [0.984539, 0.001115, -0.17516, 0.0, -0.136974, 0.628194, -0.765905, 0.4, 0.109181, 0.778056, 0.618635, 0.0, 0.0, 0.0, 0.0, 1.0],
                [0.988798, 0.011616, -0.148811, -0.0, -0.105534, 0.759444, -0.641956, 0.4, 0.105556, 0.650469, 0.752162, -0.0, 0.0, 0.0, 0.0, 1.0],
                [0.995277, -0.025811, -0.093579, 0.0, -0.037431, 0.787418, -0.615282, 0.4, 0.089567, 0.615879, 0.782733, -0.0, 0.0, 0.0, 0.0, 1.0]
            ]
        },
        {
            "name": "Shoulder_R",
            "time": [0.0, 0.1833, 0.5],
            "transform": [
                [-0.41193, 0.866072, 0.283256, 0.0, 0.11809, -0.257493, 0.959037, 0.4, 0.903531, 0.428505, 0.003795, 0.0, 0.0, 0.0, 0.0, 1.0],
                [0.313849, 0.899197, 0.304865, -0.0, -0.153506, -0.268809, 0.950882, 0.4, 0.936981, -0.345232, 0.053667, -0.0, 0.0, 0.0, 0.0, 1.0],
                [0.229486, 0.924334, 0.304865, 0.0, -0.128032, -0.281834, 0.950882, 0.4, 0.964854, -0.257246, 0.053667, -0.0, 0.0, 0.0, 0.0, 1.0]
            ]
        },
        {
            "name": "Arm_R",
            "time": [0.0, 0.0833, 0.5],
            "transform": [
                [0.82022, 0.33081, 0.466696, 0.0, -0.422046, 0.900667, 0.103324, 0.393861, -0.386157, -0.281715, 0.878362, 0.0, 0.0, 0.0, 0.0, 1.0],
                [0.769125, 0.608782, 0.194502, -0.0, -0.607586, 0.790902, -0.072893, 0.39386, -0.198208, -0.062113, 0.97819, -0.0, 0.0, 0.0, 0.0, 1.0],
                [0.507078, -0.494493, -0.705938, 0.0, 0.06017, 0.83736, -0.54333, 0.39386, 0.859797, 0.233034, 0.454361, 0.0, 0.0, 0.0, 0.0, 1.0]
            ]
        },
        {
            "name": "Hand_R",
            "time": [0.0, 0.0833, 0.2667, 0.5],
            "transform": [
                [1.0, -3e-06, 1e-06, 0.0, 3e-06, 0.684623, -0.728898, 0.300003, 1e-06, 0.728898, 0.684623, -0.0, 0.0, 0.0, 0.0, 1.0],
                [1.0, -2e-06, -1e-06, -0.0, 2e-06, 0.999061, -0.043336, 0.300003, 1e-06, 0.043336, 0.999061, 0.0, 0.0, 0.0, 0.0, 1.0],
                [1.0, -0.0, 1e-06, -0.0, 1e-06, 0.232204, -0.972667, 0.300003, 0.0, 0.972667, 0.232204, 0.0, 0.0, 0.0, 0.0, 1.0],
                [1.0, 0.0, 0.0, -0.0, -0.0, 0.487736, -0.872992, 0.300002, -0.0, 0.872992, 0.487736, 0.0, 0.0, 0.0, 0.0, 1.0]
            ]
        },
        {
            "name": "Tool_R",
            "time": [0.0, 0.5],
            "transform": [
                [1.0, 0.0, 0.0, -0.0, 0.0, -0.999559, -0.029689, 0.271711, 0.0, 0.029689, -0.99956, -0.028915, 0.0, 0.0, 0.0, 1.0],
                [1.0, 0.0, 0.0, -0.0, 0.0, -0.999559, -0.029689, 0.271711, 0.0, 0.029689, -0.99956, -0.028915, 0.0, 0.0, 0.0, 1.0]
            ]
        },
        {
            "name": "Elbow_R",
            "time": [0.0, 0.5],
            "transform": [
                [-1.0, 0.0, -0.0, -0.0, 0.0, 0.003946, -0.999992, 0.375732, -0.0, -0.999992, -0.003946, -0.000954, 0.0, 0.0, 0.0, 1.0],
                [-1.0, 0.0, 0.0, -0.0, 0.0, 0.003946, -0.999992, 0.398653, -0.0, -0.999992, -0.003946, -0.000863, 0.0, 0.0, 0.0, 1.0]
            ]
        },
        {
            "name": "Shoulder_L",
            "time": [0.0, 0.1833, 0.5],
            "transform": [
                [-0.526031, -0.787621, -0.32085, 0.0, -0.106318, -0.313404, 0.943649, 0.4, -0.843794, 0.530501, 0.081122, 0.0, 0.0, 0.0, 0.0, 1.0],
                [-0.165887, -0.943064, -0.288291, -0.0, 0.04356, -0.299063, 0.953238, 0.4, -0.985182, 0.145572, 0.09069, -0.0, 0.0, 0.0, 0.0, 1.0],
                [0.022821, -0.95184, -0.305743, 0.0, 0.007328, -0.305656, 0.952114, 0.4, -0.999713, -0.023968, 0.0, -0.0, 0.0, 0.0, 0.0, 1.0]
            ]
        },
        {
            "name": "Arm_L",
            "time": [0.0, 0.1833, 0.5],
            "transform": [
                [0.311211, -0.807276, 0.501451, -0.0, -0.407351, 0.363408, 0.837854, 0.39386, -0.85861, -0.465016, -0.215748, -0.0, 0.0, 0.0, 0.0, 1.0],
                [0.093066, -0.248076, 0.96426, -0.0, -0.732229, 0.639187, 0.235116, 0.39386, -0.674669, -0.72794, -0.122162, 0.0, 0.0, 0.0, 0.0, 1.0],
                [0.057012, -0.46934, 0.881175, 0.0, -0.671368, 0.635225, 0.381777, 0.39386, -0.738928, -0.613358, -0.278884, -0.0, 0.0, 0.0, 0.0, 1.0]
            ]
        },
        {
            "name": "Hand_L",
            "time": [0.0, 0.1833, 0.5],
            "transform": [
                [1.0, 0.0, 0.0, 0.0, 0.0, -0.06091, -0.998143, 0.300003, -0.0, 0.998143, -0.06091, -0.0, 0.0, 0.0, 0.0, 1.0],
                [1.0, 0.0, -0.0, 0.0, -0.0, 0.856292, -0.516493, 0.300003, -0.0, 0.516493, 0.856291, -0.0, 0.0, 0.0, 0.0, 1.0],
                [1.0, 0.0, -0.0, -0.0, -0.0, 0.798068, -0.602568, 0.300003, 0.0, 0.602568, 0.798067, 0.0, 0.0, 0.0, 0.0, 1.0]
            ]
        },
        {
            "name": "Tool_L",
            "time": [0.0, 0.5],
            "transform": [
                [1.0, -0.0, 0.0, -0.0, -0.0, -0.999559, -0.029689, 0.271711, 0.0, 0.029689, -0.99956, -0.028915, 0.0, 0.0, 0.0, 1.0],
                [1.0, -0.0, 0.0, -0.0, -0.0, -0.999559, -0.029689, 0.271711, 0.0, 0.029689, -0.99956, -0.028915, 0.0, 0.0, 0.0, 1.0]
            ]
        },
        {
            "name": "Elbow_L",
            "time": [0.0, 0.5],
            "transform": [
                [-1.0, 0.0, -0.0, 0.0, 0.0, 0.003946, -0.999992, 0.447206, -0.0, -0.999993, -0.003946, -0.000672, 0.0, 0.0, 0.0, 1.0],
                [-1.0, 0.0, -0.0, -0.0, 0.0, 0.003946, -0.999993, 0.359802, -0.0, -0.999993, -0.003946, -0.001016, 0.0, 0.0, 0.0, 1.0]
            ]
        }
    ]
}