{
    "animation": [
        {
            "name": "Root",
            "time": [0.0, 0.1333, 0.2167, 0.5, 0.5833],
            "transform": [
                [0.944872, 0.268581, 0.187302, 0.117585, 0.082279, 0.358919, -0.929735, -0.0177, -0.316935, 0.893891, 0.317034, 0.965, 0.0, 0.0, 0.0, 1.0],
                [0.990768, 0.060742, -0.1212, 0.117585, -0.113433, 0.861026, -0.495749, -0.0177, 0.074243, 0.50492, 0.859967, 0.759095, 0.0, 0.0, 0.0, 1.0],
                [0.990666, 0.050016, -0.126802, 0.117585, -0.10988, 0.84352, -0.525738, -0.0177, 0.080664, 0.534764, 0.841143, 0.759095, 0.0, 0.0, 0.0, 1.0],
                [0.990768, 0.026485, -0.132957, 0.117585, -0.113433, 0.699042, -0.706027, -0.0177, 0.074243, 0.71459, 0.695592, 0.759095, 0.0, 0.0, 0.0, 1.0],
                [0.990768, 0.026485, -0.132957, 0.117585, -0.113433, 0.699042, -0.706027, -0.0177, 0.074243, 0.71459, 0.695592, 0.759095, 0.0, 0.0, 0.0, 1.0]
            ]
        },
        {
            "name": "Thigh_R",
            "time": [0.0, 0.1, 0.2167, 0.5, 0.5833],
            "transform": [
                [0.698297, 0.136806, 0.702613, 0.124994, -0.355511, -0.785662, 0.506305, -0.002831, 0.621283, -0.603337, -0.499991, -1.2e-05, 0.0, 0.0, 0.0, 1.0],
                [0.994861, -0.015368, 0.100074, 0.124994, -0.097723, 0.112781, 0.988804, -0.002831, -0.026482, -0.993499, 0.110699, -1.2e-05, 0.0, 0.0, 0.0, 1.0],
                [0.985763, -0.158524, 0.056037, 0.124994, -0.01034, 0.275494, 0.961247, -0.002831, -0.167819, -0.94814, 0.269934, -1.2e-05, 0.0, 0.0, 0.0, 1.0],
                [0.968413, -0.19512, 0.155251, 0.124994, -0.072047, 0.377108, 0.923363, -0.002831, -0.238714, -0.90538, 0.35114, -1.2e-05, 0.0, 0.0, 0.0, 1.0],
                [0.968413, -0.19512, 0.155251, 0.124994, -0.072047, 0.377108, 0.923363, -0.002831, -0.238714, -0.90538, 0.35114, -1.2e-05, 0.0, 0.0, 0.0, 1.0]
            ]
        },
        {
            "name": "Leg_R",
            "time": [0.0, 0.1, 0.2167, 0.5, 0.5833],
            "transform": [
                [1.0, -1e-06, 0.0, 0.0, -0.0, 0.311248, 0.950328, 0.374726, -1e-06, -0.95033, 0.311246, -0.0, 0.0, 0.0, 0.0, 1.0],
                [1.0, -1e-06, -0.0, 0.0, -0.0, -0.444953, 0.895554, 0.374726, -1e-06, -0.895555, -0.44495, 0.0, 0.0, 0.0, 0.0, 1.0],
                [1.0, -1e-06, -0.0, -0.0, -0.0, -0.406879, 0.913482, 0.374726, -1e-06, -0.913483, -0.406877, -0.0, 0.0, 0.0, 0.0, 1.0],
                [1.0, -1e-06, -0.0, 0.0, -0.0, -0.541387, 0.840774, 0.374726, -1e-06, -0.840776, -0.541383, 0.0, 0.0, 0.0, 0.0, 1.0],
                [1.0, -1e-06, -0.0, 0.0, -0.0, -0.541387, 0.840774, 0.374726, -1e-06, -0.840776, -0.541383, 0.0, 0.0, 0.0, 0.0, 1.0]
            ]
        },
        {
            "name": "Knee_R",
            "time": [0.0, 0.5833],
            "transform": [
                [1.0, 0.0, -0.0, 0.0, -0.0, 0.00567, -0.999984, 0.450288, -0.0, 0.999984, 0.00567, -0.000428, 0.0, 0.0, 0.0, 1.0],
                [1.0, 0.0, -0.0, 0.0, -0.0, 0.00567, -0.999984, 0.484724, -0.0, 0.999984, 0.00567, -0.000624, 0.0, 0.0, 0.0, 1.0]
            ]
        },
        {
            "name": "Thigh_L",
            "time": [0.0, 0.1, 0.2167, 0.5, 0.5833],
            "transform": [
                [0.982845, 0.154141, 0.10127, -0.125006, -0.056097, -0.273232, 0.960311, -0.002831, 0.175694, -0.949517, -0.259898, -1.2e-05, 0.0, 0.0, 0.0, 1.0],
                [0.783388, -0.041292, -0.620159, -0.125006, -0.279344, -0.914726, -0.291964, -0.002831, -0.55522, 0.401959, -0.72812, -1.2e-05, 0.0, 0.0, 0.0, 1.0],
                [0.96591, -0.068342, -0.249691, -0.125006, -0.082393, -0.995526, -0.046248, -0.002831, -0.245413, 0.065243, -0.96722, -1.2e-05, 0.0, 0.0, 0.0, 1.0],
                [0.95082, -0.16133, -0.264411, -0.125006, -0.158341, -0.986841, 0.032727, -0.002831, -0.266211, 0.010749, -0.963855, -1.2e-05, 0.0, 0.0, 0.0, 1.0],
                [0.95082, -0.16133, -0.264411, -0.125006, -0.158341, -0.986841, 0.032727, -0.002831, -0.266211, 0.010749, -0.963855, -1.2e-05, 0.0, 0.0, 0.0, 1.0]
            ]
        },
        {
            "name": "Leg_L",
            "time": [0.0, 0.1, 0.2167, 0.5, 0.5833],
            "transform": [
                [1.0, -1e-06, 1e-06, 0.0, -0.0, 0.421218, 0.90696, 0.374726, -1e-06, -0.906959, 0.421218, 0.0, 0.0, 0.0, 0.0, 1.0],
                [1.0, 0.0, 1e-06, -0.0, 0.0, 0.999989, 0.004823, 0.374726, -1e-06, -0.004823, 0.999988, 0.0, 0.0, 0.0, 0.0, 1.0],
                [1.0, -0.0, 1e-06, -0.0, -0.0, 0.96747, 0.252986, 0.374726, -1e-06, -0.252986, 0.96747, -0.0, 0.0, 0.0, 0.0, 1.0],
                [1.0, -0.0, 1e-06, 0.0, -0.0, 0.781815, 0.623511, 0.374726, -1e-06, -0.62351, 0.781815, 0.0, 0.0, 0.0, 0.0, 1.0],
                [1.0, -0.0, 1e-06, 0.0, -0.0, 0.781815, 0.623511, 0.374726, -1e-06, -0.62351, 0.781815, 0.0, 0.0, 0.0, 0.0, 1.0]
            ]
        },
        {
            "name": "Knee_L",
            "time": [0.0, 0.5833],
            "transform": [
                [1.0, 0.0, -0.0, 0.0, -0.0, 0.00567, -0.999984, 0.437863, -0.0, 0.999984, 0.00567, -0.000358, 0.0, 0.0, 0.0, 1.0],
                [1.0, 0.0, -0.0, 0.0, -0.0, 0.00567, -0.999984, 0.389252, -0.0, 0.999984, 0.00567, -8.2e-05, 0.0, 0.0, 0.0, 1.0]
            ]
        },
        {
            "name": "Torso",
            "time": [0.0, 0.1333, 0.2167, 0.5, 0.5833],
            "transform": [
                [1.0, 0.0, -0.0, -0.0, -0.0, 1.0, -0.000689, 0.05, 0.0, 0.000689, 1.0, 0.0, 0.0, 0.0, 0.0, 1.0],
                [1.0, -0.0, 0.0, -0.0, 0.0, 0.997933, 0.064261, 0.05, 0.0, -0.064261, 0.997933, 0.0, 0.0, 0.0, 0.0, 1.0],
                [1.0, -0.0, 0.0, 0.0, 0.0, 0.999799, -0.020052, 0.05, 0.0, 0.020052, 0.999799, 0.0, 0.0, 0.0, 0.0, 1.0],
                [1.0, -0.0, -0.0, -0.0, 0.0, 0.990233, 0.139423, 0.05, 0.0, -0.139423, 0.990233, 0.0, 0.0, 0.0, 0.0, 1.0],
                [1.0, -0.0, -0.0, -0.0, 0.0, 0.990233, 0.139423, 0.05, 0.0, -0.139423, 0.990233, 0.0, 0.0, 0.0, 0.0, 1.0]
            ]
        },
        {
            "name": "Chest",
            "time": [0.0, 0.1333, 0.2167, 0.5, 0.5833],
            "transform": [
                [0.975779, -0.019476, -0.21789, -0.0, 0.195653, 0.52323, 0.829428, 0.3, 0.097853, -0.851969, 0.514367, -0.0, 0.0, 0.0, 0.0, 1.0],
                [0.99722, -0.06414, -0.03793, 0.0, 0.052772, 0.967262, -0.248231, 0.3, 0.05261, 0.24554, 0.967958, -0.0, 0.0, 0.0, 0.0, 1.0],
                [0.999427, -0.02753, -0.019705, -0.0, 0.024193, 0.987904, -0.153166, 0.3, 0.023684, 0.152602, 0.988004, -0.0, 0.0, 0.0, 0.0, 1.0],
                [1.0, 0.0, 0.0, 0.0, -0.0, 0.982705, -0.185176, 0.3, -0.0, 0.185176, 0.982705, 0.0, 0.0, 0.0, 0.0, 1.0],
                [1.0, 0.0, 0.0, 0.0, -0.0, 0.982705, -0.185176, 0.3, -0.0, 0.185176, 0.982705, 0.0, 0.0, 0.0, 0.0, 1.0]
            ]
        },
        {
            "name": "Head",
            "time": [0.0, 0.1333, 0.2167, 0.5, 0.5833],
            "transform": [
                [0.993017, -0.082626, -0.084201, 0.0, -0.056205, 0.296172, -0.95348, 0.4, 0.10372, 0.951554, 0.28946, -0.0, 0.0, 0.0, 0.0, 1.0],
                [0.98344, 0.170836, 0.060515, 0.0, -0.030774, 0.486451, -0.873166, 0.4, -0.178606, 0.856843, 0.483652, -0.0, 0.0, 0.0, 0.0, 1.0],
                [0.989238, 0.12225, 0.080397, -0.0, -0.021664, 0.665787, -0.745827, 0.4, -0.144705, 0.736058, 0.66127, -0.0, 0.0, 0.0, 0.0, 1.0],
                [0.990806, 0.102323, 0.088504, 0.0, -0.019689, 0.756284, -0.653947, 0.4, -0.133848, 0.646192, 0.751346, -0.0, 0.0, 0.0, 0.0, 1.0],
                [0.990806, 0.102323, 0.088504, 0.0, -0.019689, 0.756284, -0.653947, 0.4, -0.133848, 0.646192, 0.751346, -0.0, 0.0, 0.0, 0.0, 1.0]
            ]
        },
        {
            "name": "Shoulder_R",
            "time": [0.0, 0.1333, 0.2167, 0.5, 0.5833],
            "transform": [
                [0.025877, 0.94658, 0.321428, 0.0, -0.045237, -0.320097, 0.946304, 0.4, 0.998641, -0.039028, 0.034537, -0.0, 0.0, 0.0, 0.0, 1.0],
                [-0.207501, 0.881093, 0.424993, 0.0, 0.023405, -0.429853, 0.902596, 0.4, 0.977955, 0.197236, 0.068573, -0.0, 0.0, 0.0, 0.0, 1.0],
                [0.0, 0.952114, 0.305743, -0.0, -0.0, -0.305743, 0.952114, 0.4, 1.0, 0.0, -0.0, -0.0, 0.0, 0.0, 0.0, 1.0],
                [0.0, 0.952114, 0.305743, 0.0, 0.0, -0.305743, 0.952114, 0.4, 1.0, 0.0, -0.0, -0.0, 0.0, 0.0, 0.0, 1.0],
                [0.0, 0.952114, 0.305743, 0.0, 0.0, -0.305743, 0.952114, 0.4, 1.0, 0.0, -0.0, -0.0, 0.0, 0.0, 0.0, 1.0]
            ]
        },
        {
            "name": "Arm_R",
            "time": [0.0, 0.1333, 0.2167, 0.5, 0.5833],
            "transform": [
                [0.927635, 0.132702, -0.34912, 0.0, 0.295618, 0.310415, 0.903467, 0.393861, 0.228263, -0.941293, 0.248722, -0.0, 0.0, 0.0, 0.0, 1.0],
                [0.376855, 0.417513, -0.826839, 0.0, 0.436293, 0.707419, 0.556064, 0.39386, 0.817085, -0.5703, 0.084437, 0.0, 0.0, 0.0, 0.0, 1.0],
                [0.591423, 0.366362, -0.71833, -0.0, 0.469272, 0.568059, 0.676086, 0.393861, 0.655746, -0.736945, 0.164039, 0.0, 0.0, 0.0, 0.0, 1.0],
                [0.554034, 0.515117, -0.653988, 0.0, 0.383306, 0.539511, 0.74967, 0.39386, 0.739001, -0.66602, 0.10146, 0.0, 0.0, 0.0, 0.0, 1.0],
                [0.554034, 0.515117, -0.653988, 0.0, 0.383306, 0.539511, 0.74967, 0.39386, 0.739001, -0.66602, 0.10146, 0.0, 0.0, 0.0, 0.0, 1.0]
            ]
        },
        {
            "name": "Hand_R",
            "time": [0.0, 0.1333, 0.1667, 0.2167, 0.5, 0.5833],
            "transform": [
                [1.0, -3e-06, 3e-06, -0.0, 3e-06, 0.26401, -0.96452, 0.300003, 3e-06, 0.96452, 0.26401, -0.0, 0.0, 0.0, 0.0, 1.0],
                [1.0, -2e-06, -0.0, 0.0, 2e-06, 0.932519, -0.361121, 0.300003, 1e-06, 0.361121, 0.932519, -0.0, 0.0, 0.0, 0.0, 1.0],
                [1.0, -1e-06, -0.0, -0.0, 1e-06, 0.9595, -0.281708, 0.300003, 0.0, 0.281708, 0.9595, -0.0, 0.0, 0.0, 0.0, 1.0],
                [1.0, -0.0, 0.0, -0.0, 0.0, 0.983562, -0.180574, 0.300003, -0.0, 0.180574, 0.983562, 0.0, 0.0, 0.0, 0.0, 1.0],
                [1.0, -0.0, 0.0, 0.0, 0.0, 0.971302, -0.237849, 0.300003, -0.0, 0.237849, 0.971302, -0.0, 0.0, 0.0, 0.0, 1.0],
                [1.0, -0.0, 0.0, 0.0, 0.0, 0.971302, -0.237849, 0.300003, -0.0, 0.237849, 0.971302, -0.0, 0.0, 0.0, 0.0, 1.0]
            ]
        },
        {
            "name": "Tool_R",
            "time": [0.0, 0.2167, 0.5, 0.5833],
            "transform": [
                [1.0, 0.0, 0.0, -0.0, 0.0, -0.999559, -0.029689, 0.271711, 0.0, 0.029689, -0.99956, -0.028915, 0.0, 0.0, 0.0, 1.0],
                [1.0, -0.0, 0.0, -0.0, 0.0, -0.999559, -0.029689, 0.271711, 0.0, 0.029689, -0.99956, -0.028915, 0.0, 0.0, 0.0, 1.0],
                [1.0, -0.0, 0.0, -0.0, 0.0, -0.960006, -0.279982, 0.271711, 0.0, 0.279982, -0.960006, -0.028915, 0.0, 0.0, 0.0, 1.0],
                [1.0, -0.0, 0.0, -0.0, 0.0, -0.960006, -0.279982, 0.271711, 0.0, 0.279982, -0.960006, -0.028915, 0.0, 0.0, 0.0, 1.0]
            ]
        },
        {
            "name": "Elbow_R",
            "time": [0.0, 0.5833],
            "transform": [
                [-1.0, 0.0, -0.0, -0.0, 0.0, 0.003946, -0.999992, 0.42136, -0.0, -0.999992, -0.003946, -0.000774, 0.0, 0.0, 0.0, 1.0],
                [-1.0, 0.0, -0.0, 0.0, 0.0, 0.003946, -0.999992, 0.321703, -0.0, -0.999992, -0.003946, -0.001167, 0.0, 0.0, 0.0, 1.0]
            ]
        },
        {
            "name": "Shoulder_L",
            "time": [0.0, 0.1333, 0.2167, 0.5, 0.5833],
            "transform": [
                [-0.0, -0.952114, -0.305743, 0.0, 0.0, -0.305743, 0.952114, 0.4, -1.0, 0.0, 0.0, -0.0, 0.0, 0.0, 0.0, 1.0],
                [-0.168326, -0.883755, -0.436627, 0.0, 0.031458, -0.447538, 0.893712, 0.4, -0.985229, 0.136699, 0.103134, -0.0, 0.0, 0.0, 0.0, 1.0],
                [0.131521, -0.942986, -0.305743, -0.0, 0.042234, -0.302812, 0.952114, 0.4, -0.990413, -0.138136, 0.0, -0.0, 0.0, 0.0, 0.0, 1.0],
                [-0.0, -0.952114, -0.305743, 0.0, 0.0, -0.305743, 0.952114, 0.4, -1.0, 0.0, 0.0, -0.0, 0.0, 0.0, 0.0, 1.0],
                [-0.0, -0.952114, -0.305743, 0.0, 0.0, -0.305743, 0.952114, 0.4, -1.0, 0.0, 0.0, -0.0, 0.0, 0.0, 0.0, 1.0]
            ]
        },
        {
            "name": "Arm_L",
            "time": [0.0, 0.1333, 0.2167, 0.5, 0.5833],
            "transform": [
                [0.888657, 0.378421, 0.259011, -0.0, -0.286089, 0.898926, -0.33179, 0.39386, -0.358388, 0.220747, 0.907099, -0.0, 0.0, 0.0, 0.0, 1.0],
                [0.617944, -0.549415, 0.562396, -0.0, -0.194112, 0.586556, 0.786303, 0.39386, -0.761883, -0.595058, 0.255811, 0.0, 0.0, 0.0, 0.0, 1.0],
                [0.496566, -0.617179, 0.610337, 0.0, -0.426062, 0.439307, 0.790873, 0.39386, -0.756236, -0.652762, -0.044812, -0.0, 0.0, 0.0, 0.0, 1.0],
                [0.496566, -0.633198, 0.593702, -0.0, -0.426062, 0.418111, 0.80228, 0.39386, -0.756236, -0.651339, -0.062162, -0.0, 0.0, 0.0, 0.0, 1.0],
                [0.496566, -0.633198, 0.593702, -0.0, -0.426062, 0.418111, 0.80228, 0.39386, -0.756236, -0.651339, -0.062162, -0.0, 0.0, 0.0, 0.0, 1.0]
            ]
        },
        {
            "name": "Hand_L",
            "time": [0.0, 0.1333, 0.1667, 0.2167, 0.5, 0.5833],
            "transform": [
                [1.0, 1e-06, 0.0, 0.0, -1e-06, 0.949489, -0.313799, 0.300003, -0.0, 0.313799, 0.949489, 0.0, 0.0, 0.0, 0.0, 1.0],
                [1.0, 1e-06, 0.0, 0.0, -1e-06, 0.986541, -0.163515, 0.300003, -0.0, 0.163515, 0.986541, -0.0, 0.0, 0.0, 0.0, 1.0],
                [1.0, 2e-06, -0.0, 0.0, -2e-06, 0.910541, -0.413418, 0.300003, -1e-06, 0.413418, 0.910541, 0.0, 0.0, 0.0, 0.0, 1.0],
                [1.0, 2e-06, -0.0, -0.0, -2e-06, 0.935043, -0.354535, 0.300003, -1e-06, 0.354535, 0.935043, 0.0, 0.0, 0.0, 0.0, 1.0],
                [1.0, 2e-06, 0.0, 0.0, -2e-06, 0.959274, -0.282477, 0.300003, -1e-06, 0.282477, 0.959274, 0.0, 0.0, 0.0, 0.0, 1.0],
                [1.0, 2e-06, 0.0, 0.0, -2e-06, 0.959274, -0.282477, 0.300003, -1e-06, 0.282477, 0.959274, 0.0, 0.0, 0.0, 0.0, 1.0]
            ]
        },
        {
            "name": "Tool_L",
            "time": [0.0, 0.2167, 0.5, 0.5833],
            "transform": [
                [1.0, 0.0, 0.0, -0.0, 0.0, -0.999559, -0.029689, 0.271711, 0.0, 0.029689, -0.99956, -0.028915, 0.0, 0.0, 0.0, 1.0],
                [1.0, 0.0, 0.0, -0.0, -0.0, -0.999559, -0.029689, 0.271711, 0.0, 0.029689, -0.99956, -0.028915, 0.0, 0.0, 0.0, 1.0],
                [1.0, -0.0, 0.0, 0.0, 0.0, -0.964929, -0.26251, 0.271711, 0.0, 0.26251, -0.96493, -0.028915, 0.0, 0.0, 0.0, 1.0],
                [1.0, -0.0, 0.0, 0.0, 0.0, -0.964929, -0.26251, 0.271711, 0.0, 0.26251, -0.96493, -0.028915, 0.0, 0.0, 0.0, 1.0]
            ]
        },
        {
            "name": "Elbow_L",
            "time": [0.0, 0.5833],
            "transform": [
                [-1.0, 0.0, -0.0, 0.0, 0.0, 0.003946, -0.999992, 0.32911, -0.0, -0.999992, -0.003946, -0.001138, 0.0, 0.0, 0.0, 1.0],
                [-1.0, 0.0, -0.0, -0.0, 0.0, 0.003946, -0.999992, 0.326035, -0.0, -0.999993, -0.003946, -0.00115, 0.0, 0.0, 0.0, 1.0]
            ]
        }
    ]
}