{
    "animation": [
        {
            "name": "Root",
            "time": [0.0, 0.3333, 0.6667],
            "transform": [
                [0.999942, 0.0, 0.010809, -5e-06, 0.010795, -0.051261, -0.998627, 0.000946, 0.000554, 0.998685, -0.051258, 0.760649, 0.0, 0.0, 0.0, 1.0],
                [0.999942, 0.0, 0.010809, -5e-06, 0.010795, -0.051261, -0.998627, 0.000946, 0.000554, 0.998685, -0.051258, 0.760649, 0.0, 0.0, 0.0, 1.0],
                [0.999942, 0.0, 0.010809, -5e-06, 0.010795, -0.051261, -0.998627, 0.000946, 0.000554, 0.998685, -0.051258, 0.760649, 0.0, 0.0, 0.0, 1.0]
            ]
        },
        {
            "name": "Thigh_R",
            "time": [0.0, 0.6667],
            "transform": [
                [0.796699, 0.11593, 0.593153, 0.124994, -0.154768, -0.90957, 0.385652, -0.002831, 0.584223, -0.399049, -0.706713, -1.2e-05, 0.0, 0.0, 0.0, 1.0],
                [0.796699, 0.11593, 0.593153, 0.124994, -0.154768, -0.90957, 0.385652, -0.002831, 0.584223, -0.399049, -0.706713, -1.2e-05, 0.0, 0.0, 0.0, 1.0]
            ]
        },
        {
            "name": "Leg_R",
            "time": [0.0, 0.6667],
            "transform": [
                [1.0, -0.0, 1e-06, 0.0, -0.0, 0.804265, 0.594273, 0.374726, -1e-06, -0.594274, 0.804261, 0.0, 0.0, 0.0, 0.0, 1.0],
                [1.0, -0.0, 1e-06, 0.0, -0.0, 0.804265, 0.594273, 0.374726, -1e-06, -0.594274, 0.804261, 0.0, 0.0, 0.0, 0.0, 1.0]
            ]
        },
        {
            "name": "Knee_R",
            "time": [0.0, 0.6667],
            "transform": [
                [1.0, 0.0, -0.0, 0.0, -0.0, 0.00567, -0.999984, 0.38538, -0.0, 0.999984, 0.00567, -6e-05, 0.0, 0.0, 0.0, 1.0],
                [1.0, 0.0, -0.0, 0.0, -0.0, 0.00567, -0.999984, 0.38538, -0.0, 0.999984, 0.00567, -6e-05, 0.0, 0.0, 0.0, 1.0]
            ]
        },
        {
            "name": "Thigh_L",
            "time": [0.0, 0.6667],
            "transform": [
                [0.999337, 0.007883, -0.035525, -0.125006, 0.017947, -0.956026, 0.292729, -0.002831, -0.031655, -0.293172, -0.955535, -1.2e-05, 0.0, 0.0, 0.0, 1.0],
                [0.999337, 0.007883, -0.035525, -0.125006, 0.017947, -0.956026, 0.292729, -0.002831, -0.031655, -0.293172, -0.955535, -1.2e-05, 0.0, 0.0, 0.0, 1.0]
            ]
        },
        {
            "name": "Leg_L",
            "time": [0.0, 0.6667],
            "transform": [
                [1.0, -0.0, 1e-06, -0.0, -0.0, 0.977258, 0.212054, 0.374726, -1e-06, -0.212054, 0.977258, -0.0, 0.0, 0.0, 0.0, 1.0],
                [1.0, -0.0, 1e-06, -0.0, -0.0, 0.977258, 0.212054, 0.374726, -1e-06, -0.212054, 0.977258, -0.0, 0.0, 0.0, 0.0, 1.0]
            ]
        },
        {
            "name": "Knee_L",
            "time": [0.0, 0.6667],
            "transform": [
                [1.0, 0.0, -0.0, 0.0, -0.0, 0.00567, -0.999984, 0.374726, -0.0, 0.999984, 0.00567, -0.0, 0.0, 0.0, 0.0, 1.0],
                [1.0, 0.0, -0.0, 0.0, -0.0, 0.00567, -0.999984, 0.374726, -0.0, 0.999984, 0.00567, -0.0, 0.0, 0.0, 0.0, 1.0]
            ]
        },
        {
            "name": "Torso",
            "time": [0.0, 0.3333, 0.6667],
            "transform": [
                [1.0, 0.0, -0.0, -0.0, -0.0, 1.0, -0.000689, 0.05, 0.0, 0.000689, 1.0, -0.0, 0.0, 0.0, 0.0, 1.0],
                [1.0, 0.0, -0.0, -0.0, -0.0, 1.0, -0.000689, 0.05, 0.0, 0.000689, 1.0, -0.0, 0.0, 0.0, 0.0, 1.0],
                [1.0, 0.0, -0.0, -0.0, -0.0, 1.0, -0.000689, 0.05, 0.0, 0.000689, 1.0, -0.0, 0.0, 0.0, 0.0, 1.0]
            ]
        },
        {
            "name": "Chest",
            "time": [0.0, 0.1667, 0.3333, 0.5, 0.6667],
            "transform": [
                [0.888272, 0.022952, -0.458743, 0.0, 0.025947, 0.994648, 0.100007, 0.3, 0.458583, -0.100737, 0.882923, 0.0, 0.0, 0.0, 0.0, 1.0],
                [0.886221, 0.022946, -0.462694, 0.0, 0.016748, 0.996533, 0.081497, 0.3, 0.46296, -0.079973, 0.882764, 0.0, 0.0, 0.0, 0.0, 1.0],
                [0.888272, 0.022952, -0.458743, 0.0, 0.025947, 0.994648, 0.100007, 0.3, 0.458583, -0.100737, 0.882923, 0.0, 0.0, 0.0, 0.0, 1.0],
                [0.886226, 0.023169, -0.462674, 0.0, 0.026153, 0.994653, 0.099903, 0.3, 0.462515, -0.100637, 0.880882, 0.0, 0.0, 0.0, 0.0, 1.0],
                [0.888272, 0.022952, -0.458743, 0.0, 0.025947, 0.994648, 0.100007, 0.3, 0.458583, -0.100737, 0.882923, 0.0, 0.0, 0.0, 0.0, 1.0]
            ]
        },
        {
            "name": "Head",
            "time": [0.0, 0.1667, 0.3333, 0.5, 0.6667],
            "transform": [
                [0.990815, 0.132847, -0.025245, -0.0, -0.126865, 0.977844, 0.166509, 0.4, 0.046806, -0.161777, 0.985717, -0.0, 0.0, 0.0, 0.0, 1.0],
                [0.992405, 0.122726, -0.008424, -0.0, -0.119318, 0.976985, 0.176816, 0.4, 0.02993, -0.174468, 0.984208, 0.0, 0.0, 0.0, 0.0, 1.0],
                [0.990815, 0.132847, -0.025245, -0.0, -0.126865, 0.977844, 0.166509, 0.4, 0.046806, -0.161777, 0.985717, -0.0, 0.0, 0.0, 0.0, 1.0],
                [0.991568, 0.126825, -0.026615, 0.0, -0.120117, 0.976578, 0.178514, 0.4, 0.048631, -0.173812, 0.983577, -0.0, 0.0, 0.0, 0.0, 1.0],
                [0.990815, 0.132847, -0.025245, -0.0, -0.126865, 0.977844, 0.166509, 0.4, 0.046806, -0.161777, 0.985717, -0.0, 0.0, 0.0, 0.0, 1.0]
            ]
        },
        {
            "name": "Shoulder_R",
            "time": [0.0, 0.3333, 0.6667],
            "transform": [
                [0.0, 0.952114, 0.305743, -0.0, 0.0, -0.305743, 0.952114, 0.4, 1.0, 0.0, -0.0, -0.0, 0.0, 0.0, 0.0, 1.0],
                [0.0, 0.952114, 0.305743, -0.0, 0.0, -0.305743, 0.952114, 0.4, 1.0, 0.0, -0.0, -0.0, 0.0, 0.0, 0.0, 1.0],
                [0.0, 0.952114, 0.305743, -0.0, 0.0, -0.305743, 0.952114, 0.4, 1.0, 0.0, -0.0, -0.0, 0.0, 0.0, 0.0, 1.0]
            ]
        },
        {
            "name": "Arm_R",
            "time": [0.0, 0.6667],
            "transform": [
                [0.45104, 0.147625, -0.88021, -0.0, 0.836378, 0.274301, 0.474584, 0.39386, 0.311504, -0.950245, 0.00025, 0.0, 0.0, 0.0, 0.0, 1.0],
                [0.45104, 0.147625, -0.88021, -0.0, 0.836378, 0.274301, 0.474584, 0.39386, 0.311504, -0.950245, 0.00025, 0.0, 0.0, 0.0, 0.0, 1.0]
            ]
        },
        {
            "name": "Hand_R",
            "time": [0.0, 0.6667],
            "transform": [
                [1.0, -1e-06, 0.0, -0.0, 1e-06, 0.929956, -0.367673, 0.300003, 0.0, 0.367673, 0.929955, 0.0, 0.0, 0.0, 0.0, 1.0],
                [1.0, -1e-06, 0.0, -0.0, 1e-06, 0.929956, -0.367673, 0.300003, 0.0, 0.367673, 0.929955, 0.0, 0.0, 0.0, 0.0, 1.0]
            ]
        },
        {
            "name": "Tool_R",
            "time": [0.0, 0.6667],
            "transform": [
                [1.0, -0.0, 0.0, 0.0, -0.0, -0.999559, -0.029689, 0.271711, 0.0, 0.029689, -0.99956, -0.028915, 0.0, 0.0, 0.0, 1.0],
                [1.0, -0.0, 0.0, 0.0, -0.0, -0.999559, -0.029689, 0.271711, 0.0, 0.029689, -0.99956, -0.028915, 0.0, 0.0, 0.0, 1.0]
            ]
        },
        {
            "name": "Elbow_R",
            "time": [0.0, 0.6667],
            "transform": [
                [-1.0, 0.0, -0.0, 0.0, 0.0, 0.003946, -0.999992, 0.334481, -0.0, -0.999993, -0.003946, -0.001116, 0.0, 0.0, 0.0, 1.0],
                [-1.0, 0.0, -0.0, 0.0, 0.0, 0.003946, -0.999992, 0.334481, -0.0, -0.999993, -0.003946, -0.001116, 0.0, 0.0, 0.0, 1.0]
            ]
        },
        {
            "name": "Shoulder_L",
            "time": [0.0, 0.3333, 0.6667],
            "transform": [
                [0.089099, -0.996023, 0.000452, -0.0, -0.062614, -0.005148, 0.998025, 0.4, -0.994053, -0.088951, -0.062823, -0.0, 0.0, 0.0, 0.0, 1.0],
                [0.089099, -0.996023, 0.000452, -0.0, -0.062614, -0.005148, 0.998025, 0.4, -0.994053, -0.088951, -0.062823, -0.0, 0.0, 0.0, 0.0, 1.0],
                [0.089099, -0.996023, 0.000452, -0.0, -0.062614, -0.005148, 0.998025, 0.4, -0.994053, -0.088951, -0.062823, -0.0, 0.0, 0.0, 0.0, 1.0]
            ]
        },
        {
            "name": "Arm_L",
            "time": [0.0, 0.6667],
            "transform": [
                [0.959755, -0.14063, 0.243093, -0.0, 0.278498, 0.36506, -0.888352, 0.39386, 0.036185, 0.9203, 0.389534, -0.0, 0.0, 0.0, 0.0, 1.0],
                [0.959755, -0.14063, 0.243093, -0.0, 0.278498, 0.36506, -0.888352, 0.39386, 0.036185, 0.9203, 0.389534, -0.0, 0.0, 0.0, 0.0, 1.0]
            ]
        },
        {
            "name": "Hand_L",
            "time": [0.0, 0.6667],
            "transform": [
                [1.0, -1e-06, 0.0, 0.0, 1e-06, 0.942477, -0.33427, 0.300003, 0.0, 0.334269, 0.942477, 0.0, 0.0, 0.0, 0.0, 1.0],
                [1.0, -1e-06, 0.0, 0.0, 1e-06, 0.942477, -0.33427, 0.300003, 0.0, 0.334269, 0.942477, 0.0, 0.0, 0.0, 0.0, 1.0]
            ]
        },
        {
            "name": "Tool_L",
            "time": [0.0, 0.6667],
            "transform": [
                [1.0, 0.0, 0.0, -0.0, 0.0, -0.999559, -0.029689, 0.271711, 0.0, 0.029689, -0.99956, -0.028915, 0.0, 0.0, 0.0, 1.0],
                [1.0, 0.0, 0.0, -0.0, 0.0, -0.999559, -0.029689, 0.271711, 0.0, 0.029689, -0.99956, -0.028915, 0.0, 0.0, 0.0, 1.0]
            ]
        },
        {
            "name": "Elbow_L",
            "time": [0.0, 0.6667],
            "transform": [
                [-1.0, 0.0, -0.0, 0.0, 0.0, 0.003946, -0.999992, 0.331138, -0.0, -0.999992, -0.003946, -0.001129, 0.0, 0.0, 0.0, 1.0],
                [-1.0, 0.0, -0.0, 0.0, 0.0, 0.003946, -0.999992, 0.331138, -0.0, -0.999992, -0.003946, -0.001129, 0.0, 0.0, 0.0, 1.0]
            ]
        }
    ]
}