{
    "animation": [
        {
            "name": "Root",
            "time": [0.0, 0.2, 0.25],
            "transform": [
                [0.955988, -0.259147, -0.137588, -0.04298, -0.159145, -0.064027, -0.985177, -0.021798, 0.246496, 0.963713, -0.102451, 0.72718, 0.0, 0.0, 0.0, 1.0],
                [0.678783, 0.018269, -0.734111, -0.04298, -0.699845, 0.318883, -0.639164, -0.021798, 0.222419, 0.947618, 0.229238, 0.760384, 0.0, 0.0, 0.0, 1.0],
                [0.678783, 0.018269, -0.734111, -0.04298, -0.699845, 0.318883, -0.639164, -0.021798, 0.222419, 0.947618, 0.229238, 0.760384, 0.0, 0.0, 0.0, 1.0]
            ]
        },
        {
            "name": "Thigh_R",
            "time": [0.0, 0.1, 0.2, 0.25],
            "transform": [
                [0.994563, -0.103227, -0.013676, 0.124994, -0.063817, -0.708028, 0.703294, -0.002831, -0.082282, -0.698596, -0.710768, -1.2e-05, 0.0, 0.0, 0.0, 1.0],
                [0.843401, 0.023893, -0.536754, 0.124994, 0.285184, -0.866572, 0.409537, -0.002831, -0.455351, -0.498476, -0.737683, -1.2e-05, 0.0, 0.0, 0.0, 1.0],
                [0.757388, 0.300708, -0.579602, 0.124994, 0.244816, -0.953667, -0.174872, -0.002831, -0.605334, -0.00945, -0.795916, -1.2e-05, 0.0, 0.0, 0.0, 1.0],
                [0.745985, 0.384052, -0.544068, 0.124994, 0.280676, -0.922172, -0.266113, -0.002831, -0.603926, 0.045809, -0.795723, -1.2e-05, 0.0, 0.0, 0.0, 1.0]
            ]
        },
        {
            "name": "Leg_R",
            "time": [0.0, 0.1, 0.2, 0.25],
            "transform": [
                [1.0, -1e-06, 1e-06, 0.0, -0.0, 0.640478, 0.767976, 0.374726, -1e-06, -0.767977, 0.640477, -0.0, 0.0, 0.0, 0.0, 1.0],
                [1.0, -1e-06, 1e-06, -0.0, -0.0, 0.379021, 0.925388, 0.374726, -1e-06, -0.925389, 0.37902, -0.0, 0.0, 0.0, 0.0, 1.0],
                [1.0, -0.0, 1e-06, -0.0, -0.0, 0.974962, 0.222375, 0.374726, -1e-06, -0.222375, 0.97496, 0.0, 0.0, 0.0, 0.0, 1.0],
                [1.0, -0.0, 1e-06, -0.0, -0.0, 0.94562, 0.325276, 0.374726, -1e-06, -0.325277, 0.945618, 0.0, 0.0, 0.0, 0.0, 1.0]
            ]
        },
        {
            "name": "Knee_R",
            "time": [0.0, 0.25],
            "transform": [
                [1.0, 0.0, -0.0, 0.0, -0.0, 0.00567, -0.999984, 0.410518, -0.0, 0.999984, 0.00567, -0.000203, 0.0, 0.0, 0.0, 1.0],
                [1.0, 0.0, -0.0, 0.0, -0.0, 0.00567, -0.999984, 0.374726, -0.0, 0.999984, 0.00567, 0.0, 0.0, 0.0, 0.0, 1.0]
            ]
        },
        {
            "name": "Thigh_L",
            "time": [0.0, 0.1, 0.2, 0.25],
            "transform": [
                [0.686909, -0.104103, -0.719248, -0.125006, -0.013844, -0.991381, 0.130269, -0.002831, -0.726611, -0.079526, -0.68243, -1.2e-05, 0.0, 0.0, 0.0, 1.0],
                [0.846265, -0.127187, -0.517357, -0.125006, 0.004352, -0.969402, 0.245438, -0.002831, -0.532744, -0.209957, -0.819818, -1.2e-05, 0.0, 0.0, 0.0, 1.0],
                [0.555441, -0.153559, -0.817254, -0.125006, -0.096497, -0.988064, 0.12007, -0.002831, -0.825937, 0.01217, -0.56363, -1.2e-05, 0.0, 0.0, 0.0, 1.0],
                [0.529693, -0.063807, -0.845786, -0.125006, -0.134286, -0.990898, -0.009345, -0.002831, -0.837491, 0.118527, -0.533441, -1.2e-05, 0.0, 0.0, 0.0, 1.0]
            ]
        },
        {
            "name": "Leg_L",
            "time": [0.0, 0.1, 0.2, 0.25],
            "transform": [
                [1.0, -1e-06, 1e-06, 0.0, -0.0, 0.567484, 0.823384, 0.374726, -1e-06, -0.823384, 0.567484, 0.0, 0.0, 0.0, 0.0, 1.0],
                [1.0, -1e-06, 0.0, -0.0, -0.0, 0.245555, 0.969383, 0.374726, -1e-06, -0.969382, 0.245555, 0.0, 0.0, 0.0, 0.0, 1.0],
                [1.0, -0.0, 1e-06, 0.0, -0.0, 0.912796, 0.408414, 0.374726, -1e-06, -0.408414, 0.912797, 0.0, 0.0, 0.0, 0.0, 1.0],
                [1.0, -0.0, 1e-06, -0.0, -0.0, 0.884181, 0.467145, 0.374726, -1e-06, -0.467145, 0.884181, -0.0, 0.0, 0.0, 0.0, 1.0]
            ]
        },
        {
            "name": "Knee_L",
            "time": [0.0, 0.25],
            "transform": [
                [1.0, 0.0, -0.0, 0.0, -0.0, 0.00567, -0.999984, 0.420147, -0.0, 0.999984, 0.00567, -0.000258, 0.0, 0.0, 0.0, 1.0],
                [1.0, 0.0, -0.0, -0.0, -0.0, 0.00567, -0.999984, 0.374726, -0.0, 0.999984, 0.00567, -0.0, 0.0, 0.0, 0.0, 1.0]
            ]
        },
        {
            "name": "Torso",
            "time": [0.0, 0.05, 0.25],
            "transform": [
                [1.0, 0.0, -0.0, -0.0, 0.0, 1.0, -0.000689, 0.05, 0.0, 0.000689, 1.0, -0.0, 0.0, 0.0, 0.0, 1.0],
                [1.0, -0.0, 0.0, -0.0, 0.0, 0.909479, 0.41575, 0.05, -0.0, -0.41575, 0.909479, 0.0, 0.0, 0.0, 0.0, 1.0],
                [1.0, -0.0, -0.0, -0.0, -0.0, 1.0, -0.0, 0.05, -0.0, 0.0, 1.0, 0.0, 0.0, 0.0, 0.0, 1.0]
            ]
        },
        {
            "name": "Chest",
            "time": [0.0, 0.05, 0.25],
            "transform": [
                [0.997688, 0.018157, 0.065486, 0.0, -0.047786, 0.872612, 0.48607, 0.3, -0.048318, -0.488076, 0.871463, 0.0, 0.0, 0.0, 0.0, 1.0],
                [0.990106, 0.068876, 0.122253, 0.0, -0.057185, 0.993671, -0.096688, 0.3, -0.128138, 0.08874, 0.987778, -0.0, 0.0, 0.0, 0.0, 1.0],
                [0.829472, 0.039181, 0.557172, -0.0, 0.0569, 0.986419, -0.154074, 0.3, -0.555642, 0.159503, 0.815978, 0.0, 0.0, 0.0, 0.0, 1.0]
            ]
        },
        {
            "name": "Head",
            "time": [0.0, 0.05, 0.2, 0.25],
            "transform": [
                [0.983198, 0.180531, 0.027021, 0.0, -0.155644, 0.906429, -0.392633, 0.4, -0.095375, 0.381831, 0.919298, 0.0, 0.0, 0.0, 0.0, 1.0],
                [0.978304, 0.162724, 0.128229, 0.0, -0.118233, 0.946769, -0.299415, 0.4, -0.170125, 0.277758, 0.945467, 0.0, 0.0, 0.0, 0.0, 1.0],
                [0.977796, -0.003783, 0.209527, 0.0, 0.018913, 0.99735, -0.070255, 0.4, -0.208706, 0.072658, 0.975276, 0.0, 0.0, 0.0, 0.0, 1.0],
                [0.996325, -0.003783, 0.085567, -0.0, 0.009976, 0.99735, -0.072069, 0.4, -0.085068, 0.072658, 0.993722, -0.0, 0.0, 0.0, 0.0, 1.0]
            ]
        },
        {
            "name": "Shoulder_R",
            "time": [0.0, 0.1, 0.25],
            "transform": [
                [0.002889, 0.95904, 0.283256, 0.0, -0.00481, -0.28324, 0.959037, 0.4, 0.999984, -0.004133, 0.003795, 0.0, 0.0, 0.0, 0.0, 1.0],
                [-0.449758, 0.838932, 0.306447, -0.0, 0.112908, -0.28695, 0.951268, 0.4, 0.885985, 0.462441, 0.034335, 0.0, 0.0, 0.0, 0.0, 1.0],
                [-0.477603, 0.81155, 0.336572, -0.0, 0.070543, -0.346429, 0.93542, 0.4, 0.875739, 0.470503, 0.108206, -0.0, 0.0, 0.0, 0.0, 1.0]
            ]
        },
        {
            "name": "Arm_R",
            "time": [0.0, 0.1, 0.25],
            "transform": [
                [0.425532, 0.621119, -0.658129, -0.0, -0.890038, 0.155806, -0.428435, 0.39386, -0.163569, 0.768073, 0.61912, 0.0, 0.0, 0.0, 0.0, 1.0],
                [0.350883, 0.739747, -0.574156, 0.0, -0.647042, 0.634756, 0.422399, 0.393861, 0.676918, 0.223291, 0.701373, -0.0, 0.0, 0.0, 0.0, 1.0],
                [0.092025, 0.651574, -0.752983, -0.0, -0.363252, 0.726046, 0.583871, 0.39386, 0.927135, 0.219792, 0.3035, 0.0, 0.0, 0.0, 0.0, 1.0]
            ]
        },
        {
            "name": "Hand_R",
            "time": [0.0, 0.05, 0.1, 0.25],
            "transform": [
                [1.0, 0.0, 0.0, 0.0, -0.0, 1.0, -0.000996, 0.300003, -0.0, 0.000996, 1.0, 0.0, 0.0, 0.0, 0.0, 1.0],
                [1.0, -9e-06, -2e-06, 0.0, 9e-06, 0.996825, -0.079621, 0.300002, 3e-06, 0.079621, 0.996825, -0.0, 0.0, 0.0, 0.0, 1.0],
                [1.0, -1.6e-05, -6e-06, 0.0, 1.3e-05, 0.959827, -0.280592, 0.300003, 1.1e-05, 0.280592, 0.959827, 0.0, 0.0, 0.0, 0.0, 1.0],
                [1.0, -2e-06, -0.0, -0.0, 1e-06, 0.966369, -0.257161, 0.300003, 1e-06, 0.257161, 0.966369, -0.0, 0.0, 0.0, 0.0, 1.0]
            ]
        },
        {
            "name": "Tool_R",
            "time": [0.0, 0.25],
            "transform": [
                [1.0, -0.0, 0.0, -0.0, -0.0, -0.999559, -0.029689, 0.271711, 0.0, 0.029689, -0.99956, -0.028915, 0.0, 0.0, 0.0, 1.0],
                [1.0, 0.0, 0.0, -0.0, -0.0, -0.999559, -0.029689, 0.271711, 0.0, 0.029689, -0.99956, -0.028915, 0.0, 0.0, 0.0, 1.0]
            ]
        },
        {
            "name": "Elbow_R",
            "time": [0.0, 0.25],
            "transform": [
                [-1.0, 0.0, -0.0, -0.0, 0.0, 0.003946, -0.999992, 0.300007, -0.0, -0.999992, -0.003946, -0.001252, 0.0, 0.0, 0.0, 1.0],
                [-1.0, 0.0, -0.0, -0.0, 0.0, 0.003946, -0.999992, 0.323571, -0.0, -0.999992, -0.003946, -0.001159, 0.0, 0.0, 0.0, 1.0]
            ]
        },
        {
            "name": "Shoulder_L",
            "time": [0.0, 0.1, 0.25],
            "transform": [
                [-0.043947, -0.94611, -0.32085, 0.0, 0.070725, -0.323301, 0.943649, 0.4, -0.996527, 0.018779, 0.081122, 0.0, 0.0, 0.0, 0.0, 1.0],
                [-0.423272, -0.850266, -0.312872, -0.0, -0.096089, -0.301255, 0.94869, 0.4, -0.900893, 0.431617, 0.045812, 0.0, 0.0, 0.0, 0.0, 1.0],
                [0.212772, -0.934056, -0.286822, -0.0, 0.038243, -0.285358, 0.957658, 0.4, -0.976353, -0.214732, -0.024995, -0.0, 0.0, 0.0, 0.0, 1.0]
            ]
        },
        {
            "name": "Arm_L",
            "time": [0.0, 0.1, 0.25],
            "transform": [
                [0.390839, -0.726729, 0.564898, 0.0, -0.795593, 0.04192, 0.60438, 0.39386, -0.462901, -0.685644, -0.561796, -0.0, 0.0, 0.0, 0.0, 1.0],
                [0.225948, -0.811716, 0.538576, -0.0, -0.125428, 0.52403, 0.842414, 0.39386, -0.966031, -0.257894, 0.016591, 0.0, 0.0, 0.0, 0.0, 1.0],
                [0.300935, -0.54956, 0.779373, -0.0, -0.138586, 0.783379, 0.605897, 0.39386, -0.943521, -0.290346, 0.159585, 0.0, 0.0, 0.0, 0.0, 1.0]
            ]
        },
        {
            "name": "Hand_L",
            "time": [0.0, 0.1, 0.25],
            "transform": [
                [1.0, 0.0, 0.0, -0.0, 0.0, 0.077146, -0.99702, 0.300003, -0.0, 0.99702, 0.077146, -0.0, 0.0, 0.0, 0.0, 1.0],
                [1.0, -6e-06, -2e-06, 0.0, 6e-06, 0.96979, -0.243942, 0.300003, 3e-06, 0.243942, 0.96979, 0.0, 0.0, 0.0, 0.0, 1.0],
                [1.0, 0.0, -0.0, -0.0, -0.0, 0.967471, -0.252983, 0.300003, -0.0, 0.252983, 0.967471, 0.0, 0.0, 0.0, 0.0, 1.0]
            ]
        },
        {
            "name": "Tool_L",
            "time": [0.0, 0.25],
            "transform": [
                [1.0, 0.0, 0.0, -0.0, 0.0, -0.999559, -0.029689, 0.271711, 0.0, 0.029689, -0.99956, -0.028915, 0.0, 0.0, 0.0, 1.0],
                [1.0, -0.0, 0.0, 0.0, 0.0, -0.999559, -0.029689, 0.271711, 0.0, 0.029689, -0.999559, -0.028915, 0.0, 0.0, 0.0, 1.0]
            ]
        },
        {
            "name": "Elbow_L",
            "time": [0.0, 0.25],
            "transform": [
                [-1.0, 0.0, -0.0, -0.0, 0.0, 0.003946, -0.999992, 0.439161, -0.0, -0.999992, -0.003946, -0.000703, 0.0, 0.0, 0.0, 1.0],
                [-1.0, 0.0, -0.0, -0.0, 0.0, 0.003946, -0.999992, 0.323166, -0.0, -0.999992, -0.003946, -0.001161, 0.0, 0.0, 0.0, 1.0]
            ]
        }
    ]
}