{
    "animation": [
        {
            "name": "Root",
            "time": [0.0, 0.1167, 0.2],
            "transform": [
                [0.956021, -0.261047, -0.133706, -0.04298, -0.151132, -0.047769, -0.987359, -0.021798, 0.251361, 0.964143, -0.08512, 0.833466, 0.0, 0.0, 0.0, 1.0],
                [0.955988, -0.14794, -0.25338, -0.04298, -0.159145, 0.464057, -0.871392, -0.021798, 0.246496, 0.873364, 0.420089, 0.931588, 0.0, 0.0, 0.0, 1.0],
                [0.955988, -0.14794, -0.25338, -0.04298, -0.140401, 0.527632, -0.83779, -0.021798, 0.257634, 0.836491, 0.483639, 0.931588, 0.0, 0.0, 0.0, 1.0]
            ]
        },
        {
            "name": "Thigh_R",
            "time": [0.0, 0.0833, 0.1667, 0.2],
            "transform": [
                [0.988353, -0.149483, 0.028495, 0.124994, -0.146337, -0.882265, 0.447427, -0.002831, -0.041743, -0.446385, -0.893867, -1.2e-05, 0.0, 0.0, 0.0, 1.0],
                [0.986991, -0.152714, -0.050256, 0.124994, -0.117745, -0.899467, 0.420822, -0.002831, -0.109469, -0.40943, -0.90575, -1.2e-05, 0.0, 0.0, 0.0, 1.0],
                [0.968945, -0.202175, -0.142373, 0.124994, 0.179958, 0.181678, 0.966752, -0.002831, -0.169587, -0.962349, 0.212419, -1.2e-05, 0.0, 0.0, 0.0, 1.0],
                [0.970061, -0.199321, -0.138749, 0.124994, 0.176429, 0.185773, 0.966624, -0.002831, -0.166893, -0.962162, 0.215378, -1.2e-05, 0.0, 0.0, 0.0, 1.0]
            ]
        },
        {
            "name": "Leg_R",
            "time": [0.0, 0.0833, 0.1667, 0.2],
            "transform": [
                [1.0, -1e-06, 1e-06, 0.0, -0.0, 0.675391, 0.73746, 0.374726, -1e-06, -0.737461, 0.675389, 0.0, 0.0, 0.0, 0.0, 1.0],
                [1.0, 0.0, 1e-06, -0.0, -0.0, 0.99999, 0.0047, 0.374726, -1e-06, -0.0047, 0.999988, 0.0, 0.0, 0.0, 0.0, 1.0],
                [1.0, -1e-06, 0.0, 0.0, -0.0, 0.146875, 0.989154, 0.374726, -1e-06, -0.989156, 0.146875, 0.0, 0.0, 0.0, 0.0, 1.0],
                [1.0, -1e-06, 0.0, -0.0, -0.0, 0.147027, 0.989132, 0.374726, -1e-06, -0.989133, 0.147027, 0.0, 0.0, 0.0, 0.0, 1.0]
            ]
        },
        {
            "name": "Knee_R",
            "time": [0.0, 0.2],
            "transform": [
                [1.0, 0.0, -0.0, 0.0, -0.0, 0.00567, -0.999984, 0.405647, -0.0, 0.999984, 0.00567, -0.000175, 0.0, 0.0, 0.0, 1.0],
                [1.0, 0.0, -0.0, -0.0, -0.0, 0.00567, -0.999984, 0.468034, -0.0, 0.999984, 0.00567, -0.000529, 0.0, 0.0, 0.0, 1.0]
            ]
        },
        {
            "name": "Thigh_L",
            "time": [0.0, 0.0833, 0.2],
            "transform": [
                [0.723088, -0.367994, -0.584572, -0.125006, -0.16651, -0.914181, 0.369521, -0.002831, -0.670386, -0.169859, -0.722308, -1.2e-05, 0.0, 0.0, 0.0, 1.0],
                [0.620652, -0.228029, -0.750196, -0.125006, 0.31513, -0.803558, 0.504963, -0.002831, -0.717972, -0.549815, -0.426871, -1.2e-05, 0.0, 0.0, 0.0, 1.0],
                [0.638828, -0.23449, -0.732743, -0.125006, 0.446841, -0.662222, 0.601493, -0.002831, -0.626283, -0.711671, -0.318267, -1.2e-05, 0.0, 0.0, 0.0, 1.0]
            ]
        },
        {
            "name": "Leg_L",
            "time": [0.0, 0.0833, 0.2],
            "transform": [
                [1.0, -1e-06, 1e-06, -0.0, -0.0, 0.562447, 0.826833, 0.374726, -1e-06, -0.826833, 0.562448, 0.0, 0.0, 0.0, 0.0, 1.0],
                [1.0, -1e-06, 0.0, 0.0, -0.0, 0.029288, 0.999571, 0.374726, -1e-06, -0.999571, 0.029288, -0.0, 0.0, 0.0, 0.0, 1.0],
                [1.0, -1e-06, 0.0, 0.0, -0.0, 0.08206, 0.996628, 0.374726, -1e-06, -0.996627, 0.08206, -0.0, 0.0, 0.0, 0.0, 1.0]
            ]
        },
        {
            "name": "Knee_L",
            "time": [0.0, 0.2],
            "transform": [
                [1.0, 0.0, -0.0, 0.0, -0.0, 0.00567, -0.999984, 0.420789, -0.0, 0.999984, 0.00567, -0.000261, 0.0, 0.0, 0.0, 1.0],
                [1.0, 0.0, -0.0, 0.0, -0.0, 0.00567, -0.999984, 0.474904, -0.0, 0.999984, 0.00567, -0.000568, 0.0, 0.0, 0.0, 1.0]
            ]
        },
        {
            "name": "Torso",
            "time": [0.0, 0.1167, 0.2],
            "transform": [
                [1.0, 0.0, 0.0, -0.0, -0.0, 1.0, -0.000689, 0.05, 0.0, 0.000689, 1.0, -0.0, 0.0, 0.0, 0.0, 1.0],
                [1.0, 0.0, 0.0, 0.0, 0.0, 1.0, -0.000689, 0.05, -0.0, 0.000689, 1.0, 0.0, 0.0, 0.0, 0.0, 1.0],
                [1.0, 0.0, 0.0, 0.0, -0.0, 1.0, -0.000689, 0.05, -0.0, 0.000689, 1.0, -0.0, 0.0, 0.0, 0.0, 1.0]
            ]
        },
        {
            "name": "Chest",
            "time": [0.0, 0.1167, 0.2],
            "transform": [
                [0.99798, 0.057407, 0.027221, 0.0, -0.063284, 0.936196, 0.345734, 0.3, -0.005636, -0.346758, 0.937938, -0.0, 0.0, 0.0, 0.0, 1.0],
                [0.993615, 0.069703, -0.088719, -0.0, -0.034796, 0.937322, 0.346722, 0.3, 0.107326, -0.341421, 0.933763, -0.0, 0.0, 0.0, 0.0, 1.0],
                [0.993615, 0.069703, -0.088719, 0.0, -0.034796, 0.937322, 0.346722, 0.3, 0.107326, -0.341421, 0.933763, 0.0, 0.0, 0.0, 0.0, 1.0]
            ]
        },
        {
            "name": "Head",
            "time": [0.0, 0.1167, 0.2],
            "transform": [
                [0.985453, 0.159539, 0.058561, -0.0, -0.141195, 0.960364, -0.240344, 0.4, -0.094584, 0.22858, 0.96892, -0.0, 0.0, 0.0, 0.0, 1.0],
                [0.936318, 0.176745, 0.303429, 0.0, 0.050978, 0.786526, -0.61545, 0.4, -0.347432, 0.591726, 0.727428, -0.0, 0.0, 0.0, 0.0, 1.0],
                [0.937955, 0.211791, 0.274562, 0.0, 0.047474, 0.705913, -0.706706, 0.4, -0.343491, 0.675893, 0.65206, 0.0, 0.0, 0.0, 0.0, 1.0]
            ]
        },
        {
            "name": "Shoulder_R",
            "time": [0.0, 0.1167, 0.2],
            "transform": [
                [0.002889, 0.95904, 0.283256, -0.0, -0.00481, -0.28324, 0.959037, 0.4, 0.999984, -0.004133, 0.003795, -0.0, 0.0, 0.0, 0.0, 1.0],
                [-0.41193, 0.866071, 0.283256, 0.0, 0.11809, -0.257494, 0.959037, 0.4, 0.903531, 0.428505, 0.003795, -0.0, 0.0, 0.0, 0.0, 1.0],
                [-0.41193, 0.866071, 0.283256, 0.0, 0.11809, -0.257494, 0.959037, 0.4, 0.903531, 0.428505, 0.003795, 0.0, 0.0, 0.0, 0.0, 1.0]
            ]
        },
        {
            "name": "Arm_R",
            "time": [0.0, 0.1167, 0.2],
            "transform": [
                [0.496605, 0.756965, -0.424722, -0.0, -0.859963, 0.362749, -0.358995, 0.39386, -0.117679, 0.543524, 0.831105, 0.0, 0.0, 0.0, 0.0, 1.0],
                [0.84043, 0.283594, 0.461792, -0.0, -0.387365, 0.910301, 0.145947, 0.393861, -0.37898, -0.30154, 0.874899, 0.0, 0.0, 0.0, 0.0, 1.0],
                [0.820221, 0.330809, 0.466696, 0.0, -0.422046, 0.900668, 0.103325, 0.393861, -0.386157, -0.281715, 0.878363, 0.0, 0.0, 0.0, 0.0, 1.0]
            ]
        },
        {
            "name": "Hand_R",
            "time": [0.0, 0.1167, 0.2],
            "transform": [
                [1.0, -2e-06, 1e-06, -0.0, 2e-06, 0.550856, -0.834602, 0.300003, 1e-06, 0.8346, 0.550855, 0.0, 0.0, 0.0, 0.0, 1.0],
                [1.0, -4e-06, 3e-06, -0.0, 4e-06, 0.400529, -0.916284, 0.300003, 3e-06, 0.916284, 0.400529, -0.0, 0.0, 0.0, 0.0, 1.0],
                [1.0, -2e-06, 1e-06, -0.0, 2e-06, 0.684622, -0.728899, 0.300003, 1e-06, 0.728898, 0.684622, 0.0, 0.0, 0.0, 0.0, 1.0]
            ]
        },
        {
            "name": "Tool_R",
            "time": [0.0, 0.1167, 0.2],
            "transform": [
                [1.0, -0.0, 0.0, -0.0, -0.0, -0.999559, -0.029689, 0.271711, 0.0, 0.029689, -0.99956, -0.028915, 0.0, 0.0, 0.0, 1.0],
                [1.0, -0.0, 0.0, -0.0, -0.0, -0.999559, -0.029689, 0.271711, 0.0, 0.029689, -0.99956, -0.028915, 0.0, 0.0, 0.0, 1.0],
                [1.0, 0.0, 0.0, -0.0, 0.0, -0.999559, -0.029689, 0.271711, 0.0, 0.029689, -0.99956, -0.028915, 0.0, 0.0, 0.0, 1.0]
            ]
        },
        {
            "name": "Elbow_R",
            "time": [0.0, 0.2],
            "transform": [
                [-1.0, 0.0, -0.0, -0.0, 0.0, 0.003946, -0.999992, 0.391728, -0.0, -0.999992, -0.003946, -0.00089, 0.0, 0.0, 0.0, 1.0],
                [-1.0, 0.0, -0.0, -0.0, 0.0, 0.003946, -0.999992, 0.375732, -0.0, -0.999993, -0.003946, -0.000953, 0.0, 0.0, 0.0, 1.0]
            ]
        },
        {
            "name": "Shoulder_L",
            "time": [0.0, 0.1167, 0.2],
            "transform": [
                [-0.043947, -0.94611, -0.32085, -0.0, 0.070725, -0.323301, 0.943649, 0.4, -0.996527, 0.018779, 0.081122, -0.0, 0.0, 0.0, 0.0, 1.0],
                [-0.52603, -0.787621, -0.32085, 0.0, -0.106318, -0.313404, 0.943649, 0.4, -0.843794, 0.5305, 0.081122, -0.0, 0.0, 0.0, 0.0, 1.0],
                [-0.52603, -0.787621, -0.32085, 0.0, -0.106318, -0.313404, 0.943649, 0.4, -0.843794, 0.530501, 0.081122, 0.0, 0.0, 0.0, 0.0, 1.0]
            ]
        },
        {
            "name": "Arm_L",
            "time": [0.0, 0.1167, 0.2],
            "transform": [
                [0.381784, -0.315788, 0.86863, 0.0, -0.810689, 0.336934, 0.478809, 0.393861, -0.443874, -0.88699, -0.127369, 0.0, 0.0, 0.0, 0.0, 1.0],
                [0.084935, -0.669251, 0.738166, -0.0, -0.574105, 0.572633, 0.58523, 0.39386, -0.814363, -0.473491, -0.335584, -0.0, 0.0, 0.0, 0.0, 1.0],
                [0.311211, -0.807276, 0.50145, 0.0, -0.407351, 0.363408, 0.837854, 0.39386, -0.85861, -0.465016, -0.215748, 0.0, 0.0, 0.0, 0.0, 1.0]
            ]
        },
        {
            "name": "Hand_L",
            "time": [0.0, 0.1167, 0.2],
            "transform": [
                [1.0, -0.0, 0.0, 0.0, 0.0, 0.871303, -0.490746, 0.300003, -0.0, 0.490746, 0.871302, 0.0, 0.0, 0.0, 0.0, 1.0],
                [1.0, 2e-06, -2e-06, -0.0, -2e-06, -0.044322, -0.999017, 0.300003, -2e-06, 0.999018, -0.044322, -0.0, 0.0, 0.0, 0.0, 1.0],
                [1.0, 0.0, -0.0, 0.0, 0.0, -0.06091, -0.998143, 0.300003, -0.0, 0.998144, -0.06091, 0.0, 0.0, 0.0, 0.0, 1.0]
            ]
        },
        {
            "name": "Tool_L",
            "time": [0.0, 0.1167, 0.2],
            "transform": [
                [1.0, -0.0, 0.0, 0.0, 0.0, -0.999559, -0.029689, 0.271711, 0.0, 0.029689, -0.999559, -0.028915, 0.0, 0.0, 0.0, 1.0],
                [1.0, -0.0, 0.0, -0.0, -0.0, -0.999559, -0.029689, 0.271711, 0.0, 0.029689, -0.999559, -0.028915, 0.0, 0.0, 0.0, 1.0],
                [1.0, -0.0, 0.0, 0.0, -0.0, -0.999559, -0.029689, 0.271711, 0.0, 0.029689, -0.99956, -0.028915, 0.0, 0.0, 0.0, 1.0]
            ]
        },
        {
            "name": "Elbow_L",
            "time": [0.0, 0.2],
            "transform": [
                [-1.0, 0.0, -0.0, 0.0, 0.0, 0.003946, -0.999992, 0.347267, -0.0, -0.999993, -0.003946, -0.001066, 0.0, 0.0, 0.0, 1.0],
                [-1.0, 0.0, -0.0, -0.0, 0.0, 0.003946, -0.999992, 0.447206, -0.0, -0.999992, -0.003946, -0.000671, 0.0, 0.0, 0.0, 1.0]
            ]
        }
    ]
}