{
    "animation": [
        {
            "name": "Coord",
            "time": [0.0, 0.35],
            "transform": [
                [1.0, 0.0, 0.0, -0.001858, 0.0, 0.0, -1.0, 2e-06, 0.0, 1.0, 0.0, -0.000216, 0.0, 0.0, 0.0, 1.0],
                [1.0, 0.0, 0.0, -5e-06, 0.0, 0.0, -1.0, 2e-06, 0.0, 1.0, 0.0, -0.000216, 0.0, 0.0, 0.0, 1.0]
            ]
        },
        {
            "name": "Root",
            "time": [0.0, 0.0833, 0.1333, 0.1667, 0.25, 0.3, 0.35],
            "transform": [
                [1.0, 0.0, 0.0, 0.0, 0.0, 1.0, 0.0, 0.764187, 0.0, 0.0, 1.0, -0.000944, 0.0, 0.0, 0.0, 1.0],
                [1.0, 0.0, 0.0, -0.011863, 0.0, 0.995968, 0.089713, 0.789436, 0.0, -0.089713, 0.995968, 0.228144, 0.0, 0.0, 0.0, 1.0],
                [1.0, 0.0, 0.0, -0.018982, 0.0, 0.944972, 0.327151, 0.814889, 0.0, -0.327151, 0.944972, 0.3674, 0.0, 0.0, 0.0, 1.0],
                [1.0, 0.0, 0.0, -0.023727, 0.0, 0.880197, 0.474609, 0.850978, 0.0, -0.474609, 0.880197, 0.453617, 0.0, 0.0, 0.0, 1.0],
                [1.0, 0.0, 0.0, -0.023727, 0.0, 0.89077, 0.454455, 0.804512, 0.0, -0.454455, 0.89077, 0.335905, 0.0, 0.0, 0.0, 1.0],
                [1.0, 0.0, 0.0, -0.011863, 0.0, 0.998785, 0.049288, 0.786372, 0.0, -0.049288, 0.998785, 0.124109, 0.0, 0.0, 0.0, 1.0],
                [1.0, 0.0, 0.0, 0.0, 0.0, 0.931186, -0.364545, 0.832702, 0.0, 0.364545, 0.931186, -0.09087, 0.0, 0.0, 0.0, 1.0]
            ]
        },
        {
            "name": "Thigh_R",
            "time": [0.0, 0.0833, 0.1667, 0.25, 0.35],
            "transform": [
                [0.999779, 0.018011, 0.010754, 0.124994, 0.018191, -0.999691, -0.016888, -0.002831, 0.010447, 0.01708, -0.9998, -1.2e-05, 0.0, 0.0, 0.0, 1.0],
                [0.999779, 0.018772, 0.009364, 0.124994, 0.015792, -0.967312, 0.253093, -0.002695, 0.013809, -0.252889, -0.967397, -0.000156, 0.0, 0.0, 0.0, 1.0],
                [0.999779, 0.016843, 0.012505, 0.124994, 0.018525, -0.988581, -0.14954, -0.002942, 0.009843, 0.149738, -0.988677, 0.000226, 0.0, 0.0, 0.0, 1.0],
                [0.999779, 0.017651, 0.011336, 0.124994, 0.01959, -0.978846, -0.203655, -0.00286, 0.007502, 0.203832, -0.978978, 6.9e-05, 0.0, 0.0, 0.0, 1.0],
                [0.999779, 0.018011, 0.010754, 0.124994, 0.018625, -0.998023, -0.060016, -0.002831, 0.009652, 0.060203, -0.99814, -1.2e-05, 0.0, 0.0, 0.0, 1.0]
            ]
        },
        {
            "name": "Leg_R",
            "time": [0.0, 0.0833, 0.1667, 0.25, 0.35],
            "transform": [
                [1.000001, -0.0, 1e-06, 0.0, -0.0, 0.999995, 0.00468, 0.374726, -1e-06, -0.00468, 0.999983, -0.0, 0.0, 0.0, 0.0, 1.0],
                [1.000001, -0.0, 1e-06, 0.0, -0.0, 0.998236, 0.059486, 0.374726, -1e-06, -0.059487, 0.998223, 0.0, 0.0, 0.0, 0.0, 1.0],
                [1.000001, -0.0, 1e-06, 0.0, -0.0, 0.973277, 0.22966, 0.374726, -1e-06, -0.229663, 0.973264, -0.0, 0.0, 0.0, 0.0, 1.0],
                [1.000001, -1e-06, 1e-06, -0.0, -0.0, 0.817305, 0.576209, 0.374726, -1e-06, -0.576216, 0.817295, -0.0, 0.0, 0.0, 0.0, 1.0],
                [1.000001, -1e-06, 1e-06, -0.0, -0.0, 0.721422, 0.692496, 0.374726, -1e-06, -0.692505, 0.721413, -0.0, 0.0, 0.0, 0.0, 1.0]
            ]
        },
        {
            "name": "Knee_R",
            "time": [0.0, 0.35],
            "transform": [
                [1.0, 0.0, -0.0, 0.0, -0.0, 0.00567, -0.999984, 0.374726, -0.0, 0.999984, 0.00567, 0.0, 0.0, 0.0, 0.0, 1.0],
                [1.0, 0.0, -0.0, -0.0, -0.0, 0.00567, -0.999984, 0.398887, -0.0, 0.999984, 0.00567, -0.000137, 0.0, 0.0, 0.0, 1.0]
            ]
        },
        {
            "name": "Thigh_L",
            "time": [0.0, 0.0833, 0.1667, 0.25, 0.35],
            "transform": [
                [0.999702, -0.011581, -0.021468, -0.125006, -0.011742, -0.999904, -0.007385, -0.002831, -0.02138, 0.007635, -0.999743, -1.2e-05, 0.0, 0.0, 0.0, 1.0],
                [0.999702, -0.013168, -0.020532, -0.125006, -0.007325, -0.964972, 0.262251, -0.002609, -0.023266, -0.262022, -0.964782, -7.3e-05, 0.0, 0.0, 0.0, 1.0],
                [0.999702, -0.009372, -0.02252, -0.125006, -0.012438, -0.990054, -0.14014, -0.003086, -0.020983, 0.140378, -0.989876, 0.000157, 0.0, 0.0, 0.0, 1.0],
                [0.999702, -0.010874, -0.021834, -0.125006, -0.014913, -0.980826, -0.194317, -0.002909, -0.019303, 0.194584, -0.980696, 5e-05, 0.0, 0.0, 0.0, 1.0],
                [0.999702, -0.011581, -0.021468, -0.125006, -0.012654, -0.998643, -0.050519, -0.002831, -0.020853, 0.050776, -0.998493, -1.2e-05, 0.0, 0.0, 0.0, 1.0]
            ]
        },
        {
            "name": "Leg_L",
            "time": [0.0, 0.0833, 0.1667, 0.25, 0.35],
            "transform": [
                [1.0, -0.0, 1e-06, 0.0, -0.0, 0.999991, 0.004681, 0.374726, -1e-06, -0.004681, 0.999983, 0.0, 0.0, 0.0, 0.0, 1.0],
                [1.0, -0.0, 1e-06, 0.0, -0.0, 0.998231, 0.059483, 0.374726, -1e-06, -0.059483, 0.998224, -0.0, 0.0, 0.0, 0.0, 1.0],
                [1.0, -0.0, 1e-06, -0.0, -0.0, 0.973276, 0.229644, 0.374726, -1e-06, -0.229646, 0.973269, 0.0, 0.0, 0.0, 0.0, 1.0],
                [1.0, -1e-06, 1e-06, -0.0, -0.0, 0.817321, 0.576181, 0.374726, -1e-06, -0.576185, 0.817315, -0.0, 0.0, 0.0, 0.0, 1.0],
                [1.0, -1e-06, 1e-06, 0.0, -0.0, 0.721452, 0.692462, 0.374726, -1e-06, -0.692468, 0.721446, 0.0, 0.0, 0.0, 0.0, 1.0]
            ]
        },
        {
            "name": "Knee_L",
            "time": [0.0, 0.35],
            "transform": [
                [1.0, 0.0, -0.0, 0.0, -0.0, 0.00567, -0.999984, 0.374726, -0.0, 0.999984, 0.00567, 0.0, 0.0, 0.0, 0.0, 1.0],
                [1.0, 0.0, -0.0, -0.0, -0.0, 0.00567, -0.999984, 0.398882, -0.0, 0.999984, 0.00567, -0.000137, 0.0, 0.0, 0.0, 1.0]
            ]
        },
        {
            "name": "Torso",
            "time": [0.0, 0.35],
            "transform": [
                [1.0, 0.0, 0.0, 0.0, 0.0, 1.0, 0.0, 0.05, 0.0, 0.0, 1.0, 0.0, 0.0, 0.0, 0.0, 1.0],
                [1.0, 0.0, 0.0, 0.0, 0.0, 0.999583, -0.028867, 0.05, 0.0, 0.028867, 0.999583, 0.0, 0.0, 0.0, 0.0, 1.0]
            ]
        },
        {
            "name": "Chest",
            "time": [0.0, 0.0833, 0.1667, 0.25, 0.35],
            "transform": [
                [1.0, 0.0, 0.0, 0.0, 0.0, 1.0, 0.0, 0.3, 0.0, 0.0, 1.0, 0.0, 0.0, 0.0, 0.0, 1.0],
                [1.0, 0.0, 0.0, 0.0, 0.0, 0.985678, 0.168639, 0.3, 0.0, -0.168639, 0.985678, -0.0, 0.0, 0.0, 0.0, 1.0],
                [1.0, 0.0, 0.0, 0.0, 0.0, 0.998356, -0.057321, 0.3, 0.0, 0.057321, 0.998356, 0.0, 0.0, 0.0, 0.0, 1.0],
                [0.997631, -0.056803, 0.038794, 0.0, 0.065626, 0.954962, -0.289379, 0.3, -0.02061, 0.291239, 0.956428, -0.0, 0.0, 0.0, 0.0, 1.0],
                [1.0, 0.0, 0.0, 0.0, 0.0, 0.966885, 0.255211, 0.3, 0.0, -0.255211, 0.966885, 0.0, 0.0, 0.0, 0.0, 1.0]
            ]
        },
        {
            "name": "Head",
            "time": [0.0, 0.1667, 0.35],
            "transform": [
                [1.0, 0.0, 0.0, 0.0, 0.0, 0.993052, 0.117676, 0.4, 0.0, -0.117676, 0.993052, 0.0, 0.0, 0.0, 0.0, 1.0],
                [1.0, 0.0, 0.0, -0.0, 0.0, 0.997012, 0.077249, 0.4, 0.0, -0.077249, 0.997012, -0.0, 0.0, 0.0, 0.0, 1.0],
                [1.0, 0.0, 0.0, 0.0, 0.0, 0.960083, 0.279715, 0.4, 0.0, -0.279715, 0.960083, -0.0, 0.0, 0.0, 0.0, 1.0]
            ]
        },
        {
            "name": "Shoulder_R",
            "time": [0.0, 0.35],
            "transform": [
                [0.0, 0.952114, 0.305743, -0.065047, 0.0, -0.305743, 0.952114, 0.604223, 1.0, -0.0, -0.0, 0.045624, 0.0, 0.0, 0.0, 1.0],
                [0.0, 0.982373, -0.186931, -0.0, 0.0, 0.186931, 0.982373, 0.4, 1.0, -0.0, -0.0, -0.0, 0.0, 0.0, 0.0, 1.0]
            ]
        },
        {
            "name": "Arm_R",
            "time": [0.0, 0.0833, 0.1667, 0.25, 0.35],
            "transform": [
                [0.805042, -0.054473, 0.590714, -0.0, 0.400563, -0.684568, -0.609031, 0.39386, 0.437558, 0.726914, -0.529287, 0.0, 0.0, 0.0, 0.0, 1.0],
                [0.835662, 0.085221, 0.542596, 0.0, 0.474154, -0.610544, -0.634364, 0.39386, 0.277216, 0.787387, -0.550616, 0.0, 0.0, 0.0, 0.0, 1.0],
                [0.864856, 0.230696, 0.445875, 0.0, 0.497093, -0.517662, -0.696368, 0.39386, 0.070163, 0.823899, -0.562381, 0.0, 0.0, 0.0, 0.0, 1.0],
                [0.868079, -0.006082, 0.496393, 0.0, 0.46247, -0.353558, -0.813093, 0.39386, 0.180448, 0.935396, -0.304103, -0.0, 0.0, 0.0, 0.0, 1.0],
                [0.712067, -0.25641, 0.65362, -0.0, 0.560487, -0.353088, -0.749123, 0.393861, 0.422866, 0.899771, -0.107708, 0.0, 0.0, 0.0, 0.0, 1.0]
            ]
        },
        {
            "name": "Hand_R",
            "time": [0.0, 0.0833, 0.1667, 0.25, 0.35],
            "transform": [
                [1.0, 0.0, -0.0, 0.0, 0.0, 0.999998, -0.001006, 0.300003, -0.0, 0.001006, 1.000001, 0.0, 0.0, 0.0, 0.0, 1.0],
                [1.0, -0.0, 0.0, -0.0, -0.0, 0.999999, -0.001006, 0.300002, -0.0, 0.001006, 1.000001, 0.0, 0.0, 0.0, 0.0, 1.0],
                [1.0, 0.0, 0.0, 0.0, 0.0, 0.999999, -0.001007, 0.300003, -0.0, 0.001007, 1.000001, -0.0, 0.0, 0.0, 0.0, 1.0],
                [1.0, 0.0, 0.0, 0.0, 0.0, 0.999998, -0.001006, 0.300003, -0.0, 0.001006, 1.000001, 0.0, 0.0, 0.0, 0.0, 1.0],
                [1.0, 0.0, 0.0, -0.0, -0.0, 0.999999, -0.001007, 0.300002, -0.0, 0.001007, 1.000001, 0.0, 0.0, 0.0, 0.0, 1.0]
            ]
        },
        {
            "name": "Tool_R",
            "time": [0.0, 0.35],
            "transform": [
                [1.0, -0.0, 0.0, -0.0, -0.0, -0.999559, -0.029689, 0.271711, 0.0, 0.029689, -0.99956, -0.028915, 0.0, 0.0, 0.0, 1.0],
                [1.0, 0.0, 0.0, -0.0, 0.0, -0.999559, -0.029689, 0.271711, 0.0, 0.029689, -0.99956, -0.028915, 0.0, 0.0, 0.0, 1.0]
            ]
        },
        {
            "name": "Elbow_R",
            "time": [0.0, 0.35],
            "transform": [
                [-1.0, 0.0, 0.0, 0.0, 0.0, 0.003946, -0.999992, 0.300008, -0.0, -0.999992, -0.003946, -0.001252, 0.0, 0.0, 0.0, 1.0],
                [-1.0, 0.0, -0.0, -0.0, 0.0, 0.003946, -0.999992, 0.300008, -0.0, -0.999992, -0.003946, -0.001252, 0.0, 0.0, 0.0, 1.0]
            ]
        },
        {
            "name": "Shoulder_L",
            "time": [0.0, 0.35],
            "transform": [
                [-0.0, -0.952114, -0.305743, 0.074089, 0.0, -0.305743, 0.952114, 0.632141, -1.0, 0.0, 0.0, 0.12451, 0.0, 0.0, 0.0, 1.0],
                [-0.0, -0.98561, 0.169033, -0.0, 0.0, 0.169033, 0.98561, 0.4, -1.0, 0.0, 0.0, -0.0, 0.0, 0.0, 0.0, 1.0]
            ]
        },
        {
            "name": "Arm_L",
            "time": [0.0, 0.0833, 0.1667, 0.25, 0.35],
            "transform": [
                [0.751551, 0.309213, -0.582715, 0.0, -0.279447, -0.650933, -0.705827, 0.39386, -0.597561, 0.693302, -0.402801, -0.0, 0.0, 0.0, 0.0, 1.0],
                [0.813221, 0.1396, -0.564961, 0.0, -0.376729, -0.61365, -0.693905, 0.39386, -0.443558, 0.777136, -0.446443, 0.0, 0.0, 0.0, 0.0, 1.0],
                [0.874376, -0.035862, -0.483918, 0.0, -0.421267, -0.551042, -0.720335, 0.39386, -0.240828, 0.833703, -0.496927, -0.0, 0.0, 0.0, 0.0, 1.0],
                [0.787388, 0.164618, -0.59407, -0.0, -0.443181, -0.51869, -0.731127, 0.39386, -0.428495, 0.838961, -0.335455, -0.0, 0.0, 0.0, 0.0, 1.0],
                [0.702192, 0.39531, -0.592159, -0.0, -0.480906, -0.349969, -0.803895, 0.39386, -0.525026, 0.849262, -0.055639, 0.0, 0.0, 0.0, 0.0, 1.0]
            ]
        },
        {
            "name": "Hand_L",
            "time": [0.0, 0.0833, 0.1667, 0.25, 0.35],
            "transform": [
                [1.000001, -0.0, -0.0, 0.0, -0.0, 0.999999, -0.001006, 0.300002, -0.0, 0.001006, 1.000001, 0.0, 0.0, 0.0, 0.0, 1.0],
                [1.0, 0.0, -0.0, 0.0, -0.0, 0.999998, -0.001007, 0.300003, 0.0, 0.001007, 1.000001, -0.0, 0.0, 0.0, 0.0, 1.0],
                [1.000001, 0.0, -0.0, -0.0, 0.0, 0.999998, -0.001008, 0.300003, -0.0, 0.001008, 1.000001, -0.0, 0.0, 0.0, 0.0, 1.0],
                [1.000001, 0.0, -0.0, -0.0, -0.0, 0.999999, -0.00101, 0.300003, -0.0, 0.00101, 1.000001, 0.0, 0.0, 0.0, 0.0, 1.0],
                [1.000001, 0.0, 0.0, 0.0, 0.0, 0.999998, -0.001008, 0.300002, 0.0, 0.001008, 1.000001, 0.0, 0.0, 0.0, 0.0, 1.0]
            ]
        },
        {
            "name": "Tool_L",
            "time": [0.0, 0.35],
            "transform": [
                [1.0, -0.0, 0.0, 0.0, 0.0, -0.999559, -0.029689, 0.271711, 0.0, 0.029689, -0.99956, -0.028915, 0.0, 0.0, 0.0, 1.0],
                [1.0, -0.0, 0.0, 0.0, 0.0, -0.999559, -0.029689, 0.271711, 0.0, 0.029689, -0.99956, -0.028915, 0.0, 0.0, 0.0, 1.0]
            ]
        },
        {
            "name": "Elbow_L",
            "time": [0.0, 0.35],
            "transform": [
                [-1.0, 0.0, -0.0, 0.0, 0.0, 0.003946, -0.999992, 0.300007, -0.0, -0.999993, -0.003946, -0.001252, 0.0, 0.0, 0.0, 1.0],
                [-1.0, 0.0, -0.0, 0.0, 0.0, 0.003946, -0.999992, 0.300007, -0.0, -0.999993, -0.003946, -0.001252, 0.0, 0.0, 0.0, 1.0]
            ]
        }
    ]
}