{
    "animation": [
        {
            "name": "Root",
            "time": [0.0, 0.2],
            "transform": [
                [1.0, 0.0, 0.0, -5e-06, 0.0, 0.0, -1.0, 0.000946, 0.0, 1.0, 0.0, 0.763972, 0.0, 0.0, 0.0, 1.0],
                [1.0, 0.0, 0.0, -5e-06, 0.0, 0.0, -1.0, 0.000946, 0.0, 1.0, 0.0, 0.763972, 0.0, 0.0, 0.0, 1.0]
            ]
        },
        {
            "name": "Thigh_R",
            "time": [0.0, 0.2],
            "transform": [
                [0.996088, 0.08805, 0.007469, 0.124994, 0.088366, -0.992521, -0.084197, -0.002831, -0.0, 0.084528, -0.996421, -1.2e-05, 0.0, 0.0, 0.0, 1.0],
                [0.996088, 0.08805, 0.007469, 0.124994, 0.088366, -0.992521, -0.084197, -0.002831, -0.0, 0.084528, -0.996421, -1.2e-05, 0.0, 0.0, 0.0, 1.0]
            ]
        },
        {
            "name": "Leg_R",
            "time": [0.0, 0.2],
            "transform": [
                [0.999363, 0.010115, -0.034235, -0.0, 0.004203, 0.919007, 0.39422, 0.37472, 0.035449, -0.394113, 0.918378, 0.0, 0.0, 0.0, 0.0, 1.0],
                [0.999363, 0.010115, -0.034235, -0.0, 0.004203, 0.919007, 0.39422, 0.37472, 0.035449, -0.394113, 0.918378, 0.0, 0.0, 0.0, 0.0, 1.0]
            ]
        },
        {
            "name": "Knee_R",
            "time": [0.0, 0.2],
            "transform": [
                [1.0, 0.0, -0.0, 0.000102, -0.0, 1e-06, -1.0, 0.367835, -0.0, 1.0, 1e-06, 0.001145, 0.0, 0.0, 0.0, 1.0],
                [1.0, 0.0, -0.0, 0.000102, -0.0, 1e-06, -1.0, 0.367835, -0.0, 1.0, 1e-06, 0.001145, 0.0, 0.0, 0.0, 1.0]
            ]
        },
        {
            "name": "Thigh_L",
            "time": [0.0, 0.2],
            "transform": [
                [0.999545, -0.029936, -0.003489, -0.125006, -0.030103, -0.997297, -0.067026, -0.002831, -0.001473, 0.067101, -0.997745, -1.2e-05, 0.0, 0.0, 0.0, 1.0],
                [0.999545, -0.029936, -0.003489, -0.125006, -0.030103, -0.997297, -0.067026, -0.002831, -0.001473, 0.067101, -0.997745, -1.2e-05, 0.0, 0.0, 0.0, 1.0]
            ]
        },
        {
            "name": "Leg_L",
            "time": [0.0, 0.2],
            "transform": [
                [0.999926, -0.003823, 0.011562, 0.0, -0.001062, 0.918446, 0.395544, 0.37472, -0.012131, -0.395526, 0.918375, -0.0, 0.0, 0.0, 0.0, 1.0],
                [0.999926, -0.003823, 0.011562, 0.0, -0.001062, 0.918446, 0.395544, 0.37472, -0.012131, -0.395526, 0.918375, -0.0, 0.0, 0.0, 0.0, 1.0]
            ]
        },
        {
            "name": "Knee_L",
            "time": [0.0, 0.2],
            "transform": [
                [1.0, 0.0, -0.0, 0.000578, -0.0, 1e-06, -1.0, 0.375919, -0.0, 1.0, 1e-06, -0.000452, 0.0, 0.0, 0.0, 1.0],
                [1.0, 0.0, -0.0, 0.000578, -0.0, 1e-06, -1.0, 0.375919, -0.0, 1.0, 1e-06, -0.000452, 0.0, 0.0, 0.0, 1.0]
            ]
        },
        {
            "name": "Torso",
            "time": [0.0, 0.2],
            "transform": [
                [1.0, 0.0, 0.0, 0.0, 0.0, 1.0, 0.0, 0.05, 0.0, 0.0, 1.0, 0.0, 0.0, 0.0, 0.0, 1.0],
                [1.0, 0.0, 0.0, 0.0, 0.0, 1.0, 0.0, 0.05, 0.0, 0.0, 1.0, 0.0, 0.0, 0.0, 0.0, 1.0]
            ]
        },
        {
            "name": "Chest",
            "time": [0.0, 0.2],
            "transform": [
                [1.0, 0.0, 0.0, 0.0, 0.0, 1.0, 0.0, 0.3, 0.0, 0.0, 1.0, 0.0, 0.0, 0.0, 0.0, 1.0],
                [1.0, 0.0, 0.0, 0.0, 0.0, 1.0, 0.0, 0.3, 0.0, 0.0, 1.0, 0.0, 0.0, 0.0, 0.0, 1.0]
            ]
        },
        {
            "name": "Head",
            "time": [0.0, 0.2],
            "transform": [
                [1.0, 0.0, 0.0, 0.0, 0.0, 1.0, 0.0, 0.4, 0.0, 0.0, 1.0, 0.0, 0.0, 0.0, 0.0, 1.0],
                [1.0, 0.0, 0.0, 0.0, 0.0, 1.0, 0.0, 0.4, 0.0, 0.0, 1.0, 0.0, 0.0, 0.0, 0.0, 1.0]
            ]
        },
        {
            "name": "Shoulder_R",
            "time": [0.0, 0.2],
            "transform": [
                [0.672343, 0.704792, 0.226323, 0.0, 0.147149, -0.426894, 0.892249, 0.4, 0.725467, -0.566594, -0.390728, 0.0, 0.0, 0.0, 0.0, 1.0],
                [0.672343, 0.704792, 0.226323, 0.0, 0.101985, -0.391023, 0.914713, 0.4, 0.733181, -0.59192, -0.334779, 0.0, 0.0, 0.0, 0.0, 1.0]
            ]
        },
        {
            "name": "Arm_R",
            "time": [0.0, 0.05, 0.1, 0.15, 0.2],
            "transform": [
                [0.419846, -0.470806, -0.775932, 0.093551, -0.233513, 0.770116, -0.593627, 0.653582, 0.877041, 0.430422, 0.213391, 0.1088, 0.0, 0.0, 0.0, 1.0],
                [0.43586, -0.498133, -0.749593, 0.093401, -0.220282, 0.748493, -0.625487, 0.654024, 0.872641, 0.437746, 0.216508, 0.107868, 0.0, 0.0, 0.0, 1.0],
                [0.378406, -0.516269, -0.768293, 0.093038, -0.248525, 0.742872, -0.621592, 0.655158, 0.891652, 0.426155, 0.152801, 0.105414, 0.0, 0.0, 0.0, 1.0],
                [0.395053, -0.453428, -0.79896, 0.092721, -0.239336, 0.788869, -0.566043, 0.656256, 0.886934, 0.414836, 0.203123, 0.102937, 0.0, 0.0, 0.0, 1.0],
                [0.419846, -0.470806, -0.775932, 0.092611, -0.233513, 0.770116, -0.593627, 0.656666, 0.877041, 0.430422, 0.213391, 0.101985, 0.0, 0.0, 0.0, 1.0]
            ]
        },
        {
            "name": "Hand_R",
            "time": [0.0, 0.2],
            "transform": [
                [1.0, -0.0, 0.0, -0.0, 0.0, 0.686318, -0.727302, 0.3, 0.0, 0.727302, 0.686318, -0.0, 0.0, 0.0, 0.0, 1.0],
                [1.0, -0.0, 0.0, 0.0, 0.0, 0.686318, -0.727302, 0.3, 0.0, 0.727302, 0.686318, 0.0, 0.0, 0.0, 0.0, 1.0]
            ]
        },
        {
            "name": "Tool_R",
            "time": [0.0, 0.2],
            "transform": [
                [1.0, 0.0, 0.0, 0.0, 0.0, -0.999836, 0.018122, 0.272858, 0.0, -0.018122, -0.999244, -0.0, 0.0, 0.0, 0.0, 1.0],
                [1.0, 0.0, 0.0, -0.0, 0.0, -0.999836, 0.018122, 0.272858, 0.0, -0.018122, -0.999244, -0.0, 0.0, 0.0, 0.0, 1.0]
            ]
        },
        {
            "name": "Elbow_R",
            "time": [0.0, 0.2],
            "transform": [
                [-1.0, 0.0, -0.0, 0.000478, 0.0, 0.0, -1.0, 0.386455, -0.0, -1.0, 0.0, 0.001126, 0.0, 0.0, 0.0, 1.0],
                [-1.0, 0.0, -0.0, 0.000479, 0.0, -0.0, -1.0, 0.386455, -0.0, -1.0, 0.0, 0.001126, 0.0, 0.0, 0.0, 1.0]
            ]
        },
        {
            "name": "Shoulder_L",
            "time": [0.0, 0.2],
            "transform": [
                [0.672961, -0.704258, -0.226152, 0.0, -0.147037, -0.42701, 0.892212, 0.4, -0.724916, -0.567171, -0.390913, 0.0, 0.0, 0.0, 0.0, 1.0],
                [0.672961, -0.704258, -0.226152, 0.0, -0.101907, -0.391104, 0.914687, 0.4, -0.732624, -0.592502, -0.334966, 0.0, 0.0, 0.0, 0.0, 1.0]
            ]
        },
        {
            "name": "Arm_L",
            "time": [0.0, 0.05, 0.1, 0.15, 0.2],
            "transform": [
                [0.384324, 0.513279, 0.767359, -0.089392, 0.220833, 0.755954, -0.616252, 0.64888, -0.896397, 0.406298, 0.177182, 0.107354, 0.0, 0.0, 0.0, 1.0],
                [0.398378, 0.538558, 0.742462, -0.089242, 0.239531, 0.720293, -0.651001, 0.649323, -0.885392, 0.437187, 0.157947, 0.106422, 0.0, 0.0, 0.0, 1.0],
                [0.373999, 0.555536, 0.742634, -0.08888, 0.207201, 0.730454, -0.650773, 0.650457, -0.903987, 0.397262, 0.158082, 0.103968, 0.0, 0.0, 0.0, 1.0],
                [0.388638, 0.528116, 0.755019, -0.088563, 0.22736, 0.739128, -0.634032, 0.651555, -0.892898, 0.41807, 0.167181, 0.101492, 0.0, 0.0, 0.0, 1.0],
                [0.384324, 0.513279, 0.767359, -0.088453, 0.220833, 0.755954, -0.616252, 0.651965, -0.896397, 0.406298, 0.177182, 0.10054, 0.0, 0.0, 0.0, 1.0]
            ]
        },
        {
            "name": "Hand_L",
            "time": [0.0, 0.2],
            "transform": [
                [1.0, -0.0, 0.0, -0.0, 0.0, 0.894433, -0.447202, 0.3, -0.0, 0.447202, 0.894433, -0.0, 0.0, 0.0, 0.0, 1.0],
                [1.0, -0.0, 0.0, -0.0, 0.0, 0.894433, -0.447202, 0.3, -0.0, 0.447202, 0.894433, -0.0, 0.0, 0.0, 0.0, 1.0]
            ]
        },
        {
            "name": "Tool_L",
            "time": [0.0, 0.2],
            "transform": [
                [1.0, 0.0, 0.0, 0.0, 0.0, -0.999836, 0.018122, 0.272858, 0.0, -0.018122, -0.999248, 0.0, 0.0, 0.0, 0.0, 1.0],
                [1.0, 0.0, 0.0, 0.0, 0.0, -0.999836, 0.018122, 0.272858, 0.0, -0.018122, -0.999248, 0.0, 0.0, 0.0, 0.0, 1.0]
            ]
        },
        {
            "name": "Elbow_L",
            "time": [0.0, 0.2],
            "transform": [
                [-1.0, 0.0, -0.0, -0.0014, 0.0, -0.0, -1.0, 0.359551, -0.0, -1.0, -0.0, 0.000693, 0.0, 0.0, 0.0, 1.0],
                [-1.0, 0.0, -0.0, -0.0014, 0.0, -0.0, -1.0, 0.359551, -0.0, -1.0, -0.0, 0.000693, 0.0, 0.0, 0.0, 1.0]
            ]
        }
    ],
    "camera": {
        "time": [0.0, 0.05, 0.1, 0.15, 0.2, 0.25, 0.3],
        "transform": [
            {
                "loc": [0.0, 0.0, 0.0],
                "rot": [1.0, 0.0, 0.0, 0.0],
                "sca": [1.0, 1.0, 1.0]
            },
            {
                "loc": [0.044529, -0.010435, 0.0],
                "rot": [0.999999, 0.0, 0.0, 0.0014],
                "sca": [1.0, 1.0, 1.0]
            },
            {
                "loc": [0.011243, 0.058172, -0.0],
                "rot": [0.999967, 0.0, -0.0, -0.008146],
                "sca": [1.0, 1.0, 1.0]
            },
            {
                "loc": [-0.026841, -0.029709, -0.0],
                "rot": [0.999976, 0.0, 0.0, 0.006945],
                "sca": [1.0, 1.0, 1.0]
            },
            {
                "loc": [0.050108, -0.020415, 0.0],
                "rot": [0.999975, 0.0, -0.0, -0.007112],
                "sca": [1.0, 1.0, 1.0]
            },
            {
                "loc": [-0.036039, 0.074116, -0.0],
                "rot": [0.999979, 0.0, 0.0, 0.00649],
                "sca": [1.0, 1.0, 1.0]
            },
            {
                "loc": [0.0, 0.0, 0.0],
                "rot": [1.0, 0.0, 0.0, 0.0],
                "sca": [1.0, 1.0, 1.0]
            }
        ]
    },
    "visibilities": {
    	"leftArm": true,
    	"leftSleeve": true,
    	"rightArm": true,
    	"rightSleeve": true,
    	"others": false
    }
}