{
    "animation": [
        {
            "name": "Root",
            "time": [0.0, 1.1667],
            "transform": [
                [0.854689, 0.0, -0.51914, -5e-06, -0.51914, 0.0, -0.854689, 0.000946, 0.0, 1.0, 0.0, 0.763972, 0.0, 0.0, 0.0, 1.0],
                [0.854689, 0.0, -0.51914, -5e-06, -0.51914, 0.0, -0.854689, 0.000946, 0.0, 1.0, 0.0, 0.763972, 0.0, 0.0, 0.0, 1.0]
            ]
        },
        {
            "name": "Thigh_R",
            "time": [0.0, 1.1667],
            "transform": [
                [0.996122, 0.056386, -0.067528, 0.124994, 0.068868, -0.977426, 0.199728, -0.002831, -0.054742, -0.203604, -0.977522, -1.2e-05, 0.0, 0.0, 0.0, 1.0],
                [0.996122, 0.056386, -0.067528, 0.124994, 0.068868, -0.977426, 0.199728, -0.002831, -0.054742, -0.203604, -0.977522, -1.2e-05, 0.0, 0.0, 0.0, 1.0]
            ]
        },
        {
            "name": "Leg_R",
            "time": [0.0, 1.1667],
            "transform": [
                [1.0, -0.0, 2e-06, -0.0, -0.0, 0.966099, 0.258173, 0.37472, -2e-06, -0.258173, 0.966099, -0.0, 0.0, 0.0, 0.0, 1.0],
                [1.0, -0.0, 2e-06, -0.0, -0.0, 0.966099, 0.258173, 0.37472, -2e-06, -0.258173, 0.966099, -0.0, 0.0, 0.0, 0.0, 1.0]
            ]
        },
        {
            "name": "Knee_R",
            "time": [0.0, 1.1667],
            "transform": [
                [1.0, 0.0, -0.0, -0.0, -0.0, 1e-06, -1.0, 0.37472, -0.0, 1.0, 1e-06, -0.0, 0.0, 0.0, 0.0, 1.0],
                [1.0, 0.0, -0.0, -0.0, -0.0, 1e-06, -1.0, 0.37472, -0.0, 1.0, 1e-06, -0.0, 0.0, 0.0, 0.0, 1.0]
            ]
        },
        {
            "name": "Thigh_L",
            "time": [0.0, 1.1667],
            "transform": [
                [0.866489, -0.135609, -0.480425, -0.125006, -0.027108, -0.973757, 0.225969, -0.002831, -0.49846, -0.182775, -0.847426, -1.2e-05, 0.0, 0.0, 0.0, 1.0],
                [0.866489, -0.135609, -0.480425, -0.125006, -0.027108, -0.973757, 0.225969, -0.002831, -0.49846, -0.182775, -0.847426, -1.2e-05, 0.0, 0.0, 0.0, 1.0]
            ]
        },
        {
            "name": "Leg_L",
            "time": [0.0, 1.1667],
            "transform": [
                [1.0, -0.0, 1e-06, 0.0, 0.0, 0.970939, 0.239328, 0.37472, -1e-06, -0.239328, 0.970939, -0.0, 0.0, 0.0, 0.0, 1.0],
                [1.0, -0.0, 1e-06, 0.0, 0.0, 0.970939, 0.239328, 0.37472, -1e-06, -0.239328, 0.970939, -0.0, 0.0, 0.0, 0.0, 1.0]
            ]
        },
        {
            "name": "Knee_L",
            "time": [0.0, 1.1667],
            "transform": [
                [1.0, 0.0, -0.0, 0.0, -0.0, 1e-06, -1.0, 0.37472, -0.0, 1.0, 1e-06, -0.0, 0.0, 0.0, 0.0, 1.0],
                [1.0, 0.0, -0.0, 0.0, -0.0, 1e-06, -1.0, 0.37472, -0.0, 1.0, 1e-06, -0.0, 0.0, 0.0, 0.0, 1.0]
            ]
        },
        {
            "name": "Torso",
            "time": [0.0, 1.1667],
            "transform": [
                [0.99978, -0.020971, -0.000197, -0.0, 0.020971, 0.999603, 0.018833, 0.05, -0.000198, -0.018833, 0.999823, 0.0, 0.0, 0.0, 0.0, 1.0],
                [0.99978, -0.020971, -0.000197, -0.0, 0.020971, 0.999603, 0.018833, 0.05, -0.000198, -0.018833, 0.999823, 0.0, 0.0, 0.0, 0.0, 1.0]
            ]
        },
        {
            "name": "Chest",
            "time": [0.0, 1.1667],
            "transform": [
                [0.999989, 0.004581, -0.00067, -0.0, -0.004596, 0.999712, -0.023553, 0.3, 0.000562, 0.023556, 0.999722, 0.0, 0.0, 0.0, 0.0, 1.0],
                [0.999989, 0.004581, -0.00067, -0.0, -0.004596, 0.999712, -0.023553, 0.3, 0.000562, 0.023556, 0.999722, 0.0, 0.0, 0.0, 0.0, 1.0]
            ]
        },
        {
            "name": "Head",
            "time": [0.0, 1.1667],
            "transform": [
                [0.854266, 0.14658, 0.498742, 0.0, -0.005987, 0.962133, -0.272516, 0.4, -0.519801, 0.229815, 0.822795, -0.0, 0.0, 0.0, 0.0, 1.0],
                [0.85314, 0.040611, 0.520099, 0.0, -0.006283, 0.997693, -0.067597, 0.4, -0.521644, 0.054402, 0.851427, 0.0, 0.0, 0.0, 0.0, 1.0]
            ]
        },
        {
            "name": "Shoulder_R",
            "time": [0.0, 0.3333, 0.6667, 1.1667],
            "transform": [
                [0.851728, 0.502501, 0.148498, 0.0, -0.017992, -0.255188, 0.966724, 0.4, 0.523675, -0.826058, -0.208309, -0.0, 0.0, 0.0, 0.0, 1.0],
                [0.821838, 0.567826, -0.046432, 0.0, 0.331362, -0.410112, 0.84971, 0.4, 0.463445, -0.71371, -0.525201, -0.0, 0.0, 0.0, 0.0, 1.0],
                [0.871329, 0.488497, -0.046432, 0.0, 0.291565, -0.439297, 0.84971, 0.4, 0.394684, -0.753915, -0.525201, -0.0, 0.0, 0.0, 0.0, 1.0],
                [0.871329, 0.488497, -0.046432, 0.0, 0.291565, -0.439297, 0.84971, 0.4, 0.394684, -0.753915, -0.525201, 0.0, 0.0, 0.0, 0.0, 1.0]
            ]
        },
        {
            "name": "Arm_R",
            "time": [0.0, 0.6667, 1.1667],
            "transform": [
                [-0.014975, -0.990323, -0.137975, -0.034547, -0.359484, 0.134096, -0.923466, 0.369049, 0.933031, 0.035771, -0.358013, 0.00962, 0.0, 0.0, 0.0, 1.0],
                [-0.014975, -0.971044, 0.23843, 0.014882, -0.359484, -0.217284, -0.907501, 0.462565, 0.933031, -0.099302, -0.345821, 0.03338, 0.0, 0.0, 0.0, 1.0],
                [-0.014975, -0.96559, 0.259638, 0.017754, -0.359484, -0.237105, -0.902526, 0.467999, 0.933031, -0.106851, -0.343563, 0.03476, 0.0, 0.0, 0.0, 1.0]
            ]
        },
        {
            "name": "Hand_R",
            "time": [0.0, 1.1667, 0.6667],
            "transform": [
                [1.0, -0.0, -0.0, -0.0, 0.0, 0.977675, -0.210122, 0.3, 0.0, 0.210122, 0.977675, -0.0, 0.0, 0.0, 0.0, 1.0],
                [1.0, -0.0, 0.0, 0.0, 0.0, 0.238887, -0.971047, 0.3, 0.0, 0.971047, 0.238887, -0.0, 0.0, 0.0, 0.0, 1.0],
                [1.0, -0.0, 0.0, 0.0, 0.0, 0.177075, -0.984197, 0.3, 0.0, 0.984197, 0.177075, -0.0, 0.0, 0.0, 0.0, 1.0]
            ]
        },
        {
            "name": "Tool_R",
            "time": [0.0, 1.1667],
            "transform": [
                [1.0, 0.0, 0.0, -0.0, 0.0, -0.999836, 0.018122, 0.272858, 0.0, -0.018122, -0.999244, 0.0, 0.0, 0.0, 0.0, 1.0],
                [1.0, 0.0, 0.0, -0.0, 0.0, -0.999836, 0.018122, 0.272858, 0.0, -0.018122, -0.999244, 0.0, 0.0, 0.0, 0.0, 1.0]
            ]
        },
        {
            "name": "Elbow_R",
            "time": [0.0, 0.6667, 1.1667],
            "transform": [
                [-1.0, 0.0, -0.0, -0.0, 0.0, -0.0, -1.0, 0.3, -0.0, -1.0, 0.0, -0.0, 0.0, 0.0, 0.0, 1.0],
                [-1.0, 0.0, -0.0, -4.3e-05, 0.0, -0.0, -1.0, 0.44469, -0.0, -1.0, 0.0, 0.002222, 0.0, 0.0, 0.0, 1.0],
                [-1.0, 0.0, -0.0, -4.3e-05, 0.0, -0.0, -1.0, 0.44469, -0.0, -1.0, 0.0, 0.002221, 0.0, 0.0, 0.0, 1.0]
            ]
        },
        {
            "name": "Shoulder_L",
            "time": [0.0, 0.3333, 0.6667, 1.1667],
            "transform": [
                [-0.313749, -0.90099, -0.29963, 0.0, 0.011387, -0.319112, 0.947648, 0.4, -0.949438, 0.293912, 0.110381, -0.0, 0.0, 0.0, 0.0, 1.0],
                [-0.281766, -0.824791, -0.490232, 0.0, -0.371349, -0.377372, 0.848346, 0.4, -0.884708, 0.421082, -0.199954, -0.0, 0.0, 0.0, 0.0, 1.0],
                [-0.357649, -0.794833, -0.490232, 0.0, -0.405006, -0.340998, 0.848346, 0.4, -0.841461, 0.501957, -0.199954, -0.0, 0.0, 0.0, 0.0, 1.0],
                [-0.357649, -0.794833, -0.490232, 0.0, -0.405006, -0.340998, 0.848346, 0.4, -0.841461, 0.501957, -0.199954, 0.0, 0.0, 0.0, 0.0, 1.0]
            ]
        },
        {
            "name": "Arm_L",
            "time": [0.0, 1.1667],
            "transform": [
                [-0.438166, 0.896936, -0.059302, 0.279393, -0.718717, -0.389198, -0.576169, 0.586421, -0.539867, -0.209836, 0.815176, -0.198529, 0.0, 0.0, 0.0, 1.0],
                [-0.438166, 0.896936, -0.059302, 0.279393, -0.718717, -0.389198, -0.576169, 0.586421, -0.539867, -0.209836, 0.815176, -0.198529, 0.0, 0.0, 0.0, 1.0]
            ]
        },
        {
            "name": "Hand_L",
            "time": [0.0, 1.1667],
            "transform": [
                [1.0, -0.0, 0.0, 0.0, 0.0, 0.963587, -0.267396, 0.3, 0.0, 0.267396, 0.963587, 0.0, 0.0, 0.0, 0.0, 1.0],
                [1.0, -0.0, 0.0, -0.0, 0.0, 0.963587, -0.267396, 0.3, 0.0, 0.267396, 0.963587, 0.0, 0.0, 0.0, 0.0, 1.0]
            ]
        },
        {
            "name": "Tool_L",
            "time": [0.0, 1.1667],
            "transform": [
                [0.556723, -0.210458, 0.803597, 0.116672, 0.828902, 0.204324, -0.520743, 0.08485, -0.054559, 0.955452, 0.288025, 0.241635, 0.0, 0.0, 0.0, 1.0],
                [0.556723, -0.210458, 0.803597, 0.116672, 0.828902, 0.204324, -0.520743, 0.08485, -0.054559, 0.955452, 0.288025, 0.241635, 0.0, 0.0, 0.0, 1.0]
            ]
        },
        {
            "name": "Elbow_L",
            "time": [0.0, 1.1667],
            "transform": [
                [-1.0, 0.0, 0.0, 0.0, 0.0, -0.0, -1.0, 0.3, -0.0, -1.0, -0.0, 0.0, 0.0, 0.0, 0.0, 1.0],
                [-1.0, 0.0, -0.0, -0.0, 0.0, -0.0, -1.0, 0.3, -0.0, -1.0, -0.0, 0.0, 0.0, 0.0, 0.0, 1.0]
            ]
        }
    ]
}