{
    "animation": [
        {
            "name": "Root",
            "time": [0.0, 1.8, 3.5, 5.3333],
            "transform": [
                [0.854689, 0.0, -0.51914, -5e-06, -0.51914, 0.0, -0.854689, 0.000946, 0.0, 1.0, 0.0, 0.763972, 0.0, 0.0, 0.0, 1.0],
                [0.854689, 0.0, -0.51914, 0.007796, -0.51914, 0.0, -0.854689, 0.000946, 0.0, 1.0, 0.0, 0.771772, 0.0, 0.0, 0.0, 1.0],
                [0.854689, 0.0, -0.51914, -0.015606, -0.51914, 0.0, -0.854689, 0.000946, 0.0, 1.0, 0.0, 0.775672, 0.0, 0.0, 0.0, 1.0],
                [0.854689, 0.0, -0.51914, -5e-06, -0.51914, 0.0, -0.854689, 0.000946, 0.0, 1.0, 0.0, 0.763972, 0.0, 0.0, 0.0, 1.0]
            ]
        },
        {
            "name": "Thigh_R",
            "time": [0.0, 5.3333],
            "transform": [
                [0.996122, 0.056386, -0.067528, 0.124994, 0.068868, -0.977426, 0.199728, -0.002831, -0.054742, -0.203604, -0.977522, -1.2e-05, 0.0, 0.0, 0.0, 1.0],
                [0.996122, 0.056386, -0.067528, 0.124994, 0.068868, -0.977426, 0.199728, -0.002831, -0.054742, -0.203604, -0.977522, -1.2e-05, 0.0, 0.0, 0.0, 1.0]
            ]
        },
        {
            "name": "Leg_R",
            "time": [0.0, 5.3333],
            "transform": [
                [1.0, -0.0, 2e-06, -0.0, -0.0, 0.9661, 0.258173, 0.37472, -2e-06, -0.258173, 0.966098, -0.0, 0.0, 0.0, 0.0, 1.0],
                [1.0, -0.0, 2e-06, -0.0, -0.0, 0.9661, 0.258173, 0.37472, -2e-06, -0.258173, 0.966098, -0.0, 0.0, 0.0, 0.0, 1.0]
            ]
        },
        {
            "name": "Knee_R",
            "time": [0.0, 5.3333],
            "transform": [
                [1.0, 0.0, -0.0, -0.0, -0.0, 1e-06, -1.0, 0.37472, -0.0, 1.0, 1e-06, -0.0, 0.0, 0.0, 0.0, 1.0],
                [1.0, 0.0, -0.0, -0.0, -0.0, 1e-06, -1.0, 0.37472, -0.0, 1.0, 1e-06, -0.0, 0.0, 0.0, 0.0, 1.0]
            ]
        },
        {
            "name": "Thigh_L",
            "time": [0.0, 5.3333],
            "transform": [
                [0.866488, -0.135609, -0.480424, -0.125006, -0.027108, -0.973757, 0.225969, -0.002831, -0.49846, -0.182775, -0.847425, -1.2e-05, 0.0, 0.0, 0.0, 1.0],
                [0.866488, -0.135609, -0.480424, -0.125006, -0.027108, -0.973757, 0.225969, -0.002831, -0.49846, -0.182775, -0.847425, -1.2e-05, 0.0, 0.0, 0.0, 1.0]
            ]
        },
        {
            "name": "Leg_L",
            "time": [0.0, 5.3333],
            "transform": [
                [1.0, -0.0, 1e-06, -0.0, 0.0, 0.970939, 0.239328, 0.37472, -1e-06, -0.239328, 0.970939, 0.0, 0.0, 0.0, 0.0, 1.0],
                [1.0, -0.0, 1e-06, -0.0, 0.0, 0.970939, 0.239328, 0.37472, -1e-06, -0.239328, 0.970939, 0.0, 0.0, 0.0, 0.0, 1.0]
            ]
        },
        {
            "name": "Knee_L",
            "time": [0.0, 5.3333],
            "transform": [
                [1.0, 0.0, -0.0, -0.0, -0.0, 1e-06, -1.0, 0.37472, -0.0, 1.0, 1e-06, 0.0, 0.0, 0.0, 0.0, 1.0],
                [1.0, 0.0, -0.0, -0.0, -0.0, 1e-06, -1.0, 0.37472, -0.0, 1.0, 1e-06, 0.0, 0.0, 0.0, 0.0, 1.0]
            ]
        },
        {
            "name": "Torso",
            "time": [0.0, 5.3333],
            "transform": [
                [0.99978, -0.020971, -0.000197, -0.0, 0.020971, 0.999603, 0.018833, 0.05, -0.000198, -0.018833, 0.999823, 0.0, 0.0, 0.0, 0.0, 1.0],
                [0.99978, -0.020971, -0.000197, -0.0, 0.020971, 0.999603, 0.018833, 0.05, -0.000198, -0.018833, 0.999823, 0.0, 0.0, 0.0, 0.0, 1.0]
            ]
        },
        {
            "name": "Chest",
            "time": [0.0, 2.6667, 5.3333],
            "transform": [
                [0.999989, 0.004581, -0.00067, 0.0, -0.004596, 0.999712, -0.023553, 0.3, 0.000562, 0.023556, 0.999722, 0.0, 0.0, 0.0, 0.0, 1.0],
                [0.999896, 0.014384, -0.001134, -0.0, -0.014418, 0.999108, -0.039688, 0.3, 0.000562, 0.0397, 0.999211, -0.0, 0.0, 0.0, 0.0, 1.0],
                [0.999989, 0.004581, -0.00067, 0.0, -0.004596, 0.999712, -0.023553, 0.3, 0.000562, 0.023556, 0.999722, 0.0, 0.0, 0.0, 0.0, 1.0]
            ]
        },
        {
            "name": "Head",
            "time": [0.0, 5.3333],
            "transform": [
                [0.85311, 0.037721, 0.520365, 0.0, -0.006297, 0.998055, -0.062025, 0.4, -0.521693, 0.049637, 0.851688, 0.0, 0.0, 0.0, 0.0, 1.0],
                [0.85311, 0.037721, 0.520365, 0.0, -0.006297, 0.998055, -0.062025, 0.4, -0.521693, 0.049637, 0.851688, 0.0, 0.0, 0.0, 0.0, 1.0]
            ]
        },
        {
            "name": "Shoulder_R",
            "time": [0.0, 5.3333],
            "transform": [
                [0.851728, 0.502501, 0.148498, 0.0, -0.017992, -0.255188, 0.966724, 0.4, 0.523675, -0.826058, -0.208309, 0.0, 0.0, 0.0, 0.0, 1.0],
                [0.851728, 0.502501, 0.148498, 0.0, -0.017992, -0.255188, 0.966724, 0.4, 0.523675, -0.826058, -0.208309, 0.0, 0.0, 0.0, 0.0, 1.0]
            ]
        },
        {
            "name": "Arm_R",
            "time": [0.0, 5.3333],
            "transform": [
                [-0.098874, -0.653939, -0.750058, 0.057151, -0.204973, 0.750972, -0.627716, 0.273272, 0.973761, 0.091677, -0.208292, -0.244141, 0.0, 0.0, 0.0, 1.0],
                [-0.098874, -0.653939, -0.750058, 0.057151, -0.204973, 0.750972, -0.627716, 0.273272, 0.973761, 0.091677, -0.208292, -0.244141, 0.0, 0.0, 0.0, 1.0]
            ]
        },
        {
            "name": "Hand_R",
            "time": [0.0, 5.3333],
            "transform": [
                [1.0, -0.0, 0.0, -0.0, 0.0, 0.177075, -0.984197, 0.3, 0.0, 0.984197, 0.177075, 0.0, 0.0, 0.0, 0.0, 1.0],
                [1.0, -0.0, 0.0, -0.0, 0.0, 0.177075, -0.984197, 0.3, 0.0, 0.984197, 0.177075, 0.0, 0.0, 0.0, 0.0, 1.0]
            ]
        },
        {
            "name": "Tool_R",
            "time": [0.0, 5.3333],
            "transform": [
                [1.0, 0.0, 0.0, -0.0, 0.0, -0.999836, 0.018122, 0.272858, 0.0, -0.018122, -0.999244, 0.0, 0.0, 0.0, 0.0, 1.0],
                [1.0, 0.0, 0.0, -0.0, 0.0, -0.999836, 0.018122, 0.272858, 0.0, -0.018122, -0.999244, 0.0, 0.0, 0.0, 0.0, 1.0]
            ]
        },
        {
            "name": "Elbow_R",
            "time": [0.0, 5.3333],
            "transform": [
                [-1.0, 0.0, -0.0, 0.0, 0.0, 0.0, -1.0, 0.398921, -0.0, -1.0, 0.0, -0.0, 0.0, 0.0, 0.0, 1.0],
                [-1.0, 0.0, -0.0, 0.0, 0.0, 0.0, -1.0, 0.398921, -0.0, -1.0, 0.0, -0.0, 0.0, 0.0, 0.0, 1.0]
            ]
        },
        {
            "name": "Shoulder_L",
            "time": [0.0, 5.3333],
            "transform": [
                [-0.313749, -0.90099, -0.29963, 0.0, 0.011387, -0.319112, 0.947648, 0.4, -0.949438, 0.293912, 0.110381, 0.0, 0.0, 0.0, 0.0, 1.0],
                [-0.313749, -0.90099, -0.29963, 0.0, 0.011387, -0.319112, 0.947648, 0.4, -0.949438, 0.293912, 0.110381, 0.0, 0.0, 0.0, 0.0, 1.0]
            ]
        },
        {
            "name": "Arm_L",
            "time": [0.0, 5.3333],
            "transform": [
                [-0.438166, 0.896936, -0.059302, 0.279393, -0.718717, -0.389198, -0.576169, 0.586421, -0.539867, -0.209836, 0.815176, -0.198529, 0.0, 0.0, 0.0, 1.0],
                [-0.438166, 0.896936, -0.059302, 0.279393, -0.718717, -0.389198, -0.576169, 0.586421, -0.539867, -0.209836, 0.815176, -0.198529, 0.0, 0.0, 0.0, 1.0]
            ]
        },
        {
            "name": "Hand_L",
            "time": [0.0, 5.3333],
            "transform": [
                [1.0, -0.0, 0.0, 0.0, 0.0, 0.963587, -0.267396, 0.3, -0.0, 0.267396, 0.963587, -0.0, 0.0, 0.0, 0.0, 1.0],
                [1.0, -0.0, 0.0, 0.0, 0.0, 0.963587, -0.267396, 0.3, -0.0, 0.267396, 0.963587, -0.0, 0.0, 0.0, 0.0, 1.0]
            ]
        },
        {
            "name": "Tool_L",
            "time": [0.0, 5.3333],
            "transform": [
                [0.556723, -0.210458, 0.803597, 0.116672, 0.828902, 0.204324, -0.520743, 0.08485, -0.054559, 0.955452, 0.288025, 0.241635, 0.0, 0.0, 0.0, 1.0],
                [0.556723, -0.210458, 0.803597, 0.116672, 0.828902, 0.204324, -0.520743, 0.08485, -0.054559, 0.955452, 0.288025, 0.241635, 0.0, 0.0, 0.0, 1.0]
            ]
        },
        {
            "name": "Elbow_L",
            "time": [0.0, 5.3333],
            "transform": [
                [-1.0, 0.0, -0.0, 0.0, 0.0, -0.0, -1.0, 0.3, -0.0, -1.0, -0.0, -0.0, 0.0, 0.0, 0.0, 1.0],
                [-1.0, 0.0, -0.0, 0.0, 0.0, -0.0, -1.0, 0.3, -0.0, -1.0, -0.0, -0.0, 0.0, 0.0, 0.0, 1.0]
            ]
        }
    ],
    "visibilities": {
    	"leftArm": true,
    	"leftSleeve": true,
    	"rightArm": true,
    	"rightSleeve": true,
    	"others": false
    }
}